Number= 021260
Name= GUNNARN
Country= SWEDEN
Lat=   65.0
Long=  -17.7
Height= 280
Start year= 1951
End year= 2018
First Good year= 1951
Source ID= 99
Source file= Jones
Jones data to= 2017
Normals source= Data
Normals source start year= 1961
Normals source end year= 1990
Normals= -13.6 -11.3  -6.4  -0.5   6.2  12.2  13.9  11.9   6.9   1.6  -6.5 -11.1 
Standard deviations source= Data
Standard deviations source start year= 1951
Standard deviations source end year= 1990
Standard deviations=   4.4   4.8   3.3   1.4   1.6   1.8   1.3   1.2   1.3   2.3   3.0   4.5 
Obs:
1951 -18.3 -12.7 -10.7  -0.6   3.4   8.9  11.3  13.9   8.5   3.0  -7.4  -7.6   506   506   506   506   506   506   506   506   506   506   506   506 
1952 -12.3 -11.9  -9.9   1.2   5.2  10.1  13.0   9.5   5.2  -2.2  -8.3 -12.8   506   506   506   506   506   506   506   506   506   506   506   506 
1953 -11.7 -15.1  -1.4   1.3   6.1 -99.0 -99.0  12.0 -99.0   4.1  -0.6  -4.1   506   506   506   506   506   -99   -99   506   -99   506   506   506 
1954 -11.2 -12.9  -4.8  -0.6   8.8  11.3 -99.0  12.4   7.3  -0.2  -6.7  -5.3   506   506   506   506   506   506   -99   506   506   506   506   506 
1955 -13.5 -12.6  -7.1 -99.0 -99.0 -99.0 -99.0 -99.0 -99.0 -99.0 -99.0 -99.0   506   506   506   -99   -99   -99   -99   -99   -99   -99   -99   -99 
1956 -99.0 -99.0 -99.0 -99.0 -99.0 -99.0 -99.0 -99.0 -99.0 -99.0 -99.0 -99.0   -99   -99   -99   -99   -99   -99   -99   -99   -99   -99   -99   -99 
1957 -99.0 -11.5  -8.0   0.4   5.0   9.1  15.5  11.5   6.2   0.9  -3.4  -8.6   -99   506   506   506   506   506   506   506   506   506   506   506 
1958 -16.1 -15.3 -10.7  -1.2   4.7  11.2  12.5  13.3   8.5   3.0   0.4 -13.5   506   506   506   506   506   506   506   506   506   506   506   506 
1959 -15.1  -3.5  -1.3   0.6   6.8  12.2  14.5  13.3   7.2   2.6  -3.9  -8.1   506   506   506   506   506   506   506   506   506   506   506   506 
1960 -15.1 -15.8  -6.1 -99.0   8.5  13.7  15.1  12.8   7.7  -4.1  -6.8 -99.0   506   506   506   -99   506   506   506   506   506   506   506   -99 
1961 -13.9  -5.2  -3.2  -1.6   5.8  13.3  14.4  11.9   8.4   6.1  -2.5 -14.1   506   506   506   506   506   506   506   506   506   506   506   506 
1962 -11.7 -12.1 -13.7   0.3   5.1   9.4  12.5  10.7   5.8   4.4  -5.2 -10.5   506   506   506   506   506   506   506   506   506   506   506   506 
1963 -13.6 -13.7  -9.3   0.9   9.7  11.6  13.0  12.9   9.1   3.2  -8.1  -9.0   506   506   506   506   506   506   506   506   506   506   506   506 
1964  -5.0 -11.6  -6.9   0.4   7.3  10.1  12.6  10.9   5.8   4.2  -4.9  -7.9   506   506   506   506   506   506   506   506   506   506   506   506 
1965 -13.8  -7.2  -7.1   0.5   4.1  12.0  12.0  11.1   9.0   3.5 -10.5 -19.3   506   506   506   506   506   506   506   506   506   506   506   506 
1966 -20.0 -22.5  -9.2  -3.5   5.5  15.2  13.5  11.2   5.4   0.8  -6.6  -9.0   506   506   506   506   506   506   506   506   506   506   506   506 
1967 -18.7  -7.0  -2.1  -0.3   5.5  11.2  13.2  13.2   8.8   1.5  -2.1 -19.2   506   506   506   506   506   506   506   506   506   506   506   506 
1968 -18.2 -13.1  -5.2   0.8   3.6  13.0  13.0  11.3   6.7  -4.4 -11.2  -6.6   506   506   506   506   506   506   506   506   506   506   506   506 
1969 -14.2 -17.7  -8.0  -0.6   4.0  13.4  13.8  15.4   6.4   2.5 -10.5 -13.9   506   506   506   506   506   506   506   506   506   506   506   506 
1970 -16.3 -19.2  -5.5  -2.7   5.8  15.5  14.3  12.3   6.4   1.3  -7.7  -6.0   506   506   506   506   506   506   506   506   506   506   506   506 
1971  -9.8 -10.2 -11.9  -1.8   5.4  11.2  13.3  11.8   6.5   1.2  -9.6  -6.6   506   506   506   506   506   506   506   506   506   506   506   506 
1972 -15.3  -9.9  -3.9  -0.2   5.7  13.7  16.3  12.1   6.7   2.2  -5.3  -3.2   506   506   506   506   506   506   506   506   506   506   506   506 
1973  -3.0  -9.6  -2.0  -1.4   5.8  12.3  17.2  11.5   4.5  -2.2  -8.6 -13.6   506   506   506   506   506   506   506   506   506   506   506   506 
1974  -5.8  -6.3  -5.9   1.9   6.5  12.6  13.4  12.0   9.1   0.8  -6.8 -10.2   506   506   506   506   506   506   506   506   506   506   506   506 
1975  -9.8  -3.9  -2.8  -1.1   6.7   9.8  13.5  12.2   8.4   2.5  -2.7  -7.1   506   506   506   506   506   506   506   506   506   506   506   506 
1976 -17.2  -8.0  -8.4  -0.7   8.0  10.9  12.9  12.9   4.1  -0.6  -5.4 -11.4   506   506   506   506   506   506   506   506   506   506   506   506 
1977 -12.6 -15.7  -3.5  -2.7   4.4  10.4  12.9  11.1   6.3   1.9  -5.5  -5.7   506   506   506   506   506   506   506   506   506   506   506   506 
1978 -12.4 -16.2  -7.3  -2.0   5.5  12.3  13.9  11.0   6.0   1.2  -5.9 -19.5   506   506   506   506   506   506   506   506   506   506   506   506 
1979 -18.8 -13.9  -4.6  -1.0   6.4  13.2  13.5  12.0   6.3  -0.8  -5.5 -10.5   506   506   506   506   506   506   506   506   506   506   506   506 
1980 -16.9 -16.8  -9.8   1.5   5.7  14.7  14.8  12.7   8.2  -1.8 -13.3 -13.5   506   506   506   506   506   506   506   506   506   506   506   506 
1981 -11.4 -12.5 -12.5  -0.1   7.7   9.9  14.2  11.0   7.4   0.9  -8.8 -19.2   506   506   506   506   506   506   506   506   506   506   506   506 
1982 -16.1  -6.6  -3.0   0.8   5.6   8.7  14.1  12.3   7.3   1.4  -4.0  -8.8   506   506   506   506   506   506   506   506   506   506   506   506 
1983 -10.2  -9.7  -5.9   0.6   8.0  11.1  14.1  11.3   7.9   1.4  -7.7 -10.7   506   506   506   506   506   506   506   506   506   506   506   506 
1984 -16.4  -7.0  -9.0   1.6  10.3  11.9  13.7  12.2   6.4   1.7  -7.6  -6.4   506   506   506   506   506   506   506   506   506   506   506   506 
1985 -19.0 -22.7  -5.6  -2.1   4.6  12.4  13.8  12.7   6.9   3.8  -9.6 -19.2   506   506   506   506   506   506   506   506   506   506   506   506 
1986 -20.5 -12.0  -2.5  -1.7   8.1  15.0  14.5   9.7   4.6   2.8  -2.6 -14.0   506   506   506   506   506   506   506   506   506   506   506   506 
1987 -21.6 -12.8  -9.5   0.0   5.4  11.4  13.0   9.6   6.3   5.0  -3.6  -9.7   506   506   506   506   506   506   506   506   506   506   506   506 
1988 -10.0 -10.3  -7.6  -2.3   7.1  15.0  17.4  12.3   8.7   0.9  -6.6 -10.8   506   506   506   506   506   506   506   506   506   506   506   506 
1989  -4.4  -5.3  -3.0   0.8   7.1  12.6  13.9  12.2   7.8   1.1  -2.3 -12.2   506   506   506   506   506   506   506   506   506   506   506   506 
1990 -12.3  -1.7  -2.2   1.7   6.8  12.6  14.7  13.5   6.9   2.9  -5.7  -4.9   506   506   506   506   506   506   506   506   506   506   506   506 
1991  -8.1 -14.9  -5.1   1.3   4.6  10.5  15.9  14.4   6.0   1.7  -3.2  -4.9   506   506   506   506   506   506   506   506   506   506   506   506 
1992  -5.7  -4.1  -1.8  -2.7   8.8  13.8  12.7  10.8   7.5  -5.9  -8.1  -4.1   506   506   506   506   506   506   506   506   506   506   506   506 
1993  -9.3  -7.5  -3.6   0.0   8.2   8.7  14.0  11.1   5.0  -0.5  -6.3 -11.6   506   506   506   506   506   506   506   506   506   506   506   506 
1994 -14.9 -17.5  -6.9   2.2   5.0  10.2  16.0  12.4   6.4   0.8  -6.3  -5.6   506   506   506   506   506   506   506   506   506   506   506   506 
1995  -9.2  -6.6  -3.2  -0.8   5.0  13.0  12.4  12.4   6.9   3.4  -7.0 -12.9   506   506   506   506   506   506   506   506   506   506   506   506 
1996  -7.8 -13.4  -5.2   1.0   5.1  11.3  13.5  14.0   7.3   3.2 -10.1 -12.0   506   506   506   506   506   506   506   506   506   506   506   506 
1997  -7.5  -8.2  -3.9  -2.2   4.7  13.3  16.8  13.9   9.2   0.3  -5.7  -8.8   506   506   506   506   506   506   506   506   506   506   506   506 
1998  -9.7 -10.6  -6.9  -2.1   5.5  11.1  14.6  11.6   8.6   1.7  -9.1  -8.5   506   506   506   506   506   506   506   506   506   506   506   506 
1999 -14.1 -11.2  -5.7   1.7   4.8  12.9  14.3  11.2   9.8   2.6   1.1 -13.2   506   506   506   506   506   506   506   506   506   506   506   506 
2000  -7.8  -7.4  -5.1   1.5   8.5  11.0  14.9  12.9   8.2   4.8   0.4  -7.5   506   506   506   506   506   506   506   506   506   506   506   506 
2001  -6.8 -14.3 -10.2  -0.1   6.4  12.8  14.7  12.8   9.1   2.7  -3.5 -11.0   506   506   506   506   506   506   506   506   506   506   506   506 
2002  -9.5  -5.4  -4.7   3.4   9.2  14.8  16.4  16.5   8.2  -1.2  -8.6 -12.7   506   506   506   506   506   506   506   506   506   506   506   506 
2003 -15.4  -7.5  -0.7   0.9   7.6  12.2  17.5  13.1   7.7   0.2  -5.4  -8.4   506   506   506   506   506   506   506   506   506   506   506   506 
2004 -12.7  -9.2  -4.1   2.6   7.2  10.4  13.8  13.1   8.2   1.1  -7.2  -6.0   506   506   506   506   506   506   506   506   506   506   506   506 
2005  -8.5  -9.9  -7.8   1.9   5.2  11.6  15.7  12.7   8.7   4.3  -1.7  -8.2   506   506   506   506   506   506   506   506   506   506   506   506 
2006  -9.3 -10.7 -10.3   0.6   7.3  13.0  15.1  15.9  10.2   0.8  -2.4  -3.0   506   506   506   506   506   506   506   506   506   506   506   506 
2007 -12.1 -13.6  -1.7   1.8   6.8  13.0  14.5  13.2   6.8   3.4  -6.3  -6.4   506   506   506   506   506   506   506   506   506   506   506   506 
2008  -6.3  -5.7  -5.8   0.9   6.4  12.1  15.0  11.3   6.7   2.0  -5.1  -8.4   506   506   506   506   506   506   506   506   506   506   506   506 
2009  -9.1 -15.2  -5.2   1.2   8.5  11.3  14.0  13.5   9.2  -0.7  -1.5 -11.8   506   506   506   506   506   506   506   506   506   506   506   506 
2010 -14.5 -15.9  -6.4   1.0   6.7  10.5  15.5  12.4   7.9   2.2 -12.1 -16.7   506   506   506   506   506   506   506   506   506   506   506   506 
2011 -11.6 -14.4  -4.8   3.8   7.1  13.7  16.6  13.0   9.7   3.0   0.6  -5.6   506   506   506   506   506   506   506   506   506   506   506   506 
2012  -9.9 -12.9  -1.4  -0.8   6.1  10.0  14.1  12.4   6.7   0.8  -2.3 -12.9   506   506   506   506   506   506   506   506   506   506   506   506 
2013 -12.8  -9.3  -9.8  -0.3   9.8  13.7  14.2  13.2   9.7   2.1  -3.4  -4.7   506   506   506   506   506   506   506   506   506   506   506   506 
2014 -12.6  -2.0  -1.2   2.1   7.2  11.8  18.1  14.0   8.0   1.4  -3.3  -7.4   506   506   506   506   506   506   506   506   506   506   506   506 
2015 -10.3  -3.9  -1.9   2.0   6.0   9.6  13.2  13.4   9.7   2.2  -3.1  -5.5   506   506   506   506   506   506   506   506   506   506   506   506 
2016 -15.2  -8.4  -2.0   1.2   7.9  12.3  15.2  11.5   9.5   2.0  -5.3  -5.9   506   506   506   506   506   506   506   506   506   506   506   506 
2017  -7.2  -6.9  -4.7 -99.0   5.9  11.7  13.6  12.0   8.3   2.1  -6.5  -7.9   506   506   506   -99   902   902   902   902   902   903   902   902 
2018 -11.4 -13.6  -9.8 -99.0  10.9  11.2  18.8  12.6   8.5   2.2  -2.7  -8.8   902   902   902   -99   902   902   902   902   902   902   903   902 
