Number= 021880
Name= RODKALLEN A
Country= SWEDEN
Lat=   65.3
Long=  -22.4
Height= 5
Start year= 1965
End year= 2017
First Good year= 1965
Source ID= 98
Source file= Jones
Jones data to= 2017
Normals source start year= 1965
Normals source end year= 1990
Normals= -99.0 -99.0 -99.0 -99.0 -99.0 -99.0 -99.0 -99.0 -99.0 -99.0 -99.0 -99.0 
Standard deviations source= Data
Standard deviations source start year= 1965
Standard deviations source end year= 1990
Obs:
1965  -8.1 -99.0 -99.0 -99.0   2.7  10.1  13.9  12.5  11.0   5.2  -4.5 -10.6   506   -99   -99   -99   506   506   506   506   506   506   506   506 
1966 -99.0 -99.0 -99.0 -99.0 -99.0  11.6  16.2  14.1   7.3   2.8   0.6  -3.8   -99   -99   -99   -99   -99   506   506   506   506   506   506   506 
1967 -14.4 -99.0 -99.0 -99.0   2.2   9.4  13.1  13.9  11.8   5.4   2.9 -10.8   506   -99   -99   -99   506   506   506   506   506   506   506   506 
1968 -99.0 -99.0 -99.0 -99.0   2.2  10.3  14.2  13.5   8.1  -0.3  -3.4  -1.9   -99   -99   -99   -99   506   506   506   506   506   506   506   506 
1969  -9.1 -99.0 -99.0 -99.0 -99.0  12.0  14.3  15.1   9.4   5.3  -1.9  -5.9   506   -99   -99   -99   -99   506   506   506   506   506   506   506 
1970  -8.8 -99.0 -99.0 -99.0 -99.0  12.8  14.2  15.1   8.4   3.9  -2.8  -2.9   506   -99   -99   -99   -99   506   506   506   506   506   506   506 
1971  -6.2  -9.6 -10.8  -2.0   2.9  11.0  14.3  13.4   8.6   3.9  -3.6  -3.5   506   506   506   506   506   506   506   506   506   506   506   506 
1972  -8.5  -9.3  -6.0  -1.0   3.2  11.2  18.3  13.5   9.2   4.7  -0.9   0.5   506   506   506   506   506   506   506   506   506   506   506   506 
1973  -1.5  -6.1  -3.2  -0.5   3.8  11.7  18.5  13.2   7.4   1.8  -3.5  -8.9   506   506   506   506   506   506   506   506   506   506   506   506 
1974  -4.9  -6.9  -5.3  -0.2   3.8  12.8  14.4  14.1  10.8   4.4  -1.2  -2.0   506   506   506   506   506   506   506   506   506   506   506   506 
1975  -4.8  -3.3  -1.2  -0.4   5.6  10.1  13.6  13.5  10.5   5.4   1.3  -3.4   506   506   506   506   506   506   506   506   506   506   506   506 
1976 -12.6  -7.9  -8.9  -1.2   5.2  11.0  13.5  14.8   6.8   2.6  -1.2  -6.3   506   506   506   506   506   506   506   506   506   506   506   506 
1977  -8.9 -14.2  -5.5  -2.9   2.8   8.9  12.1  13.3   8.4   3.8  -0.8  -2.9   506   506   506   506   506   506   506   506   506   506   506   506 
1978  -8.4 -14.8  -6.3  -3.0   3.0  10.5  14.1  13.3   8.9   3.6  -0.5 -13.6   506   506   506   506   506   506   506   506   506   506   506   506 
1979 -14.5 -12.1  -5.2  -2.4   2.8  11.3  15.4  15.3   9.7   2.8   0.2  -3.9   506   506   506   506   506   506   506   506   506   506   506   506 
1980 -10.7 -15.4 -10.4   0.0   4.5  12.9  16.9  14.6  11.0   3.5  -4.3 -99.0   506   506   506   506   506   506   506   506   506   506   506   -99 
1981 -99.0 -99.0 -99.0 -99.0 -99.0 -99.0 -99.0 -99.0 -99.0 -99.0 -99.0 -99.0   -99   -99   -99   -99   -99   -99   -99   -99   -99   -99   -99   -99 
1982 -99.0 -99.0 -99.0 -99.0 -99.0 -99.0 -99.0 -99.0 -99.0 -99.0 -99.0 -99.0   -99   -99   -99   -99   -99   -99   -99   -99   -99   -99   -99   -99 
1983 -99.0 -99.0 -99.0 -99.0 -99.0 -99.0 -99.0 -99.0 -99.0 -99.0 -99.0 -99.0   -99   -99   -99   -99   -99   -99   -99   -99   -99   -99   -99   -99 
1984 -99.0 -99.0 -99.0 -99.0 -99.0 -99.0 -99.0 -99.0 -99.0 -99.0 -99.0 -99.0   -99   -99   -99   -99   -99   -99   -99   -99   -99   -99   -99   -99 
1985 -99.0 -99.0 -99.0 -99.0 -99.0 -99.0 -99.0 -99.0 -99.0 -99.0 -99.0 -99.0   -99   -99   -99   -99   -99   -99   -99   -99   -99   -99   -99   -99 
1986 -99.0 -99.0 -99.0 -99.0 -99.0 -99.0 -99.0 -99.0 -99.0 -99.0 -99.0 -99.0   -99   -99   -99   -99   -99   -99   -99   -99   -99   -99   -99   -99 
1987 -99.0 -99.0 -99.0 -99.0 -99.0 -99.0 -99.0 -99.0 -99.0 -99.0 -99.0 -99.0   -99   -99   -99   -99   -99   -99   -99   -99   -99   -99   -99   -99 
1988 -99.0 -99.0 -99.0 -99.0 -99.0 -99.0 -99.0 -99.0 -99.0 -99.0 -99.0 -99.0   -99   -99   -99   -99   -99   -99   -99   -99   -99   -99   -99   -99 
1989 -99.0 -99.0 -99.0 -99.0 -99.0 -99.0 -99.0 -99.0 -99.0 -99.0 -99.0 -99.0   -99   -99   -99   -99   -99   -99   -99   -99   -99   -99   -99   -99 
1990 -99.0 -99.0 -99.0 -99.0 -99.0 -99.0 -99.0 -99.0 -99.0 -99.0 -99.0 -99.0   -99   -99   -99   -99   -99   -99   -99   -99   -99   -99   -99   -99 
1991 -99.0 -99.0 -99.0 -99.0 -99.0 -99.0 -99.0 -99.0 -99.0 -99.0 -99.0 -99.0   -99   -99   -99   -99   -99   -99   -99   -99   -99   -99   -99   -99 
1992 -99.0 -99.0 -99.0 -99.0 -99.0 -99.0 -99.0 -99.0 -99.0 -99.0 -99.0 -99.0   -99   -99   -99   -99   -99   -99   -99   -99   -99   -99   -99   -99 
1993 -99.0 -99.0 -99.0 -99.0 -99.0 -99.0 -99.0 -99.0 -99.0 -99.0 -99.0 -99.0   -99   -99   -99   -99   -99   -99   -99   -99   -99   -99   -99   -99 
1994 -99.0 -99.0 -99.0 -99.0 -99.0 -99.0 -99.0 -99.0 -99.0 -99.0 -99.0 -99.0   -99   -99   -99   -99   -99   -99   -99   -99   -99   -99   -99   -99 
1995 -99.0 -99.0 -99.0 -99.0 -99.0 -99.0 -99.0 -99.0 -99.0 -99.0 -99.0 -99.0   -99   -99   -99   -99   -99   -99   -99   -99   -99   -99   -99   -99 
1996 -99.0 -99.0 -99.0 -99.0   2.7 -99.0  13.6  15.9   9.8   6.0  -0.5  -5.2   -99   -99   -99   -99   506   -99   506   506   506   506   506   506 
1997  -4.7  -6.4  -3.8  -2.9   3.0  11.0  17.9  15.2  10.7 -99.0  -1.5 -99.0   506   506   506   506   506   506   506   506   506   -99   506   -99 
1998  -6.5  -9.9  -6.6  -3.6   4.0   9.8  15.5  13.6  10.0   5.0  -1.9  -3.9   506   506   506   506   506   506   506   506   506   506   506   506 
1999 -11.2 -99.0 -99.0 -99.0 -99.0  10.7  14.6  12.9  10.8   6.1 -99.0 -99.0   506   -99   -99   -99   -99   506   506   506   506   506   -99   -99 
2000 -99.0 -99.0 -99.0 -99.0   4.5  10.5  15.7  14.4  10.1   7.7 -99.0  -2.2   -99   -99   -99   -99   506   506   506   506   506   506   -99   506 
2001  -2.6 -11.2  -9.7  -1.4   4.5  11.7  14.9  13.7  11.5   6.0  -0.2  -5.5   506   506   506   506   506   506   506   506   506   506   506   506 
2002  -7.5  -4.3  -5.9   0.3   6.0  14.3  16.7  17.3   9.5   1.6  -3.9  -8.2   506   506   506   506   506   506   506   506   506   506   506   506 
2003 -12.9  -5.2  -1.7  -1.3   4.2  11.8  18.4  15.2  10.0   3.8  -0.1  -3.1   506   506   506   506   506   506   506   506   506   506   506   506 
2004  -7.0  -8.7  -5.1  -1.6   4.6  10.5  15.0  14.9  10.3   4.8  -1.1  -1.0   506   506   506   506   506   506   506   506   506   506   506   506 
2005  -2.0  -5.6  -6.8   0.0   3.8  11.0  16.8  15.1  10.0   6.0 -99.0  -3.2   506   506   506   506   506   506   506   506   506   506   -99   506 
2006  -3.4 -99.0  -9.7  -0.5 -99.0  10.5  14.4  17.9  12.2   4.0 -99.0 -99.0   506   -99   506   506   -99   506   506   506   506   506   -99   -99 
2007  -4.9 -11.5  -3.3 -99.0   5.4  12.8  15.3  14.7 -99.0   6.7   0.2 -99.0   506   506   506   -99   506   506   506   506   -99   506   506   -99 
2008  -1.3  -2.0  -5.0  -0.2   5.5  11.4  15.3  13.5   9.9   5.8   0.3 -99.0   506   506   506   506   506   506   506   506   506   506   506   -99 
2009 -99.0 -10.8  -5.0 -99.0   6.8  11.3  14.9  15.7  11.3   3.5   2.1  -4.8   -99   506   506   -99   506   506   506   506   506   506   506   506 
2010  -9.8 -15.4  -8.6  -0.2   5.5  11.1  15.0  13.8  10.8   5.3  -4.2 -10.1   506   506   506   506   506   506   506   506   506   506   506   506 
2011  -9.8 -15.3  -5.4   1.2 -99.0  12.6  17.1  15.1  12.2   6.8   4.3   1.1   506   506   506   506   -99   506   506   506   506   506   506   506 
2012  -4.8  -9.6  -0.5  -0.1   5.1  10.8  14.7  14.7  10.3   4.6   2.3  -7.5   506   506   506   506   506   506   506   506   506   506   506   506 
2013  -7.1  -7.3  -9.6  -1.4   5.1  12.9  14.8  15.4  12.2   5.7   1.2  -0.5   506   506   506   506   506   506   506   506   506   506   506   506 
2014  -7.8  -1.2  -0.5   1.9   6.1  10.7  18.7  16.3  11.8   4.7   0.2  -1.9   506   506   506   506   506   506   506   506   506   506   506   506 
2015  -5.6  -2.0   0.4   2.3   5.1  10.6  14.5  16.3  12.8   6.3   3.4   0.4   506   506   506   506   506   506   506   506   506   506   506   506 
2016 -11.2  -5.8  -2.6   0.5   7.2  11.4  16.3  14.5  12.0   6.0  -0.1  -1.7   506   506   506   506   506   506   506   506   506   506   506   506 
2017  -2.7  -4.5  -3.7 -99.0 -99.0 -99.0 -99.0 -99.0 -99.0 -99.0 -99.0 -99.0   506   506   506   -99   -99   -99   -99   -99   -99   -99   -99   -99 
