Number= 022610
Name= LYCKSELE A
Country= SWEDEN
Lat=   64.6
Long=  -18.7
Height= 234
Start year= 2001
End year= 2013
First Good year= 2001
Source ID= 98
Source file= Jones
Jones data to= 2013
Normals source start year= 2001
Normals source end year= 1990
Normals= -99.0 -99.0 -99.0 -99.0 -99.0 -99.0 -99.0 -99.0 -99.0 -99.0 -99.0 -99.0 
Standard deviations source= Data
Standard deviations source start year= 2001
Standard deviations source end year= 1990
Obs:
2001  -7.3 -15.0 -10.6   0.1   6.6  13.0  15.0  12.7   8.8   2.9  -3.5 -11.8   506   506   506   506   506   506   506   506   506   506   506   506 
2002  -8.9  -4.8  -5.2   3.7  10.1  14.9  16.4  16.4   7.8  -1.2  -8.2 -14.2   506   506   506   506   506   506   506   506   506   506   506   506 
2003 -15.2  -7.5  -0.1   0.8   7.9  12.4  18.4  13.1   8.1   0.3  -5.3  -7.8   506   506   506   506   506   506   506   506   506   506   506   506 
2004 -12.7  -9.3  -4.3   3.0   7.4  11.2  14.1  13.5   8.6   1.4  -6.7  -5.8   506   506   506   506   506   506   506   506   506   506   506   506 
2005  -7.3  -9.6  -8.2   2.7   6.1  12.3  16.4  13.1   8.9   3.9  -1.0  -8.2   506   506   506   506   506   506   506   506   506   506   506   506 
2006  -9.3 -10.8 -10.7   1.2   8.1  13.8  16.2  16.3  10.6   1.0  -1.7  -2.0   506   506   506   506   506   506   506   506   506   506   506   506 
2007 -11.2 -13.3  -1.4   3.1   7.5  13.7  14.5  13.7   6.9   4.1  -5.6  -4.6   506   506   506   506   506   506   506   506   506   506   506   506 
2008  -5.2  -4.5  -5.2   1.3   7.4  12.7  15.1  11.4   6.8   2.8  -4.5  -5.9   506   506   506   506   506   506   506   506   506   506   506   506 
2009  -9.0 -15.9  -4.5   1.9   9.1  12.5  14.4  14.0   9.6  -0.4  -0.4 -10.6   506   506   506   506   506   506   506   506   506   506   506   506 
2010 -14.6 -16.7  -6.7   1.7   8.5  11.6  16.8  12.7   7.7   2.0 -11.1 -16.9   506   506   506   506   506   506   506   506   506   506   506   506 
2011 -11.2 -14.5  -3.6   4.8   7.8  14.8  17.3  13.3  10.1   3.2   1.0  -4.1   506   506   506   506   506   506   506   506   506   506   506   506 
2012  -8.8 -13.0  -0.5  -0.6   7.0  10.7  14.7  12.6   7.1   1.1  -1.3 -12.2   506   506   506   506   506   506   506   506   506   506   506   506 
2013 -13.4  -7.9  -9.7   0.3  11.0  14.2  14.8  14.0  10.2   2.6  -2.7  -3.5   506   506   506   506   506   506   506   506   506   506   506   506 
