Number= 023370
Name= NORRBERG-NORRHOG V
Country= SWEDEN
Lat=   62.3
Long=  -15.7
Height= 320
Start year= 1996
End year= 2015
First Good year= 1996
Source ID= 98
Source file= Jones
Jones data to= 2015
Normals source start year= 1996
Normals source end year= 1990
Normals= -99.0 -99.0 -99.0 -99.0 -99.0 -99.0 -99.0 -99.0 -99.0 -99.0 -99.0 -99.0 
Standard deviations source= Data
Standard deviations source start year= 1996
Standard deviations source end year= 1990
Obs:
1996 -99.0 -99.0 -99.0   2.1   5.5  11.8  12.3 -99.0 -99.0   3.8  -6.1 -10.3   -99   -99   -99   506   506   506   506   -99   -99   506   506   506 
1997  -5.1  -5.6  -1.3   0.3   5.4  13.2  16.0  15.6   8.8   0.8  -3.1  -5.4   506   506   506   506   506   506   506   506   506   506   506   506 
1998  -4.9  -3.2  -3.8   0.0   7.0  11.1  13.1  10.7   8.6 -99.0  -4.8  -6.2   506   506   506   506   506   506   506   506   506   -99   506   506 
1999  -8.5  -7.6  -3.1   3.0 -99.0  13.2 -99.0  11.1  10.6   2.8   1.0 -10.1   506   506   506   506   -99   506   -99   506   506   506   506   506 
2000  -5.9  -5.2  -3.1   2.3   8.7  10.9  13.2  11.3   7.3   5.8   1.6  -4.2   506   506   506   506   506   506   506   506   506   506   506   506 
2001  -6.5 -11.6  -6.7   1.6   7.2  12.0  15.1  12.8   8.6   4.2  -1.6  -8.0   506   506   506   506   506   506   506   506   506   506   506   506 
2002  -8.8  -4.5  -3.0   3.9   9.9  14.5  15.4  16.5   8.3  -0.9  -6.1 -10.4   506   506   506   506   506   506   506   506   506   506   506   506 
2003  -9.6  -7.0  -0.3   1.6   7.9  12.3  17.3  13.1   8.4   0.2  -2.3  -5.2   506   506   506   506   506   506   506   506   506   506   506   506 
2004  -9.4  -5.6  -2.1   4.2   8.2  11.2  13.6  13.6   9.1   2.2  -4.4  -5.9   506   506   506   506   506   506   506   506   506   506   506   506 
2005  -3.9  -7.1  -6.3   3.2   6.2  11.6  15.8  12.5   8.9   3.7  -0.7  -5.3   506   506   506   506   506   506   506   506   506   506   506   506 
2006  -6.6  -7.0  -8.5   1.6   7.6  13.5  15.8  15.1  10.5   3.7  -1.2   0.1   506   506   506   506   506   506   506   506   506   506   506   506 
2007  -7.0  -8.4  -0.4   3.6   7.8  13.8  13.9  13.3   6.6   2.9  -3.5 -99.0   506   506   506   506   506   506   506   506   506   506   506   -99 
2008  -3.6  -3.3  -3.6   2.6   7.8  12.5  14.8  11.2   6.6   3.1  -3.6  -7.6   506   506   506   506   506   506   506   506   506   506   506   506 
2009  -7.7 -12.2  -3.5   4.3   9.1  11.3  13.9  12.8   8.8  -0.1   0.4 -10.3   506   506   506   506   506   506   506   506   506   506   506   506 
2010 -15.8 -12.4  -4.0   2.3   7.6  11.0 -99.0 -99.0 -99.0 -99.0  -9.1 -15.2   506   506   506   506   506   506   -99   -99   -99   -99   506   506 
2011  -7.9 -10.8  -3.5   5.1   8.1  13.8  15.6  13.4   9.2   3.3   0.0 -99.0   506   506   506   506   506   506   506   506   506   506   506   -99 
2012 -99.0  -8.1   0.7   0.9 -99.0  10.5  13.8  11.9   6.6   1.3  -0.7 -10.2   -99   506   506   506   -99   506   506   506   506   506   506   506 
2013 -11.1 -99.0  -7.8 -99.0  10.6  12.7  14.1  12.5   8.4   2.4  -1.9  -3.0   506   -99   506   -99   506   506   506   506   506   506   506   506 
2014  -8.4  -1.2   0.2   2.9   8.1  10.7  17.3 -99.0   8.2   4.2  -1.3  -7.2   506   506   506   506   506   506   506   -99   506   506   506   506 
2015  -6.9  -3.2  -0.7   2.4   6.1 -99.0 -99.0 -99.0 -99.0   2.6  -1.5  -3.4   506   506   506   506   506   -99   -99   -99   -99   506   506   506 
