Number= 024500
Name= EGGEGRUND A
Country= SWEDEN
Lat=   60.7
Long=  -17.6
Height= 5
Start year= 1952
End year= 2017
First Good year= 1952
Source ID= 98
Source file= Jones
Jones data to= 2017
Normals source= Data
Normals source start year= 1961
Normals source end year= 1990
Normals=  -2.9  -3.8  -1.4   2.0   6.4  12.8  15.3  15.0  11.4   6.9   2.1  -0.9 
Standard deviations source= Data
Standard deviations source start year= 1952
Standard deviations source end year= 1990
Standard deviations=   2.5   3.9   2.8   1.9   1.2   1.3   1.4   1.3   1.1   1.3   1.5   1.8 
Obs:
1952 -99.0 -99.0 -99.0 -99.0 -99.0 -99.0 -99.0  14.7  10.0   5.1   0.2  -1.5   -99   -99   -99   -99   -99   -99   -99   506   506   506   506   506 
1953 -99.0 -99.0   2.3   4.5   8.1  14.4  16.6  15.6  11.9   9.4   3.8   1.6   -99   -99   506   506   506   506   506   506   506   506   506   506 
1954  -3.2  -6.4   0.1   1.9   6.2  12.5  14.8  15.7  11.5   6.5   2.3   1.9   506   506   506   506   506   506   506   506   506   506   506   506 
1955  -2.3  -4.9  -4.0  -0.1   4.9  10.9  17.5  18.3  13.4   6.8   2.7  -3.1   506   506   506   506   506   506   506   506   506   506   506   506 
1956  -4.0  -9.1  -4.1  -2.7 -99.0   9.4  14.3  14.1  12.1   7.0  -0.3   0.2   506   506   506   506   -99   506   506   506   506   506   506   506 
1957   0.1  -2.4  -3.9   1.0   5.6  10.7  15.9  15.2   9.6   6.5   3.2   0.2   506   506   506   506   506   506   506   506   506   506   506   506 
1958  -3.5  -7.5  -7.3  -0.8   5.4  10.5  14.8  15.0  13.5   8.5   4.7  -1.3   506   506   506   506   506   506   506   506   506   506   506   506 
1959  -4.6  -1.9   1.8   4.0   8.3  13.4  16.7  16.6  12.0   8.2   4.1   0.5   506   506   506   506   506   506   506   506   506   506   506   506 
1960  -3.0  -5.5  -1.9   2.0   7.7  14.4  14.9  15.3 -99.0   5.8   2.9   1.0   506   506   506   506   506   506   506   506   -99   506   506   506 
1961  -2.3   0.5   2.3   3.7   6.9  13.6  15.0  14.3  12.7   9.8   3.4  -2.5   506   506   506   506   506   506   506   506   506   506   506   506 
1962  -1.5  -1.9  -4.0   2.4   5.5  11.9  13.8  13.6  10.9   8.0   2.1  -1.8   506   506   506   506   506   506   506   506   506   506   506   506 
1963  -5.5  -9.3  -5.4   0.4   7.3  12.3  15.0  15.7  12.7   6.5   2.4  -0.4   506   506   506   506   506   506   506   506   506   506   506   506 
1964  -0.5  -3.4  -2.8   2.5   7.7  11.5  13.4  12.5  11.1   7.4   2.5  -0.7   506   506   506   506   506   506   506   506   506   506   506   506 
1965  -1.0  -2.6  -2.0   2.3   6.1  12.5  14.2  14.3  12.4   8.3   0.0  -3.3   506   506   506   506   506   506   506   506   506   506   506   506 
1966  -7.6 -14.0  -3.6  -2.3   5.8  14.4  16.7  12.5  10.1   5.9   2.4  -0.1   506   506   506   506   506   506   506   506   506   506   506   506 
1967  -5.5  -1.6   2.1   2.6   6.1  11.8  15.7  14.3  12.6   7.9   4.4  -3.4   506   506   506   506   506   506   506   506   506   506   506   506 
1968  -6.9  -4.3   0.4   4.1   5.8  14.0  15.0  15.8  12.0   5.5  -0.2  -1.3   506   506   506   506   506   506   506   506   506   506   506   506 
1969  -2.6  -8.2  -4.9   1.8   4.5  12.8  16.1  17.4  12.0   7.9   0.9  -3.3   506   506   506   506   506   506   506   506   506   506   506   506 
1970  -6.2 -11.7  -2.0  -0.1   4.1  12.9  11.7  15.1  11.2   6.8   0.9   0.1   506   506   506   506   506   506   506   506   506   506   506   506 
1971  -1.0  -1.7  -3.5   0.6   6.7  12.0  15.7  15.5  11.0   7.0   1.1   1.0   506   506   506   506   506   506   506   506   506   506   506   506 
1972  -4.2  -1.9  -0.3   2.2   5.6  13.0  18.1  15.2  11.3   7.3   3.2   3.2   506   506   506   506   506   506   506   506   506   506   506   506 
1973   1.7  -0.4   2.2   2.7   7.5  14.5  17.5  15.3  10.0   5.4   0.4  -2.4   506   506   506   506   506   506   506   506   506   506   506   506 
1974   0.1   0.5   0.5   4.0   6.9  13.6  15.0  15.4  11.0   4.9   3.3   1.3   506   506   506   506   506   506   506   506   506   506   506   506 
1975   1.1   0.3   1.2   3.0   7.9  12.7  16.8  17.2  12.3   6.5   3.3   0.7   506   506   506   506   506   506   506   506   506   506   506   506 
1976  -4.5  -1.7  -3.0   2.2   7.4  11.5  14.5  15.7   9.8   5.9   2.9 -99.0   506   506   506   506   506   506   506   506   506   506   506   -99 
1977 -99.0 -99.0 -99.0 -99.0 -99.0 -99.0 -99.0 -99.0 -99.0 -99.0 -99.0 -99.0   -99   -99   -99   -99   -99   -99   -99   -99   -99   -99   -99   -99 
1978 -99.0 -99.0 -99.0 -99.0 -99.0 -99.0 -99.0 -99.0 -99.0 -99.0 -99.0 -99.0   -99   -99   -99   -99   -99   -99   -99   -99   -99   -99   -99   -99 
1979 -99.0 -99.0 -99.0 -99.0 -99.0 -99.0 -99.0 -99.0 -99.0 -99.0 -99.0 -99.0   -99   -99   -99   -99   -99   -99   -99   -99   -99   -99   -99   -99 
1980 -99.0 -99.0 -99.0 -99.0 -99.0 -99.0 -99.0 -99.0 -99.0 -99.0 -99.0 -99.0   -99   -99   -99   -99   -99   -99   -99   -99   -99   -99   -99   -99 
1981 -99.0 -99.0 -99.0 -99.0 -99.0 -99.0 -99.0 -99.0 -99.0 -99.0 -99.0 -99.0   -99   -99   -99   -99   -99   -99   -99   -99   -99   -99   -99   -99 
1982 -99.0 -99.0 -99.0 -99.0 -99.0 -99.0 -99.0 -99.0 -99.0 -99.0 -99.0 -99.0   -99   -99   -99   -99   -99   -99   -99   -99   -99   -99   -99   -99 
1983 -99.0 -99.0 -99.0 -99.0 -99.0 -99.0 -99.0 -99.0 -99.0 -99.0 -99.0 -99.0   -99   -99   -99   -99   -99   -99   -99   -99   -99   -99   -99   -99 
1984 -99.0 -99.0 -99.0 -99.0 -99.0 -99.0 -99.0 -99.0 -99.0 -99.0 -99.0 -99.0   -99   -99   -99   -99   -99   -99   -99   -99   -99   -99   -99   -99 
1985 -99.0 -99.0 -99.0 -99.0 -99.0 -99.0 -99.0 -99.0 -99.0 -99.0 -99.0 -99.0   -99   -99   -99   -99   -99   -99   -99   -99   -99   -99   -99   -99 
1986 -99.0 -99.0 -99.0 -99.0 -99.0 -99.0 -99.0 -99.0 -99.0 -99.0 -99.0 -99.0   -99   -99   -99   -99   -99   -99   -99   -99   -99   -99   -99   -99 
1987 -99.0 -99.0 -99.0 -99.0 -99.0 -99.0 -99.0 -99.0 -99.0 -99.0 -99.0 -99.0   -99   -99   -99   -99   -99   -99   -99   -99   -99   -99   -99   -99 
1988 -99.0 -99.0 -99.0 -99.0 -99.0 -99.0 -99.0 -99.0 -99.0 -99.0 -99.0 -99.0   -99   -99   -99   -99   -99   -99   -99   -99   -99   -99   -99   -99 
1989 -99.0 -99.0 -99.0 -99.0 -99.0 -99.0 -99.0 -99.0 -99.0 -99.0 -99.0 -99.0   -99   -99   -99   -99   -99   -99   -99   -99   -99   -99   -99   -99 
1990 -99.0 -99.0 -99.0 -99.0 -99.0 -99.0 -99.0 -99.0 -99.0 -99.0 -99.0 -99.0   -99   -99   -99   -99   -99   -99   -99   -99   -99   -99   -99   -99 
1991 -99.0 -99.0 -99.0 -99.0 -99.0 -99.0 -99.0 -99.0 -99.0 -99.0 -99.0 -99.0   -99   -99   -99   -99   -99   -99   -99   -99   -99   -99   -99   -99 
1992 -99.0 -99.0 -99.0 -99.0 -99.0 -99.0 -99.0 -99.0 -99.0 -99.0 -99.0 -99.0   -99   -99   -99   -99   -99   -99   -99   -99   -99   -99   -99   -99 
1993 -99.0 -99.0 -99.0 -99.0 -99.0 -99.0 -99.0 -99.0 -99.0 -99.0 -99.0 -99.0   -99   -99   -99   -99   -99   -99   -99   -99   -99   -99   -99   -99 
1994 -99.0 -99.0 -99.0 -99.0 -99.0 -99.0 -99.0 -99.0 -99.0 -99.0 -99.0 -99.0   -99   -99   -99   -99   -99   -99   -99   -99   -99   -99   -99   -99 
1995 -99.0   0.2   0.8   2.0   5.8  11.8  15.3  16.0  12.0   9.6   1.1  -3.1   -99   506   506   506   506   506   506   506   506   506   506   506 
1996  -3.1  -6.5  -1.4   3.3   5.1  12.1  14.2  16.9  11.0   8.0 -99.0  -1.7   506   506   506   506   506   506   506   506   506   506   -99   506 
1997  -0.5  -0.5   1.6   2.6   6.8  13.7  17.8  19.2  12.6   5.6   2.4  -0.1   506   506   506   506   506   506   506   506   506   506   506   506 
1998   0.1   0.3  -0.4   1.5   7.5  10.4  15.1  14.1  12.5   7.0   0.7   0.2   506   506   506   506   506   506   506   506   506   506   506   506 
1999  -1.9  -2.4   0.3   3.5   7.3  13.8  17.2  15.5  14.6   7.7   4.9  -1.4   506   506   506   506   506   506   506   506   506   506   506   506 
2000  -0.5  -0.4   1.0   3.4 -99.0 -99.0 -99.0 -99.0  12.0   9.1   5.4   2.4   506   506   506   506   -99   -99   -99   -99   506   506   506   506 
2001  -0.3  -3.0  -1.2   3.2   7.9  12.7  16.9  15.7  12.3   9.7   3.4  -0.7   506   506   506   506   506   506   506   506   506   506   506   506 
2002  -1.5   0.4   1.0   4.3   9.6  15.6  17.9  20.0  12.5   4.7   0.8  -2.3   506   506   506   506   506   506   506   506   506   506   506   506 
2003  -3.2  -2.6   1.8   2.6   8.6  12.7  18.3  16.7  13.0   5.3   3.4   1.3   506   506   506   506   506   506   506   506   506   506   506   506 
2004  -2.7  -0.9   0.5   3.9   7.5  12.5  15.7  17.1  12.8   7.5   2.2   1.1   506   506   506   506   506   506   506   506   506   506   506   506 
2005   1.2 -99.0 -99.0 -99.0   7.6  12.3  17.3  16.1  12.5   7.6   4.2   0.1   506   -99   -99   -99   506   506   506   506   506   506   506   506 
2006  -1.7  -1.9  -4.3   2.5   7.6  14.1  17.3  18.3  15.1   9.3   4.4   4.5   506   506   506   506   506   506   506   506   506   506   506   506 
2007   0.1  -3.0 -99.0   5.2   8.1  12.8  15.8  16.2  11.4   7.6   2.7   1.7   506   506   -99   506   506   506   506   506   506   506   506   506 
2008   1.6   1.7   0.8   4.0   8.7  14.6  17.1  15.4  11.9   8.4   2.7 -99.0   506   506   506   506   506   506   506   506   506   506   506   -99 
2009 -99.0 -99.0  -0.2   5.0   9.3  12.1  16.1  16.3  11.8   5.5   5.0  -1.0   -99   -99   506   506   506   506   506   506   506   506   506   506 
2010  -5.9  -6.0  -2.4 -99.0 -99.0  12.5  18.6  15.9  12.3   6.6   0.8  -5.0   506   506   506   -99   -99   506   506   506   506   506   506   506 
2011  -1.9  -5.5   0.3   5.5   8.5  13.5  17.0  16.9  13.0   8.1   5.3   1.8   506   506   506   506   506   506   506   506   506   506   506   506 
2012  -1.1  -2.6   2.7   3.0   8.1  11.6  16.3  16.0  11.5   6.5   4.0  -2.6   506   506   506   506   506   506   506   506   506   506   506   506 
2013  -2.5  -1.1  -2.8   2.8   7.9  13.6  16.4 -99.0  12.6   8.2   4.1   2.6   506   506   506   506   506   506   506   -99   506   506   506   506 
2014  -1.6   1.5   3.1   5.0   8.6  11.3  18.7  15.6  13.1   8.9   4.8   0.2   506   506   506   506   506   506   506   506   506   506   506   506 
2015   0.2   0.6   2.6   5.1   8.0  11.8  15.8  17.4  13.2   8.3   4.5   2.8   506   506   506   506   506   506   506   506   506   506   506   506 
2016  -3.6  -0.5   1.8   3.9   9.5  14.2  17.5  14.6  13.8   7.6   2.5   2.3   506   506   506   506   506   506   506   506   506   506   506   506 
2017  -0.2  -0.3   2.4 -99.0 -99.0 -99.0 -99.0 -99.0 -99.0 -99.0 -99.0 -99.0   506   506   506   -99   -99   -99   -99   -99   -99   -99   -99   -99 
