Number= 024720
Name= SKEPPSMORA V
Country= SWEDEN
Lat=   60.1
Long=  -15.1
Height= 240
Start year= 1996
End year= 2015
First Good year= 1996
Source ID= 98
Source file= Jones
Jones data to= 2015
Normals source start year= 1996
Normals source end year= 1990
Normals= -99.0 -99.0 -99.0 -99.0 -99.0 -99.0 -99.0 -99.0 -99.0 -99.0 -99.0 -99.0 
Standard deviations source= Data
Standard deviations source start year= 1996
Standard deviations source end year= 1990
Obs:
1996 -99.0 -99.0  -2.1   4.3   6.7  13.9  14.7  17.2   7.7   6.6  -0.1  -5.8   -99   -99   506   506   506   506   506   506   506   506   506   506 
1997  -3.0  -2.0   0.9   3.0   8.4  15.4  17.9  18.8  11.1   3.2  -0.3 -99.0   506   506   506   506   506   506   506   506   506   506   506   -99 
1998  -2.7  -0.3  -0.6   3.0  10.5  12.6  15.1  12.9  11.2   4.0  -2.7  -2.3   506   506   506   506   506   506   506   506   506   506   506   506 
1999 -99.0 -99.0  -0.5   5.2 -99.0  14.4  16.9  13.5  12.5   5.5   3.0  -5.2   -99   -99   506   506   -99   506   506   506   506   506   506   506 
2000  -2.0  -1.6   0.4   5.1  11.4  12.6  14.3  13.8   9.4   8.4   4.7   0.4   506   506   506   506   506   506   506   506   506   506   506   506 
2001  -3.6  -6.7  -2.9   3.7  10.1  13.4  17.6  14.9  10.4   7.5   0.9  -5.1   506   506   506   506   506   506   506   506   506   506   506   506 
2002  -3.3  -0.2   0.5   5.5  11.4  15.3  16.9  18.2  10.8   1.5  -2.6  -6.9   506   506   506   506   506   506   506   506   506   506   506   506 
2003  -5.5  -4.4   1.6   3.6   9.7  14.2  18.0  14.9  10.9   2.5   1.4  -1.2   506   506   506   506   506   506   506   506   506   506   506   506 
2004  -5.4  -2.5  -0.1   5.5  10.4 -99.0  14.6  16.0  11.4   5.2  -0.5  -0.5   506   506   506   506   506   -99   506   506   506   506   506   506 
2005  -0.3  -3.6  -2.4   5.6   8.9  13.5  17.6  14.8  11.7   6.1   3.0  -2.2   506   506   506   506   506   506   506   506   506   506   506   506 
2006  -4.0  -4.8  -5.7   3.4   9.8  15.8  18.8  16.8  13.5   7.2   2.7   2.9   506   506   506   506   506   506   506   506   506   506   506   506 
2007  -2.5  -5.4   2.7   6.5   9.7  15.6  15.3  15.3   9.7   5.6   0.0  -1.6   506   506   506   506   506   506   506   506   506   506   506   506 
2008   0.0   0.6  -0.4   5.4  10.8  14.8  16.9  13.3   9.3   6.2   0.3  -2.1   506   506   506   506   506   506   506   506   506   506   506   506 
2009  -3.8  -5.8  -0.6   7.3  10.3  13.0  15.6  15.3  11.7   2.8   3.5  -5.5   506   506   506   506   506   506   506   506   506   506   506   506 
2010 -11.0  -8.0  -1.6   4.4   9.6  14.1  18.2 -99.0 -99.0 -99.0  -4.0 -10.6   506   506   506   506   506   506   506   -99   -99   -99   506   506 
2011  -4.1  -6.7  -0.8   8.4  10.2  16.2  17.1  15.2  12.0   6.5   3.6  -0.2   506   506   506   506   506   506   506   506   506   506   506   506 
2012  -4.1  -4.1   3.4   3.2  10.2  12.2  15.2  14.3 -99.0   4.2   2.3  -6.7   506   506   506   506   506   506   506   506   -99   506   506   506 
2013  -5.3  -3.6  -4.4   3.3  12.2  14.5  16.7  15.2  10.2   6.2   1.8   1.1   506   506   506   506   506   506   506   506   506   506   506   506 
2014  -4.7   0.5   2.9   6.0   9.9  13.2  19.1  14.8  10.9   7.0   2.6  -2.8   506   506   506   506   506   506   506   506   506   506   506   506 
2015  -1.8  -0.9   1.7   5.6   7.9  12.7  15.3  15.6  11.1   5.6   2.7   0.8   506   506   506   506   506   506   506   506   506   506   506   506 
