Number= 025320
Name= VASTERPLANA
Country= SWEDEN
Lat=   58.6
Long=  -13.4
Height= 128
Start year= 1965
End year= 1991
First Good year= 1965
Source ID= 73
Source file= Jones
Jones data to= 1991
Normals source= Data
Normals source start year= 1965
Normals source end year= 1990
Normals=  -3.1  -3.5  -0.2   4.1  10.3  14.6  16.0  15.2  11.0   6.9   2.1  -1.1 
Standard deviations source= Data
Standard deviations source start year= 1965
Standard deviations source end year= 1990
Standard deviations=   3.5   3.7   2.3   1.5   1.1   1.3   1.2   1.4   1.1   1.2   1.7   2.3 
Obs:
1965  -1.5  -2.7  -1.1   5.1   8.7  13.9  13.6  13.5  11.9   7.7  -1.3  -4.1   506   506   506   506   506   506   506   506   506   506   506   506 
1966  -6.4  -8.8  -0.5   1.7  10.2  16.4  16.0  14.3  10.8   6.7   2.3  -1.1   506   506   506   506   506   506   506   506   506   506   506   506 
1967  -4.3  -1.3   3.1   4.1   9.6  13.2  16.1  15.1  11.9   8.2   4.1  -2.5   506   506   506   506   506   506   506   506   506   506   506   506 
1968  -5.2  -4.0   0.7   6.4   8.4  16.3  15.5  16.3  12.3   6.0  -0.3  -1.5   506   506   506   506   506   506   506   506   506   506   506   506 
1969  -2.7  -6.7  -4.5   3.9   8.9  16.4  17.1  17.6  12.5   7.8   1.1  -4.3   506   506   506   506   506   506   506   506   506   506   506   506 
1970  -7.2  -9.9  -2.1   1.2   9.9  17.1  14.2  15.0  10.6   6.6   0.7  -0.2   506   506   506   506   506   506   506   506   506   506   506   506 
1971  -1.1  -0.7  -2.0   3.3  11.1  13.6  16.4  14.8  10.3   7.5   1.5   2.2   506   506   506   506   506   506   506   506   506   506   506   506 
1972  -4.9  -1.8   0.4   4.3  10.1  14.2  17.5  14.5   9.9   6.5   3.2   2.8   506   506   506   506   506   506   506   506   506   506   506   506 
1973  -0.6  -0.1   3.3   3.5   9.8  15.5  18.2  15.0  10.3   4.2   0.0  -1.1   506   506   506   506   506   506   506   506   506   506   506   506 
1974   0.6   1.2   1.7   6.5  10.0  14.3  14.7  15.1  11.9   5.0   3.0   1.5   506   506   506   506   506   506   506   506   506   506   506   506 
1975   1.8  -0.7   0.9   4.0  11.1  14.0  17.2  18.9  12.7   7.5   2.8   1.8   506   506   506   506   506   506   506   506   506   506   506   506 
1976  -3.4  -2.0  -2.5   4.2  10.8  14.5  17.5  16.6   9.5   5.6   3.2  -3.4   506   506   506   506   506   506   506   506   506   506   506   506 
1977  -3.7  -5.3   0.5   2.1  10.3  14.9  14.7  14.3   9.8   8.1   2.9  -0.4   506   506   506   506   506   506   506   506   506   506   506   506 
1978  -1.3  -6.0  -1.0   3.3  10.4  14.9  14.8  14.6   9.3   7.5   5.2  -6.7   506   506   506   506   506   506   506   506   506   506   506   506 
1979  -7.1  -7.3  -1.1   3.4   9.3  15.4  14.1  13.7  11.0   5.0   2.1  -1.8   506   506   506   506   506   506   506   506   506   506   506   506 
1980  -4.7  -7.1  -2.9   4.8   9.9  15.2  16.2  14.6  12.0   5.1   0.2  -0.2   506   506   506   506   506   506   506   506   506   506   506   506 
1981  -2.9  -2.5  -1.5   4.3  12.1  12.5  15.3  14.5  11.7   6.1   1.6  -6.3   506   506   506   506   506   506   506   506   506   506   506   506 
1982  -7.4  -3.3   1.8   5.0   9.5  13.6  17.8  16.8  12.2   7.3   4.2   0.6   506   506   506   506   506   506   506   506   506   506   506   506 
1983   2.1  -4.2   1.0   5.1  10.5  13.7  17.4  16.8  11.7   7.4   2.1  -0.6   506   506   506   506   506   506   506   506   506   506   506   506 
1984  -2.8  -2.0  -1.4   5.4  11.5  13.6  15.7  16.1   9.9   8.7   3.6   0.8   506   506   506   506   506   506   506   506   506   506   506   506 
1985  -8.0  -9.8  -1.3   1.7  10.7  13.3  15.5  14.5   9.8   8.3  -0.4  -2.9   506   506   506   506   506   506   506   506   506   506   506   506 
1986  -4.5  -8.2   0.8   2.2  11.5  15.1  15.6  13.4   8.8   7.2   5.0  -0.9   506   506   506   506   506   506   506   506   506   506   506   506 
1987 -10.8  -3.7  -4.4   4.8   8.4  11.5  15.0  12.8  10.1   7.9   2.1  -0.3   506   506   506   506   506   506   506   506   506   506   506   506 
1988   0.9  -0.4  -1.5   3.5  12.2  17.2  16.3  14.6  12.2   5.8   0.3  -0.7   506   506   506   506   506   506   506   506   506   506   506   506 
1989   3.4   3.0   3.8   5.0  11.0  14.7  17.1  14.3  12.0   7.9   2.8  -0.5   506   506   506   506   506   506   506   506   506   506   506   506 
1990   2.2   4.1   4.8   6.9  11.9  15.0  15.7  16.2  10.0   7.2   2.1   0.4   506   506   506   506   506   506   506   506   506   506   506   506 
1991  -0.1  -3.1   2.3   5.6   8.9 -99.0 -99.0 -99.0 -99.0 -99.0 -99.0 -99.0   506   506   506   506   506   -99   -99   -99   -99   -99   -99   -99 
