Number= 025680
Name= ALLGUNNEN
Country= SWEDEN
Lat=   57.1
Long=  -16.0
Height= 115
Start year= 1951
End year= 1979
First Good year= 1951
Source ID= 73
Source file= Jones
Jones data to= 1979
Normals source= Data
Normals source start year= 1961
Normals source end year= 1979
Normals=  -2.5  -2.4   0.4   4.6  10.1  15.3  16.2  15.6  11.6   7.4   2.7  -1.0 
Standard deviations source= Data
Standard deviations source start year= 1951
Standard deviations source end year= 1979
Standard deviations=   2.1   2.6   2.3   1.4   1.2   1.1   1.5   1.4   1.2   1.3   1.5   2.1 
Obs:
1951  -2.2  -0.9  -2.2   5.6   8.5  14.5  16.2  16.7  13.0   7.8   4.6   3.0   506   506   506   506   506   506   506   506   506   506   506   506 
1952  -1.2  -0.9  -2.5   7.6   9.1  13.5  15.8  14.9   9.2   5.3   0.4  -1.3   506   506   506   506   506   506   506   506   506   506   506   506 
1953  -1.5  -2.4   3.8   6.7  10.8  16.9  17.1  15.8  11.9   9.5   4.0   1.5   506   506   506   506   506   506   506   506   506   506   506   506 
1954  -3.7  -4.9   0.8   3.7  11.5  14.9  15.1  14.8  12.0   7.5   1.9   1.7   506   506   506   506   506   506   506   506   506   506   506   506 
1955  -2.7  -4.4  -2.4   3.1   8.2  13.7  18.9  18.4  13.3   7.2   2.9  -1.6   506   506   506   506   506   506   506   506   506   506   506   506 
1956  -2.4  -7.9  -0.5   2.2  11.6  14.4  16.3  13.3  11.4   6.9  -0.7   1.1   506   506   506   506   506   506   506   506   506   506   506   506 
1957   0.5   0.6   0.5   4.5   8.9  14.8  17.6  15.1   9.3   8.3   3.0  -0.5   506   506   506   506   506   506   506   506   506   506   506   506 
1958  -3.1  -4.7  -3.6   3.0  10.3  13.7  16.1  14.6  12.6   8.2   4.1  -0.5   506   506   506   506   506   506   506   506   506   506   506   506 
1959  -2.3   0.0   3.1   5.9  10.6  15.3  19.2  17.8  12.5   7.8   4.0   0.4   506   506   506   506   506   506   506   506   506   506   506   506 
1960  -3.3  -3.9  -0.5   4.4  10.7  16.0  15.2  14.9  11.4   6.3   3.2   1.0   506   506   506   506   506   506   506   506   506   506   506   506 
1961  -2.0   1.8   4.6   6.3   9.6  16.0  14.9  14.3  13.1  10.3   3.1  -2.4   506   506   506   506   506   506   506   506   506   506   506   506 
1962   0.0  -1.3  -2.9   5.3   8.0  13.5  13.9  13.1  10.6   8.2   2.2  -2.9   506   506   506   506   506   506   506   506   506   506   506   506 
1963  -7.1  -6.1  -2.2   4.3  11.7  14.9  16.7  15.6  12.5   7.6   4.0  -1.9   506   506   506   506   506   506   506   506   506   506   506   506 
1964  -1.2  -3.3  -1.5   6.4  12.2  15.5  16.1  15.2  11.8   7.0   3.0  -0.6   506   506   506   506   506   506   506   506   506   506   506   506 
1965  -1.0  -3.3  -0.3   4.8   8.0  14.7  13.5  14.2  12.5   8.1  -1.3  -3.2   506   506   506   506   506   506   506   506   506   506   506   506 
1966  -5.4  -5.7   0.7   1.8  10.9  16.5  16.5  14.6  11.3   7.3   2.5  -0.9   506   506   506   506   506   506   506   506   506   506   506   506 
1967  -3.6  -0.1   4.1   4.9  10.3  14.0  17.5  16.6  12.8   9.5   3.7  -2.6   506   506   506   506   506   506   506   506   506   506   506   506 
1968  -4.5  -2.8   2.3   7.1   8.6  16.9  15.8  16.8  12.6   6.9   3.0  -1.6   506   506   506   506   506   506   506   506   506   506   506   506 
1969  -2.7  -4.5  -2.7   4.9   9.0  16.3  18.0  17.0  12.6   8.4   2.0  -4.6   506   506   506   506   506   506   506   506   506   506   506   506 
1970  -5.6  -7.5  -1.0   2.8   9.3  16.6  15.0  15.4  10.8   6.7   1.6   0.0   506   506   506   506   506   506   506   506   506   506   506   506 
1971  -1.2  -0.3  -1.3   4.3  11.8  13.2  17.2  16.1  10.3   7.9   1.8   2.5   506   506   506   506   506   506   506   506   506   506   506   506 
1972  -4.1  -0.9   1.4   5.0   9.4  15.5  18.6  15.0  10.1   6.6   3.8   3.0   506   506   506   506   506   506   506   506   506   506   506   506 
1973   0.2   0.4   3.9   3.8  10.7  16.3  18.4  16.3  11.5   5.0   0.1  -1.1   506   506   506   506   506   506   506   506   506   506   506   506 
1974   0.7   1.0   1.7   6.2   9.1  13.7  15.0  15.5  12.5   5.2   3.4   2.0   506   506   506   506   506   506   506   506   506   506   506   506 
1975   2.2   0.2   1.1   4.3  10.7  14.1  18.0  19.6  13.9   7.9   2.7   2.0   506   506   506   506   506   506   506   506   506   506   506   506 
1976  -3.7  -1.4  -2.0   4.5  10.5  15.1  16.8  16.1  10.5   5.9   3.1  -2.7   506   506   506   506   506   506   506   506   506   506   506   506 
1977  -2.0  -3.0   1.3   3.2  10.1  15.7  14.7  14.7   9.9   8.2   3.6   0.7   506   506   506   506   506   506   506   506   506   506   506   506 
1978  -1.2  -4.3   0.3   3.5  10.3  15.0 -99.0  15.0   9.8   8.0   6.0  -3.8   506   506   506   506   506   506   -99   506   506   506   506   506 
1979  -5.1  -4.6  -0.6   3.6  11.4  16.3  14.4  14.6  11.7   5.5   3.0 -99.0   506   506   506   506   506   506   506   506   506   506   506   -99 
