Number= 027880
Name= MAANINKA HALOLA
Country= FINLAND
Lat=   63.1
Long=  -27.3
Height= 90
Start year= 1959
End year= 2017
First Good year= 1959
Source ID= 73
Source file= Jones
Jones data to= 2017
Normals source= Data
Normals source start year= 1961
Normals source end year= 1990
Normals= -11.0 -10.4  -5.1   0.9   8.5  14.2  16.2  13.9   8.7   3.6  -2.4  -8.0 
Standard deviations source= Data
Standard deviations source start year= 1959
Standard deviations source end year= 1990
Standard deviations=   5.1   4.6   3.2   1.4   1.7   1.8   1.4   1.2   1.6   2.0   2.6   3.8 
Obs:
1959  -9.9  -5.1  -0.9   1.3   8.0  14.7  16.7  15.5   7.1   2.7  -2.1 -12.1   506   506   506   506   506   506   506   506   506   506   506   506 
1960 -12.0 -12.2  -4.7   1.4  10.4  15.5  18.7  15.2   8.9  -0.3  -3.0  -4.2   506   506   506   506   506   506   506   506   506   506   506   506 
1961  -6.8  -3.3  -2.6  -0.5   8.1  16.7  16.7  13.7   8.1   8.0   0.7  -8.9   506   506   506   506   506   506   506   506   506   506   506   506 
1962  -7.2  -8.4 -10.9   3.0   7.9  11.6  13.8  11.5   8.4   5.4   0.4 -10.4   506   506   506   506   506   506   506   506   506   506   506   506 
1963 -13.3 -13.5 -11.5   1.5  12.0  12.5  15.4  14.9  11.8   4.7  -1.7  -7.7   506   506   506   506   506   506   506   506   506   506   506   506 
1964  -5.0 -12.2  -7.8   0.8   8.1  12.8  15.9  13.6   8.4   5.9  -4.1  -5.4   506   506   506   506   506   506   506   506   506   506   506   506 
1965  -6.5 -11.0  -6.2   1.3   5.0  14.0  14.2  13.2  10.9   3.8  -7.6  -7.7   506   506   506   506   506   506   506   506   506   506   506   506 
1966 -18.6 -19.6  -8.5  -1.9   7.9  16.4  16.6  13.1   7.0   2.8   0.5  -8.4   506   506   506   506   506   506   506   506   506   506   506   506 
1967 -15.1  -8.3  -0.3   1.7   7.7  12.9  15.8  16.2  10.5   6.0   2.0 -15.1   506   506   506   506   506   506   506   506   506   506   506   506 
1968 -20.8  -9.4  -2.9   1.5   6.4  15.7  14.0  14.5   7.6  -0.8  -4.3  -4.4   506   506   506   506   506   506   506   506   506   506   506   506 
1969 -15.6 -14.1  -8.1   0.6   6.8  14.2  15.8  15.5   8.2   4.1  -1.3 -10.1   506   506   506   506   506   506   506   506   506   506   506   506 
1970 -12.1 -16.7  -3.1  -0.3   7.5  16.5  16.8  14.2   8.7   2.8  -4.2  -6.1   506   506   506   506   506   506   506   506   506   506   506   506 
1971  -5.7 -11.1  -8.1  -0.8   7.3  13.4  15.9  14.3   7.7   2.5  -5.1  -7.9   506   506   506   506   506   506   506   506   506   506   506   506 
1972 -11.6  -8.6  -5.4   0.8   8.0  16.5  19.6  15.7   8.9   3.3  -2.3   0.5   506   506   506   506   506   506   506   506   506   506   506   506 
1973  -5.0  -8.0  -3.6   1.9   9.1  15.7  19.1  13.8   5.4   0.4  -4.6 -11.8   506   506   506   506   506   506   506   506   506   506   506   506 
1974  -7.5  -2.2  -3.8   0.2   5.6  14.6  16.4  14.2  11.6   4.1  -0.9  -1.2   506   506   506   506   506   506   506   506   506   506   506   506 
1975  -4.9  -6.0  -1.2   1.0  10.1  12.9  16.2  13.7  11.4   3.3  -1.1  -4.8   506   506   506   506   506   506   506   506   506   506   506   506 
1976 -15.9 -11.0  -8.4   0.6  10.1  10.9  14.4  13.6   6.2  -0.8  -2.4  -6.6   506   506   506   506   506   506   506   506   506   506   506   506 
1977  -8.0 -11.2  -3.9   0.4   7.8  14.1  15.4  13.3   7.3   2.2  -1.0  -8.4   506   506   506   506   506   506   506   506   506   506   506   506 
1978 -10.7 -16.9  -4.0  -0.3   9.4  14.2  15.7  12.5   7.9   2.3  -0.4 -17.2   506   506   506   506   506   506   506   506   506   506   506   506 
1979 -11.9 -13.1  -2.6  -0.5   9.9  15.3  15.8  15.4   9.0   1.3  -0.5  -6.7   506   506   506   506   506   506   506   506   506   506   506   506 
1980 -11.6 -11.9  -8.4   2.6   6.7  17.3  16.3  13.8   9.0   3.8  -6.8  -7.9   506   506   506   506   506   506   506   506   506   506   506   506 
1981  -6.9 -10.6  -9.8  -0.1  10.2  12.4  17.4  13.0   8.5   5.2  -2.1 -10.1   506   506   506   506   506   506   506   506   506   506   506   506 
1982 -16.9  -9.1  -2.1   1.2   8.0   9.9  16.8  14.6   9.0   2.6   1.7  -3.5   506   506   506   506   506   506   506   506   506   506   506   506 
1983  -5.9 -12.5  -4.1   3.2  10.5  13.5  17.1  13.9  10.5   4.1  -6.0  -7.0   506   506   506   506   506   506   506   506   506   506   506   506 
1984  -8.9  -7.3  -7.3   3.1  12.7  13.8  15.6  13.4   8.8   5.1  -1.5  -5.7   506   506   506   506   506   506   506   506   506   506   506   506 
1985 -22.3 -19.7  -3.2  -1.0   6.9  13.3  15.5  15.3   9.3   5.2  -3.3 -11.7   506   506   506   506   506   506   506   506   506   506   506   506 
1986 -13.2 -14.2  -1.3   0.6   9.2  16.8  17.1  12.1   6.0   4.4   1.9 -13.6   506   506   506   506   506   506   506   506   506   506   506   506 
1987 -21.9 -11.5  -8.0   0.5   7.3  13.5  14.5  11.3   7.8   6.2  -4.5  -9.6   506   506   506   506   506   506   506   506   506   506   506   506 
1988  -7.5  -8.6  -4.9  -0.6   9.3  16.1  19.6  13.8  10.4   3.5  -6.5 -10.7   506   506   506   506   506   506   506   506   506   506   506   506 
1989  -3.4  -2.4   0.3   3.5  10.3  16.3  16.4  14.3  10.6   3.5  -1.2  -8.1   506   506   506   506   506   506   506   506   506   506   506   506 
1990 -10.4   0.1  -1.8   3.7   8.4  13.5  15.4  14.5   7.3   3.8  -5.2  -3.3   506   506   506   506   506   506   506   506   506   506   506   506 
1991  -8.3 -10.7  -4.0   2.5   6.5  13.0  16.5  15.4   8.4   5.0   1.9  -4.0   506   506   506   506   506   506   506   506   506   506   506   506 
1992  -5.7  -4.9  -0.3  -1.1  10.3  15.8  14.9  12.7  11.3  -2.3  -5.8  -1.1   506   506   506   506   506   506   506   506   506   506   506   506 
1993  -5.8  -6.1  -2.2   1.1  11.2  10.8  15.7  13.3   5.1   1.8  -5.5  -6.9   506   506   506   506   506   506   506   506   506   506   506   506 
1994  -9.5 -17.4  -4.8   3.4   6.7  13.5  18.0  14.3   9.2   3.2  -3.2  -3.2   506   506   506   506   506   506   506   506   506   506   506   506 
1995  -5.6  -3.6  -1.1   1.4   8.2  16.6  15.0  14.4   9.6   6.4  -4.6 -11.3   506   506   506   506   506   506   506   506   506   506   506   506 
1996  -7.2 -14.1  -4.7   1.1   7.1  13.5  14.4  16.6   7.9   5.0   1.3  -9.7   506   506   506   506   506   506   506   506   506   506   506   506 
1997  -9.2  -7.4  -3.8  -1.2   6.0  15.6  18.7  16.4   9.8   1.1  -2.8  -6.7   506   506   506   506   506   506   506   506   506   506   506   506 
1998  -5.5 -11.9  -7.8  -0.7   7.5  13.5  16.4  13.0  10.1   4.5  -4.2  -6.4   506   506   506   506   506   506   506   506   506   506   506   506 
1999 -11.8 -10.8  -3.7   3.8   6.0  18.0  17.3  13.1  10.4   5.4  -0.6  -6.3   506   506   506   506   506   506   506   506   506   506   506   506 
2000  -6.8  -6.2  -3.5   3.3   9.2  14.2  17.1  14.3   8.6   7.2   1.3  -2.6   506   506   506   506   506   506   506   506   506   506   506   506 
2001  -4.9 -11.3  -7.6   3.9   7.5  14.7  18.9  14.6  10.9   5.2  -3.1 -11.4   506   506   506   506   506   506   506   506   506   506   506   506 
2002  -8.3  -3.6  -2.9   3.2  10.5  15.9  18.6  16.9   9.0  -0.9  -7.1 -13.1   506   506   506   506   506   506   506   506   506   506   506   506 
2003 -15.5  -7.6  -1.7   0.6   9.9  12.2  20.2  14.7  10.3   2.9   0.2  -4.1   506   506   506   506   506   506   506   506   506   506   506   506 
2004 -10.5  -8.1  -3.4   2.5   8.6  12.9  16.6  15.1  11.2   3.6  -2.3  -4.0   506   506   506   506   506   506   506   506   506   506   506   506 
2005  -4.1  -8.5  -8.7   3.1   8.7  14.7  18.4  15.9  11.1   5.6   3.2  -6.9   506   506   506   506   506   506   506   506   506   506   506   506 
2006  -7.9 -13.0 -10.2   3.0   9.7  15.7  17.3  17.1  11.5   4.4  -1.4   0.8   506   506   506   506   506   506   506   506   506   506   506   506 
2007  -7.3 -16.0   0.9   3.2   9.3  14.4  16.5  16.4   9.1   5.6  -1.9  -0.3   506   506   506   506   506   506   506   506   506   506   506   506 
2008  -3.6  -3.5  -3.8   3.2   8.3  13.2  15.3  12.8   7.9   5.9   0.5  -1.8   506   506   506   506   506   506   506   506   506   506   506   506 
2009  -8.3  -8.6  -3.7   1.8  10.6  13.4  16.3  15.3  11.4   1.2   0.6  -8.8   506   506   506   506   506   506   506   506   506   506   506   506 
2010 -16.6 -12.7  -5.4   3.3  11.4  13.4  21.5  15.9  10.1   3.6  -4.8 -14.2   506   506   506   506   506   506   506   506   506   506   506   506 
2011  -9.2 -16.8  -3.6   4.3   9.6  16.3  19.3  15.2  11.3   5.5   1.9   0.2   506   506   506   506   506   506   506   506   506   506   506   506 
2012  -9.7 -12.5  -2.4   1.0   9.6  13.4  17.2  14.2  10.1   4.3   0.8 -12.7   506   506   506   506   506   506   506   506   506   506   506   506 
2013  -7.4  -4.5  -9.9   1.6  12.2  17.6  16.4  15.8  10.9   4.6   1.1  -1.2   506   506   506   506   506   506   506   506   506   506   506   506 
2014 -10.1  -1.3   0.7   3.4   9.5  12.7  18.8 -99.0  10.7   2.3   0.0  -3.6   506   506   506   506   506   506   506   -99   506   506   506   506 
2015  -7.6  -2.1  -0.1   3.2   9.1  12.8  14.9  15.7  11.5   4.6   2.5  -0.6   506   506   506   506   506   506   506   506   506   506   506   506 
2016 -14.7  -3.0  -1.7   3.6  12.8  14.5  17.6  15.0  10.5   3.3  -3.3  -3.5   506   506   506   506   506   506   506   506   506   506   506   506 
2017  -5.7  -6.8  -1.8 -99.0 -99.0 -99.0 -99.0 -99.0 -99.0 -99.0 -99.0 -99.0   506   506   506   -99   -99   -99   -99   -99   -99   -99   -99   -99 
