Number= 028890
Name= SUOMUSSALMI PESIO
Country= FINLAND
Lat=   64.9
Long=  -28.8
Height= 223
Start year= 2000
End year= 2017
First Good year= 2000
Source ID= 73
Source file= Jones
Jones data to= 2017
Normals source start year= 2000
Normals source end year= 1990
Normals= -99.0 -99.0 -99.0 -99.0 -99.0 -99.0 -99.0 -99.0 -99.0 -99.0 -99.0 -99.0 
Standard deviations source= Data
Standard deviations source start year= 2000
Standard deviations source end year= 1990
Obs:
2000 -99.0 -99.0 -99.0 -99.0 -99.0 -99.0 -99.0 -99.0 -99.0 -99.0  -1.2  -6.4   -99   -99   -99   -99   -99   -99   -99   -99   -99   -99   506   506 
2001  -6.5 -12.8 -10.6   1.4   4.8  13.4  16.2  11.8   8.6   1.7  -6.9 -13.0   506   506   506   506   506   506   506   506   506   506   506   506 
2002 -11.9  -6.9  -5.3   1.4   7.8  13.6  16.8  13.8   6.5  -2.7  -9.0 -14.9   506   506   506   506   506   506   506   506   506   506   506   506 
2003 -18.2  -8.0  -3.2  -1.3   7.3  10.1  19.1  12.8   8.0   1.3  -2.6  -8.1   506   506   506   506   506   506   506   506   506   506   506   506 
2004 -11.6 -11.2  -5.5  -0.1   6.1  11.3  15.5  12.7   8.8   1.5  -4.9  -6.2   506   506   506   506   506   506   506   506   506   506   506   506 
2005  -6.5 -10.6 -10.4   0.9   5.8  12.5  16.6  13.8   8.7   3.7   1.0  -8.8   506   506   506   506   506   506   506   506   506   506   506   506 
2006  -9.9 -15.0 -12.4   1.6   7.5  14.0  15.0  14.1   8.5   1.0  -4.7  -2.9   506   506   506   506   506   506   506   506   506   506   506   506 
2007 -10.1 -17.6  -1.1   0.4   6.6  11.9  14.4  14.4   6.7   3.8  -4.8  -2.7   506   506   506   506   506   506   506   506   506   506   506   506 
2008  -7.7  -6.9  -6.6  -0.4   4.8  11.4  13.5  10.7   5.8   3.5  -2.2  -3.5   506   506   506   506   506   506   506   506   506   506   506   506 
2009 -10.9 -11.5  -6.2  -1.2   8.2  11.3  14.0  13.6   9.3  -1.2  -1.3 -10.5   506   506   506   506   506   506   506   506   506   506   506   506 
2010 -17.6 -14.5  -8.4   1.8   9.2  10.9  18.2  12.6   7.7   2.2  -6.8 -15.4   506   506   506   506   506   506   506   506   506   506   506   506 
2011 -11.6 -17.9  -5.4   2.7   7.3  14.5  17.1  12.8   9.0   3.6  -0.9  -1.8   506   506   506   506   506   506   506   506   506   506   506   506 
2012 -11.7 -14.5  -5.1  -1.2   7.0  11.4  15.2  12.2   8.0   1.7  -1.9 -15.3   506   506   506   506   506   506   506   506   506   506   506   506 
2013  -9.3  -6.6 -13.0  -0.5   9.2  15.0  14.8  13.9   9.1   1.7  -2.2  -4.9   506   506   506   506   506   506   506   506   506   506   506   506 
2014 -12.5  -3.1  -2.0   0.2   7.3  10.6  17.8  14.0   8.5  -1.0  -3.3  -6.8   506   506   506   506   506   506   506   506   506   506   506   506 
2015  -9.8  -5.0  -1.7   1.1   7.1  10.4  12.5  13.7   9.8   2.5  -0.4  -4.9   506   506   506   506   506   506   506   506   506   506   506   506 
2016 -16.2  -5.1  -3.1   1.9  10.4  12.3  16.9  12.6   8.5   2.1  -5.4  -6.4   506   506   506   506   506   506   506   506   506   506   506   506 
2017  -8.5  -9.2  -4.1 -99.0 -99.0 -99.0 -99.0 -99.0 -99.0 -99.0 -99.0 -99.0   506   506   506   -99   -99   -99   -99   -99   -99   -99   -99   -99 
