Number= 232420
Name= NOVY PORT-----------
Country= RUSSIA
Lat=   67.6
Long=  -72.8
Height= 12
Start year= 1936
End year= 2020
First Good year= 1936
Source ID= 43
Source file= Jones
Jones data to= 2016
Normals source= Data
Normals source start year= 1961
Normals source end year= 1990
Normals= -25.6 -25.3 -19.7 -13.9  -5.4   3.2  11.6  10.0   4.5  -5.7 -16.4 -21.4 
Standard deviations source= Data
Standard deviations source start year= 1941
Standard deviations source end year= 1990
Standard deviations=   4.0   4.6   4.8   4.2   2.0   1.7   2.1   1.6   1.5   2.9   4.7   4.4 
Obs:
1936 -27.0 -28.6 -22.9 -11.1  -4.6   3.2   8.9  10.3   6.1  -2.0 -13.2 -15.7   506   506   506   506   506   506   506   506   506   506   506   506 
1937 -15.2 -21.2 -27.6 -16.8  -5.9   3.7  10.9   8.5   4.1  -4.2 -13.3 -22.6   506   506   506   506   506   506   506   506   506   506   506   506 
1938 -21.4 -26.8 -16.9  -8.0  -2.4   4.3  12.3   9.9   4.8  -7.7 -13.0 -23.4   506   506   506   506   506   506   506   506   506   506   506   506 
1939 -26.7 -20.8 -19.4 -11.8  -5.9   4.1  12.5   8.4   1.1  -4.9 -12.7 -17.6   506   506   506   506   506   506   506   506   506   506   506   506 
1940 -32.5 -21.8 -23.0 -11.4  -6.6   2.4  11.2  13.1   7.3  -9.9 -12.6 -27.6   506   506   506   506   506   506   506   506   506   506   506   506 
1941 -29.5 -26.7 -29.4 -18.2  -1.0   5.8   7.8  10.5   4.7  -2.1 -16.3 -23.2   506   506   506   506   506   506   506   506   506   506   506   506 
1942 -19.8 -20.3 -28.5 -15.6  -3.8   5.3  13.2  11.1   6.1  -6.5 -13.6 -16.4   506   506   506   506   506   506   506   506   506   506   506   506 
1943 -25.3 -15.9 -19.1  -5.6  -1.4   7.0  13.0  12.2   7.0  -4.0 -10.5 -19.9   506   506   506   506   506   506   506   506   506   506   506   506 
1944 -18.7 -18.8 -20.0 -10.2  -3.9   2.4  12.0   8.2   5.6  -0.4 -11.3 -12.2   506   506   506   506   506   506   506   506   506   506   506   506 
1945 -19.1 -21.6 -23.8  -9.8  -2.5   6.8  11.6  13.0   6.5  -2.9 -20.3 -23.1   506   506   506   506   506   506   506   506   506   506   506   506 
1946 -22.9 -25.4 -22.2  -9.5  -6.1   0.9   7.5  11.3   2.9  -7.2 -16.3 -22.1   506   506   506   506   506   506   506   506   506   506   506   506 
1947 -21.6 -32.2 -19.7  -9.8  -3.5   3.1   9.7  10.4   3.8   0.1 -16.9 -18.3   506   506   506   506   506   506   506   506   506   506   506   506 
1948 -24.1 -24.6 -22.1 -10.9  -2.8   3.8  11.6   9.6   7.1  -1.3  -9.5 -24.2   506   506   506   506   506   506   506   506   506   506   506   506 
1949 -18.7 -27.9 -18.5  -8.4  -4.9   0.5   7.1  10.9   2.6  -2.7 -16.5 -23.4   506   506   506   506   506   506   506   506   506   506   506   506 
1950 -28.3 -28.4 -16.8 -11.4  -3.5   4.8  10.7   9.4   5.9  -2.8 -13.0 -19.0   506   506   506   506   506   506   506   506   506   506   506   506 
1951 -25.2 -30.5 -24.0  -5.9  -4.7   1.5  11.8   9.0   6.0  -1.4 -14.7 -15.7   506   506   506   506   506   506   506   506   506   506   506   506 
1952 -24.0 -20.7 -28.7 -14.3  -7.0   3.9  11.7   9.7   6.6  -8.0 -19.7 -26.8   506   506   506   506   506   506   506   506   506   506   506   506 
1953 -25.2 -22.6 -22.3  -6.3  -3.5   5.2  13.8  11.8   3.0  -4.6 -20.5 -12.2   506   506   506   506   506   506   506   506   506   506   506   506 
1954 -22.5 -29.8 -19.4 -10.9  -5.3   4.6  13.5  10.4   4.6  -2.3 -14.1 -15.7   506   506   506   506   506   506   506   506   506   506   506   506 
1955 -15.4 -30.9 -25.6  -8.2  -3.4   5.4  12.7   8.9   4.6  -1.5 -19.2 -28.9   506   506   506   506   506   506   506   506   506   506   506   506 
1956 -22.9 -24.2 -14.9 -18.8  -4.3   4.5  15.0  11.8   2.7  -7.9 -17.2 -18.5   506   506   506   506   506   506   506   506   506   506   506   506 
1957 -23.1 -23.9 -30.0 -12.3  -2.8   4.2  12.4  13.3   5.0  -6.4 -26.0 -25.6   506   506   506   506   506   506   506   506   506   506   506   506 
1958 -21.9 -26.9 -28.6 -19.0  -7.9   2.3  10.1   7.0   0.8  -5.6 -15.3 -31.5   506   506   506   506   506   506   506   506   506   506   506   506 
1959 -22.2 -24.2 -16.7 -19.2  -5.0   4.9  12.8  11.5   6.8  -6.1 -12.6 -20.3   506   506   506   506   506   506   506   506   506   506   506   506 
1960 -29.1 -32.6 -28.4 -14.2  -7.1   4.8   9.9   7.1   4.7  -8.2 -20.4 -18.0   506   506   506   506   506   506   506   506   506   506   506   506 
1961 -24.3 -22.0 -10.9 -11.7  -6.7   1.7  12.0  11.0   4.1  -5.9 -16.5 -22.4   506   506   506   506   506   506   506   506   506   506   506   506 
1962 -20.2 -18.6 -18.6  -9.4  -2.2   4.0  14.6  10.3   7.4  -6.4 -12.5 -23.0   506   506   506   506   506   506   506   506   506   506   506   506 
1963 -24.2 -23.5 -28.2 -14.0  -5.2   3.8  12.4  11.5   3.0  -2.2 -15.8 -28.2   506   506   506   506   506   506   506   506   506   506   506   506 
1964 -28.4 -22.4 -25.0 -19.9  -7.2   2.0  12.1   9.2   6.2  -5.3 -23.3 -20.1   506   506   506   506   506   506   506   506   506   506   506   506 
1965 -24.4 -26.0 -18.4 -14.8  -7.0   2.4  13.7  11.2   3.2  -6.1 -23.5 -22.4   506   506   506   506   506   506   506   506   506   506   506   506 
1966 -23.7 -36.7 -26.0 -17.2  -5.9   2.2  10.7   9.6   4.6 -10.6 -15.7 -19.0   506   506   506   506   506   506   506   506   506   506   506   506 
1967 -28.4 -24.6 -12.6  -7.5  -5.0   3.5  13.5   9.6   4.1  -0.9  -8.2 -16.3   506   506   506   506   506   506   506   506   506   506   506   506 
1968 -24.8 -19.5 -11.9 -15.3  -4.5   0.4   7.4   9.1   2.4  -6.7 -26.6 -31.3   506   506   506   506   506   506   506   506   506   506   506   506 
1969 -31.6 -29.7 -23.1 -16.5  -9.1   2.5  11.1   7.6   3.3  -6.2  -9.2 -18.1   506   506   506   506   506   506   506   506   506   506   506   506 
1970 -28.6 -24.0 -16.9 -16.3  -8.8   0.9   8.6   6.4   5.1  -8.3 -17.1 -23.3   506   506   506   506   506   506   506   506   506   506   506   506 
1971 -27.5 -30.0 -21.0 -18.3  -4.3   1.6   9.0  10.7   4.6  -7.6 -11.1 -20.5   506   506   506   506   506   506   506   506   506   506   506   506 
1972 -27.6 -23.2 -22.2 -11.0  -9.0   4.3   9.0   8.5   2.4  -4.3 -21.8 -22.1   506   506   506   506   506   506   506   506   506   506   506   506 
1973 -30.3 -18.4 -18.6 -10.8  -5.2   4.2  10.9  11.3   3.1  -6.0 -13.5 -21.8   506   506   506   506   506   506   506   506   506   506   506   506 
1974 -27.4 -30.3 -18.9 -13.5  -6.9   0.5  10.7   9.8   4.4  -9.1 -25.4 -16.5   506   506   506   506   506   506   506   506   506   506   506   506 
1975 -22.0 -24.2 -20.5 -12.1  -5.9   2.4  11.2  10.2   6.5  -7.0 -18.7 -17.9   506   506   506   506   506   506   506   506   506   506   506   506 
1976 -23.7 -24.8 -19.2  -9.0  -4.4   3.4  11.0  11.5   5.1 -11.9 -12.7 -22.0   506   506   506   506   506   506   506   506   506   506   506   506 
1977 -28.1 -34.1 -24.8  -7.5  -1.2   7.3  12.2  10.5 -99.0 -99.0 -99.0 -22.6   506   506   506   506   506   506   506   506   -99   -99   -99   506 
1978 -25.5 -27.3 -19.9 -18.4  -5.9   1.8  11.6   7.1   3.6  -3.4 -13.2 -26.9   506   506   506   506   506   506   506   506   506   506   506   506 
1979 -29.7 -34.4 -27.6 -16.1  -3.8   3.0  12.2  10.9   6.7  -6.9 -13.8 -23.6   506   506   506   506   506   506   506   506   506   506   506   506 
1980 -26.9 -20.2 -20.9 -10.9  -4.9   3.3   7.8   7.7   4.0  -2.2 -19.0 -20.0   506   506   506   506   506   506   506   506   506   506   506   506 
1981 -15.3 -22.6 -25.1 -11.7  -7.3   4.2  10.4  14.3   5.2  -3.0  -8.9 -15.8   506   506   506   506   506   506   506   506   506   506   506   506 
1982 -26.9 -24.5 -24.8  -8.2  -2.5   4.7  13.4   9.2   3.5 -11.6 -15.2 -14.6   506   506   506   506   506   506   506   506   506   506   506   506 
1983 -20.0 -22.9 -18.4 -15.9  -7.5   3.5  12.2  10.5   5.8  -2.1 -13.9 -18.4   506   506   506   506   506   506   506   506   506   506   506   506 
1984 -16.4 -18.1 -16.5 -21.3  -6.2   3.6  12.9  10.9   5.3  -6.5 -25.2 -20.0   506   506   506   506   506   506   506   506   506   506   506   506 
1985 -29.1 -29.9 -17.4 -13.2  -6.5   5.3   9.8  10.0   6.4  -2.7 -17.0 -23.8   506   506   506   506   506   506   506   506   506   506   506   506 
1986 -23.6 -26.1 -16.7 -13.3  -5.6   3.0  13.1   9.8   2.4  -2.2  -7.8 -27.9   506   506   506   506   506   506   506   506   506   506   506   506 
1987 -28.5 -24.2 -19.4 -16.6  -3.0   0.4  11.4   9.2   4.4  -2.0 -18.3 -21.3   506   506   506   506   506   506   506   506   506   506   506   506 
1988 -20.6 -27.9 -15.1 -19.8  -3.9   4.4  11.3  10.6   5.0  -5.4 -15.4 -17.1   506   506   506   506   506   506   506   506   506   506   506   506 
1989 -28.0 -22.4 -13.9 -17.3  -2.9   5.3  14.0  11.3   4.4  -4.2 -15.0 -23.0   506   506   506   506   506   506   506   506   506   506   506   506 
1990 -31.0 -25.2 -18.0  -8.0  -3.1   5.7  17.7   9.3   3.7  -8.0 -22.7 -21.8   506   506   506   506   506   506   506   506   506   506   506   506 
1991 -23.9 -25.6 -24.0  -7.7  -1.9   6.7  12.6   8.7   8.2  -3.2 -13.7 -23.9   506   506   506   506   506   506   506   506   506   506   506   506 
1992 -27.0 -21.5 -17.1 -21.5  -2.4   1.7  10.2  11.4   2.6 -11.6 -20.9 -18.5   506   506   506   506   506   506   506   506   506   506   506   506 
1993 -19.7 -19.7 -13.4 -14.1  -6.2   6.3  14.5  10.6   4.8  -6.6 -12.9 -22.1   506   506   506   506   506   506   506   506   506   506   506   506 
1994 -26.4 -34.3 -12.4 -11.4  -7.1   4.1  11.6  10.7   4.4  -2.8 -18.7 -23.0   506   506   506   506   506   506   506   506   506   506   506   506 
1995 -16.1 -14.0 -16.4  -2.4  -2.2   3.5  12.4  13.1   4.9  -4.5 -17.1 -23.7   506   506   506   506   506   506   506   506   506   506   506   506 
1996 -22.6 -18.3 -14.2 -15.5  -5.3   2.9  12.7   7.6   0.8  -2.8  -8.8 -19.7   506   506   506   506   506   506   506   506   506   506   506   506 
1997 -28.0 -29.6 -14.7  -5.7  -1.8   3.9   7.4   8.6   6.7  -1.6 -17.6 -27.2   506   506   506   506   506   506   506   506   506   506   506   506 
1998 -23.9 -32.0 -16.5 -17.6  -5.9   3.4  13.3  10.9   0.7 -11.3 -28.2 -23.1   506   506   506   506   506   506   506   506   506   506   506   506 
1999 -28.9 -20.7 -25.9 -16.5  -6.1   2.4  10.9   9.5   3.9  -3.5 -17.0 -15.5   506   506   506   506   506   506   506   506   506   506   506   506 
2000 -29.2 -22.3 -15.4  -9.5  -3.4   6.0  11.8  14.1   3.9  -5.9 -19.4 -28.9   506   506   506   506   506   506   506   506   506   506   506   506 
2001 -31.9 -28.7 -24.7 -14.9  -1.9   7.5  10.5  13.1   5.7  -6.0 -15.3 -18.3   506   506   506   506   506   506   506   506   506   506   506   506 
2002 -26.9 -23.2 -18.5 -12.1  -3.6   5.0  12.3   9.9   1.8  -3.4 -15.3 -26.0   506   506   506   506   506   506   506   506   506   506   506   506 
2003 -26.4 -25.6 -20.6 -11.3  -1.7   6.5  10.8  14.9   5.3  -2.8 -19.6 -19.1   506   506   506   506   506   506   506   506   506   506   506   506 
2004 -21.5 -99.0 -99.0 -99.0  -5.6   6.3  13.7   8.7   3.9  -5.2 -10.9 -23.1   506   -99   -99   -99   506   506   506   506   506   506   506   506 
2005 -17.0 -21.2 -21.0 -14.6  -1.9   6.5  13.5  10.7   7.1  -1.4  -7.4 -17.5   506   506   506   506   506   506   506   506   506   506   506   506 
2006 -30.5 -22.8 -18.8 -20.7  -3.5   5.9  13.8   9.2   4.6  -8.7 -20.1 -19.4   506   506   506   506   506   506   506   506   506   506   506   506 
2007 -14.0 -32.3 -17.0  -5.4  -6.9   3.0  16.4   9.7   5.9   0.8 -11.9 -16.6   506   506   506   506   506   506   506   506   506   506   506   506 
2008 -16.0 -20.2 -20.2 -13.0  -4.9   2.3  12.1  11.0   5.8  -2.9 -13.9 -14.0   506   506   506   506   506   506   506   506   506   506   506   506 
2009 -23.1 -27.1 -18.8 -11.6  -6.2   3.8  11.6  11.4   7.2  -2.6 -20.8 -29.8   506   506   506   506   506   506   506   506   506   506   506   506 
2010 -24.7 -33.9 -18.4 -12.4  -4.0   3.8   9.9   9.4   2.6  -0.5 -15.7 -24.2   506   506   506   506   506   506   506   506   506   506   506   506 
2011 -22.6 -24.1 -11.9  -6.7  -0.4   8.9   9.4   8.6   7.6  -0.7 -13.0 -12.7   506   506   506   506   506   506   506   506   506   506   506   506 
2012 -19.5 -17.1 -17.3  -9.4  -3.0  10.6  14.3   9.7   7.0  -2.5 -13.8 -16.8   506   506   506   506   506   506   506   506   506   506   506   506 
2013 -27.5 -19.1 -27.3  -9.1  -3.2   5.2  15.8  11.3   3.8  -5.4 -12.2 -21.6   506   506   506   506   506   506   506   506   506   506   506   506 
2014 -29.9 -28.9 -12.0  -8.8  -2.5   4.9  10.7   9.4   2.7  -7.4 -16.4 -17.3   506   506   506   506   506   506   506   900   900   506   900   900 
2015 -27.1 -23.1 -13.1  -7.5   0.4   9.4  13.3   9.7   4.8  -5.3 -13.5 -17.9   506   506   506   506   506   506   506   506   506   506   506   506 
2016 -19.5 -11.3 -15.4  -6.1  -3.2   9.8  18.1  12.7   9.6  -0.5 -17.6 -27.6   900   900   900   900   506   506   900   900   506   900   900   900 
2017 -23.8 -23.3  -7.7 -13.0  -6.4   5.5  14.4  10.2   3.5  -1.2 -10.9 -11.5   900   900   900   900   900   900   900   900   900   900   900   900 
2018 -19.4 -23.7 -22.9 -12.5  -6.6   6.7  13.7  10.4   6.6  -1.6 -14.6 -18.0   900   900   900   900   900   900   900   900   900   900   900   900 
2019 -22.7 -23.4 -12.4 -11.3  -2.5   4.2  15.8  12.5   5.4  -2.2 -15.5 -16.7   900   900   900   900   900   900   900   900   900   900   900   900 
2020 -19.2 -12.8 -11.3  -4.8   1.4   8.9  13.8  14.1   8.6  -2.9  -9.4 -20.7   900   900   900   900   900   900   900   900   900   900   900   900 
