Number= 233450
Name= NYDA----------------
Country= RUSSIA
Lat=   66.6
Long=  -72.9
Height= 10
Start year= 1948
End year= 2016
First Good year= 1948
Source ID= 43
Source file= Jones
Jones data to= 2016
Normals source= Data
Normals source start year= 1961
Normals source end year= 1990
Normals= -25.0 -24.4 -17.8 -11.9  -3.8   5.8  14.1  11.0   5.2  -5.5 -15.7 -21.0 
Standard deviations source= Data
Standard deviations source start year= 1948
Standard deviations source end year= 1990
Standard deviations=   4.3   4.6   5.0   4.3   2.2   2.2   1.9   1.5   1.5   3.0   5.0   4.5 
Obs:
1948 -23.9 -23.7 -20.2  -8.2  -0.8   6.9  13.3  10.3   8.0  -1.2  -9.7 -24.7   506   506   506   506   506   506   506   506   506   506   506   506 
1949 -17.3 -26.4 -17.0  -6.4  -3.5   2.9   9.6  12.3   3.7  -2.0 -17.1 -24.6   506   506   506   506   506   506   506   506   506   506   506   506 
1950 -29.3 -26.8 -14.7  -9.4  -2.0   9.1  13.5  10.7   6.0  -2.5 -13.3 -18.9   506   506   506   506   506   506   506   506   506   506   506   506 
1951 -23.9 -30.8 -21.6  -3.8  -2.8   4.5  14.7  10.1   7.1  -1.1 -13.7 -14.9   506   506   506   506   506   506   506   506   506   506   506   506 
1952 -22.8 -19.1 -27.6 -12.3  -4.8   5.6  13.4  10.3   7.1  -7.9 -20.8 -26.2   506   506   506   506   506   506   506   506   506   506   506   506 
1953 -23.4 -22.3 -20.1  -3.6  -0.4   7.5  15.6  12.8   3.2  -3.9 -21.2 -13.3   506   506   506   506   506   506   506   506   506   506   506   506 
1954 -21.6 -29.6 -17.7  -8.7  -3.7   8.0  14.8  11.1   5.5  -1.5 -14.5 -16.8   506   506   506   506   506   506   506   506   506   506   506   506 
1955 -14.7 -29.7 -23.3  -6.8  -0.3   9.3  14.7  10.2   4.9  -0.3 -21.2 -29.7   506   506   506   506   506   506   506   506   506   506   506   506 
1956 -22.1 -24.6 -13.7 -17.8  -2.8   6.3  17.5  12.2   3.1  -6.3 -16.7 -18.6   506   506   506   506   506   506   506   506   506   506   506   506 
1957 -21.9 -23.2 -27.9 -10.2  -1.2   8.3  15.0  14.0   6.0  -5.9 -25.6 -25.2   506   506   506   506   506   506   506   506   506   506   506   506 
1958 -21.5 -25.1 -27.1 -16.9  -6.6   4.8  13.6   9.0   1.6  -5.2 -14.2 -30.9   506   506   506   506   506   506   506   506   506   506   506   506 
1959 -21.3 -23.4 -14.9 -17.5  -3.7   6.6  15.2  12.5   6.9  -6.5 -13.6 -21.2   506   506   506   506   506   506   506   506   506   506   506   506 
1960 -28.6 -30.8 -27.6 -12.9  -6.7   7.1  11.8   8.2   5.4  -7.9 -19.8 -18.3   506   506   506   506   506   506   506   506   506   506   506   506 
1961 -23.3 -21.2  -7.9  -8.8  -4.8   5.4  14.8  11.5   5.2  -6.1 -16.5 -21.5   506   506   506   506   506   506   506   506   506   506   506   506 
1962 -18.7 -17.5 -16.7  -7.5   0.0   8.1  16.6  10.8   7.6  -6.9 -13.3 -21.8   506   506   506   506   506   506   506   506   506   506   506   506 
1963 -22.9 -20.8 -26.5 -12.4  -4.0   7.4  14.8  12.4   3.8  -1.8 -15.4 -28.7   506   506   506   506   506   506   506   506   506   506   506   506 
1964 -28.5 -21.6 -23.4 -17.8  -4.8   4.4  16.0  10.1   6.8  -5.2 -21.5 -19.7   506   506   506   506   506   506   506   506   506   506   506   506 
1965 -24.2 -24.9 -16.4 -13.2  -4.8   5.5  16.8  12.1   3.9  -6.4 -24.4 -21.8   506   506   506   506   506   506   506   506   506   506   506   506 
1966 -23.2 -35.8 -24.2 -15.6  -4.5   3.7  13.7  10.5   5.4  -9.8 -15.8 -20.0   506   506   506   506   506   506   506   506   506   506   506   506 
1967 -26.1 -23.6 -11.0  -5.5  -3.2   7.3  15.5  11.0   4.7  -0.3  -8.0 -15.9   506   506   506   506   506   506   506   506   506   506   506   506 
1968 -25.8 -18.7  -9.5 -13.2  -2.7   2.6  11.2  10.3   3.1  -5.9 -25.7 -32.1   506   506   506   506   506   506   506   506   506   506   506   506 
1969 -32.2 -30.4 -21.4 -14.7  -8.0   4.9  14.7   8.5   4.0  -6.7  -8.9 -19.2   506   506   506   506   506   506   506   506   506   506   506   506 
1970 -28.4 -23.4 -15.7 -14.2  -7.5   1.8  11.9   8.0   6.4  -8.0 -16.0 -22.5   506   506   506   506   506   506   506   506   506   506   506   506 
1971 -25.7 -30.4 -20.1 -16.5  -2.9   4.6  11.6  11.4   5.6  -7.0  -9.9 -19.8   506   506   506   506   506   506   506   506   506   506   506   506 
1972 -28.5 -22.9 -20.7  -8.6  -7.5   3.9  10.6   9.9   2.7  -3.3 -21.2 -21.7   506   506   506   506   506   506   506   506   506   506   506   506 
1973 -29.9 -17.5 -16.8  -8.3  -2.9   6.7  12.6  12.7   3.3  -5.0 -12.8 -20.7   506   506   506   506   506   506   506   506   506   506   506   506 
1974 -27.2 -29.4 -17.6 -10.7  -5.4   2.3  14.4  10.8   5.4  -8.4 -25.2 -15.6   506   506   506   506   506   506   506   506   506   506   506   506 
1975 -21.7 -23.0 -17.8  -9.8  -4.6   4.9  14.0  10.7   7.3  -6.2 -18.0 -18.5   506   506   506   506   506   506   506   506   506   506   506   506 
1976 -22.6 -25.2 -17.2  -6.7  -2.5   7.1  14.8  12.4   5.7 -12.1 -11.8 -21.1   506   506   506   506   506   506   506   506   506   506   506   506 
1977 -28.4 -33.2 -22.6  -6.0   1.3  11.0  13.7  10.9   5.7 -11.5  -6.7 -22.1   506   506   506   506   506   506   506   506   506   506   506   506 
1978 -24.1 -25.4 -16.8 -16.6  -5.1   2.4  14.9   8.5   4.1  -3.0 -13.5 -26.9   506   506   506   506   506   506   506   506   506   506   506   506 
1979 -29.4 -33.2 -25.7 -14.8  -2.6   4.5  14.1  11.5   7.5  -6.4 -12.9 -23.3   506   506   506   506   506   506   506   506   506   506   506   506 
1980 -27.0 -18.8 -19.5  -8.6  -3.8   6.2  10.7   9.0   5.4  -1.1 -17.5 -18.9   506   506   506   506   506   506   506   506   506   506   506   506 
1981 -14.2 -21.0 -22.3  -9.8  -5.9   7.5  11.8  15.0   5.9  -3.0  -9.3 -14.8   506   506   506   506   506   506   506   506   506   506   506   506 
1982 -26.3 -24.0 -24.1  -5.9   0.1   9.7  15.4  10.0   4.1 -11.0 -14.2 -13.5   506   506   506   506   506   506   506   506   506   506   506   506 
1983 -18.7 -20.7 -16.7 -14.8  -6.4   7.7  14.1  11.1   6.3  -2.1 -13.1 -18.0   506   506   506   506   506   506   506   506   506   506   506   506 
1984 -15.7 -17.0 -14.3 -20.1  -4.4   7.8  15.3  12.8   6.1  -7.0 -24.8 -20.1   506   506   506   506   506   506   506   506   506   506   506   506 
1985 -29.0 -30.9 -15.7 -11.2  -5.3   5.4  12.1  11.3   7.3  -2.9 -17.1 -24.0   506   506   506   506   506   506   506   506   506   506   506   506 
1986 -22.6 -25.5 -14.8 -11.1  -4.4   4.7  14.3  10.4   2.9  -1.7  -8.0 -27.9   506   506   506   506   506   506   506   506   506   506   506   506 
1987 -27.7 -22.7 -18.0 -14.5  -1.6   3.3  15.6  10.8   5.2  -1.9 -18.8 -20.6   506   506   506   506   506   506   506   506   506   506   506   506 
1988 -20.1 -27.3 -13.6 -17.9  -3.0   5.2  13.0  11.5   5.9  -4.8 -15.2 -16.0   506   506   506   506   506   506   506   506   506   506   506   506 
1989 -27.1 -20.9 -12.0 -16.1  -1.9   8.1  16.2  12.3   4.2  -3.1 -13.9 -22.5   506   506   506   506   506   506   506   506   506   506   506   506 
1990 -29.9 -24.2 -16.0  -7.0  -0.9   8.6  18.9  11.1   4.4  -7.0 -21.5 -20.3   506   506   506   506   506   506   506   506   506   506   506   506 
1991 -22.6 -24.0 -22.9  -5.4   0.3  10.9  14.6   9.7   8.4  -2.0 -13.0 -24.5   506   506   506   506   506   506   506   506   506   506   506   506 
1992 -26.2 -20.4 -15.3 -20.6  -1.0   3.7  13.4  12.2   3.1 -10.2 -21.4 -17.7   506   506   506   506   506   506   506   506   506   506   506   506 
1993 -18.5 -18.7 -12.2 -12.3  -5.4   8.6  16.4  11.4   5.4  -5.3 -13.3 -22.3   506   506   506   506   506   506   506   506   506   506   506   506 
1994 -25.5 -33.5 -11.1 -10.0  -5.3   9.0  15.1  12.0   5.0  -2.5 -19.3 -23.7   506   506   506   506   506   506   506   506   506   506   506   506 
1995 -14.2 -12.0 -14.8  -0.5   0.4   5.3  14.4  13.3   5.8  -3.3 -16.5 -23.5   506   506   506   506   506   506   506   506   506   506   506   506 
1996 -22.4 -17.7 -12.7 -14.4  -3.1   5.8  15.7   8.6   1.7  -2.4  -9.4 -19.6   506   506   506   506   506   506   506   506   506   506   506   506 
1997 -28.0 -28.0 -12.8  -2.6   0.9   6.1   9.2   9.7   7.4  -1.0 -17.6 -28.0   506   506   506   506   506   506   506   506   506   506   506   506 
1998 -23.0 -31.2 -14.5 -15.9  -4.5   5.3  15.4  12.4   1.8 -10.7 -29.7 -24.1   506   506   506   506   506   506   506   506   506   506   506   506 
1999 -28.7 -18.1 -25.6 -14.9  -4.9   3.9  13.2  10.6   4.5  -2.4 -17.2 -15.0   506   506   506   506   506   506   506   506   506   506   506   506 
2000 -29.3 -21.1 -14.2  -7.3  -1.3   9.7  13.2  14.6   4.7  -4.4 -19.7 -28.6   506   506   506   506   506   506   506   506   506   506   506   506 
2001 -31.6 -28.1 -22.4 -12.7   0.1   8.9  11.8  14.4   5.9  -5.9 -14.8 -17.9   506   506   506   506   506   506   506   506   506   506   506   506 
2002 -25.5 -21.5 -17.0 -10.8  -1.3   8.6  13.8  10.6   2.7  -2.8 -15.3 -26.4   506   506   506   506   506   506   506   506   506   506   506   506 
2003 -25.6 -24.7 -18.9 -10.0   0.5  11.7  13.2  15.2   6.1  -2.0 -20.1 -17.8   506   506   506   506   506   506   506   506   506   506   506   506 
2004 -19.6 -22.7 -19.7 -18.7  -3.9  10.6  15.3   9.6   4.0  -4.9 -10.4 -24.1   506   506   506   506   506   506   506   506   506   506   506   506 
2005 -17.0 -21.1 -18.5 -12.6   0.4   8.8  15.4  11.5   7.8   0.0  -7.8 -18.4   506   506   506   506   506   506   506   506   506   506   506   506 
2006 -31.7 -21.8 -16.8 -19.3  -2.8   9.0  15.2  10.0   5.5  -7.7 -21.2 -19.7   506   506   506   506   506   506   506   506   506   506   506   506 
2007 -12.7 -31.8 -16.2  -3.9  -5.9   5.9  18.5  11.1   6.2   1.3 -11.4 -16.5   506   506   506   506   506   506   506   506   506   506   506   506 
2008 -15.8 -19.1 -17.9 -11.9  -2.8   5.1  14.1  11.8   6.5  -2.9 -13.7 -14.9   506   506   506   506   506   506   506   506   506   506   506   506 
2009 -22.9 -26.7 -17.0  -9.9  -5.6   6.3  14.1  12.9   8.4  -2.5 -21.2 -31.3   506   506   506   506   506   506   506   506   506   506   506   506 
2010 -25.7 -33.7 -17.0 -10.5  -2.5   6.7  11.5  10.3   3.4   0.1 -15.1 -25.4   506   506   506   506   506   506   506   506   506   506   506   506 
2011 -21.4 -24.2 -10.5  -4.4   1.3  11.8  10.7   9.7   8.0  -0.3 -14.1 -12.7   506   506   506   506   506   506   506   506   506   506   506   506 
2012 -19.9 -16.3 -15.8  -7.3  -1.0  15.1  16.2  11.2   7.6  -2.9 -15.1 -17.6   506   506   506   506   506   506   506   506   506   506   506   506 
2013 -28.7 -18.6 -25.3  -7.1  -2.3   6.9  17.3  12.3   4.0  -5.0 -11.1 -20.0   506   506   506   506   506   506   506   506   506   506   506   506 
2014 -31.5 -29.3 -11.4  -7.1  -1.3   9.4  12.1  10.8   3.4  -7.2 -15.4 -17.3   506   506   506   506   506   506   506   506   506   506   506   506 
2015 -25.8 -21.7 -12.1  -5.1   2.1  12.7  13.8  10.8   5.2  -6.2 -14.2 -18.4   506   506   506   506   506   506   506   506   506   506   506   506 
2016 -19.7 -10.6 -13.2  -4.2  -2.1  14.7  19.3  13.8   9.6 -99.0 -99.0 -99.0   506   506   506   506   506   506   506   506   506   -99   -99   -99 
