Number= 239460
Name= UGUT----------------
Country= RUSSIA
Lat=   60.5
Long=  -74.0
Height= 48
Start year= 1943
End year= 2016
First Good year= 1943
Source ID= 43
Source file= Jones
Jones data to= 2016
Normals source= Data
Normals source start year= 1961
Normals source end year= 1990
Normals= -21.0 -19.0  -9.3  -1.8   5.8  13.8  18.0  13.6   7.7  -1.6 -11.4 -17.5 
Standard deviations source= Data
Standard deviations source start year= 1943
Standard deviations source end year= 1990
Standard deviations=   4.7   4.4   3.6   3.0   2.2   1.8   1.7   1.5   1.9   2.5   4.6   4.5 
Obs:
1943 -99.0 -99.0 -99.0 -99.0 -99.0 -99.0 -99.0 -99.0 -99.0  -0.9 -99.0 -15.6   -99   -99   -99   -99   -99   -99   -99   -99   -99   506   -99   506 
1944 -15.4 -12.0  -6.5   2.2   6.8  14.9  16.5  14.1   8.3   1.2 -13.9 -14.1   506   506   506   506   506   506   506   506   506   506   506   506 
1945 -21.6 -21.6 -13.4   1.8   7.4  13.9  15.6  16.0   9.5   1.0 -16.5 -22.3   506   506   506   506   506   506   506   506   506   506   506   506 
1946 -18.6 -14.5 -12.7  -0.5   3.6  10.2  17.6  14.4   5.5  -2.0 -10.4 -22.6   506   506   506   506   506   506   506   506   506   506   506   506 
1947 -24.1 -21.4 -10.1   1.1   6.9  12.7  14.2  14.2   7.5   3.6 -12.4 -19.3   506   506   506   506   506   506   506   506   506   506   506   506 
1948 -18.3 -17.6 -11.7  -1.4   6.1  12.7  17.8  12.5   9.3   1.6  -8.0 -23.5   506   506   506   506   506   506   506   506   506   506   506   506 
1949 -10.8 -17.0 -11.5   2.3   3.9  12.1  14.5  17.0   4.7  -0.8 -15.0 -25.1   506   506   506   506   506   506   506   506   506   506   506   506 
1950 -29.6 -16.1  -7.9  -0.7   6.4  14.5  17.8  15.4   9.7   0.2 -14.5 -13.5   506   506   506   506   506   506   506   506   506   506   506   506 
1951 -21.1 -28.3  -9.0   6.1   6.4  12.8  18.8  13.7  11.0  -0.9 -11.1 -13.1   506   506   506   506   506   506   506   506   506   506   506   506 
1952 -16.3 -15.9 -14.6  -5.0   6.6  13.7  18.4  13.1   9.6  -3.7 -22.9 -22.3   506   506   506   506   506   506   506   506   506   506   506   506 
1953 -18.8 -19.9 -11.6   3.2   7.3  12.8  19.1  15.4   8.6  -2.4 -22.4 -15.7   506   506   506   506   506   506   506   506   506   506   506   506 
1954 -22.5 -26.2 -10.8   0.0   4.9  15.4  17.5  12.9   9.0   2.2 -13.7 -21.1   506   506   506   506   506   506   506   506   506   506   506   506 
1955 -14.1 -23.2 -14.4  -1.0  10.0  15.9  17.3  13.3   5.7   3.0  -9.1 -28.4   506   506   506   506   506   506   506   506   506   506   506   506 
1956 -19.8 -22.3 -11.0  -3.8   8.4  12.5  18.1  14.1   4.7  -0.9 -10.7 -18.1   506   506   506   506   506   506   506   506   506   506   506   506 
1957 -21.2 -16.5 -15.1  -3.9   6.6  16.2  17.8  15.5  11.2  -1.6 -16.4 -15.5   506   506   506   506   506   506   506   506   506   506   506   506 
1958 -18.5 -16.3 -16.7  -4.4   4.2  14.4  17.0  15.2   4.5  -0.2  -9.3 -22.9   506   506   506   506   506   506   506   506   506   506   506   506 
1959 -17.9 -19.0  -9.1  -3.8   5.6  14.5  16.9  13.3   8.7  -4.4 -13.3 -22.3   506   506   506   506   506   506   506   506   506   506   506   506 
1960 -25.4 -17.4 -20.3  -1.9   3.9  14.4  14.1  12.3   9.1  -3.8 -17.7 -18.6   506   506   506   506   506   506   506   506   506   506   506   506 
1961 -18.4 -14.5  -4.5   0.2   6.7  13.3  19.0  13.7   8.1  -6.0 -11.9 -14.8   506   506   506   506   506   506   506   506   506   506   506   506 
1962 -13.0 -10.9  -7.9   0.7  10.9  13.0  19.6  12.6   8.0  -2.0 -11.5 -16.1   506   506   506   506   506   506   506   506   506   506   506   506 
1963 -21.0 -12.5 -13.8  -3.1   4.4  14.4  17.5  13.8   6.7   0.7 -10.3 -19.7   506   506   506   506   506   506   506   506   506   506   506   506 
1964 -21.1 -23.9 -17.1  -6.9   7.8  13.6  19.0  14.4   8.6  -2.6 -13.1 -15.2   506   506   506   506   506   506   506   506   506   506   506   506 
1965 -21.0 -20.2  -6.1  -2.5   7.9  13.6  18.3  12.9   7.4  -0.3 -18.0 -18.5   506   506   506   506   506   506   506   506   506   506   506   506 
1966 -20.0 -27.4 -12.6  -3.0   6.4  12.0  18.5  13.7  11.5  -4.8 -12.8 -25.9   506   506   506   506   506   506   506   506   506   506   506   506 
1967 -20.6 -19.1  -5.8   3.8   7.0  14.1  20.2  13.3   6.1   3.5  -7.3 -12.9   506   506   506   506   506   506   506   506   506   506   506   506 
1968 -23.1 -13.8  -5.0  -3.3   7.8   9.9  18.1  13.9   4.6  -2.6 -23.5 -30.4   506   506   506   506   506   506   506   506   506   506   506   506 
1969 -31.9 -28.4 -13.1  -3.5   1.2  11.6  20.5  10.7   6.5  -3.8  -6.1 -18.7   506   506   506   506   506   506   506   506   506   506   506   506 
1970 -24.6 -16.7  -8.6  -1.9   2.7  10.8  15.6  10.8  10.9  -2.8 -12.2 -18.7   506   506   506   506   506   506   506   506   506   506   506   506 
1971 -18.3 -24.8 -12.2  -3.6   4.5  14.1  17.2  14.2   9.2  -0.2  -5.2 -15.3   506   506   506   506   506   506   506   506   506   506   506   506 
1972 -31.6 -18.8 -13.9   0.2   3.1  12.3  15.2  12.5   3.6   0.1 -13.0 -19.6   506   506   506   506   506   506   506   506   506   506   506   506 
1973 -26.3 -16.7  -8.9   0.6   6.8  14.7  15.5  15.9   5.8  -0.9  -7.0 -12.4   506   506   506   506   506   506   506   506   506   506   506   506 
1974 -26.8 -24.1 -10.2  -0.1   5.6  12.8  19.1  13.6   8.2  -3.0 -19.1 -15.2   506   506   506   506   506   506   506   506   506   506   506   506 
1975 -16.5 -15.9  -7.3  -0.5   4.2  12.6  17.5  12.4   9.4  -2.4 -13.9 -18.1   506   506   506   506   506   506   506   506   506   506   506   506 
1976 -16.2 -23.6 -12.1   1.0   6.0  16.7  16.7  15.6   7.9  -8.1 -11.4 -17.9   506   506   506   506   506   506   506   506   506   506   506   506 
1977 -26.2 -25.2  -9.4   2.5   9.6  16.4  18.2  12.4   8.1  -6.1  -5.2 -19.5   506   506   506   506   506   506   506   506   506   506   506   506 
1978 -16.3 -17.6  -7.3  -3.0   3.2  14.2  17.9  10.9   7.9   0.2  -7.8 -21.6   506   506   506   506   506   506   506   506   506   506   506   506 
1979 -26.2 -20.5 -10.0  -5.9   5.9  12.1  19.0  13.9  10.1  -2.5  -9.3 -15.9   506   506   506   506   506   506   506   506   506   506   506   506 
1980 -22.3 -18.4 -11.6  -2.3   6.9  13.6  15.4  11.7   8.7   0.9 -10.8 -12.8   506   506   506   506   506   506   506   506   506   506   506   506 
1981 -14.6 -15.8 -10.8  -0.5   4.1  16.0  15.6  18.2   7.3   0.5 -10.6 -11.4   506   506   506   506   506   506   506   506   506   506   506   506 
1982 -22.5 -20.4 -15.7   1.5   8.9  17.1  16.7  12.8   7.6  -5.2  -7.5 -11.3   506   506   506   506   506   506   506   506   506   506   506   506 
1983 -13.6 -12.9  -7.2  -3.3   0.6  19.3  18.6  13.3   5.9   2.7  -7.6 -12.0   506   506   506   506   506   506   506   506   506   506   506   506 
1984 -13.3 -17.1  -6.8 -10.0   4.7  14.5  16.8  14.5   7.3  -2.7 -20.1 -23.0   506   506   506   506   506   506   506   506   506   506   506   506 
1985 -19.0 -25.0  -8.2  -0.4   3.4  14.2  16.3  14.0   9.4  -0.2 -14.4 -18.4   506   506   506   506   506   506   506   506   506   506   506   506 
1986 -19.0 -18.2  -7.8  -0.4   4.3  11.8  16.7  13.0   5.7   0.8  -5.8 -25.1   506   506   506   506   506   506   506   506   506   506   506   506 
1987 -23.6 -17.2  -9.5  -3.1  10.0  11.5  19.0  14.8   7.9  -0.9 -16.8 -17.8   506   506   506   506   506   506   506   506   506   506   506   506 
1988 -16.4 -19.8  -6.3  -1.6   5.4  12.9  20.1  15.3   8.4   0.0  -8.0 -11.9   506   506   506   506   506   506   506   506   506   506   506   506 
1989 -21.9 -15.3  -2.9  -5.3   8.5  15.2  20.7  14.5   6.7  -0.5  -8.7 -17.1   506   506   506   506   506   506   506   506   506   506   506   506 
1990 -24.7 -15.1  -5.7   0.7   6.3  15.9  20.7  15.1   6.3  -0.9 -12.1 -17.5   506   506   506   506   506   506   506   506   506   506   506   506 
1991 -15.1 -17.7 -16.1   5.1  10.3  18.5  19.1  12.9  11.2   1.2 -10.3 -21.5   506   506   506   506   506   506   506   506   506   506   506   506 
1992 -17.0 -13.6  -9.8  -7.8   7.3   9.4  17.3  14.1   4.6  -0.6 -13.9 -15.8   506   506   506   506   506   506   506   506   506   506   506   506 
1993 -14.2 -17.3  -7.6  -1.2   4.4  17.1  20.2  15.4   6.3  -0.7 -15.5 -16.8   506   506   506   506   506   506   506   506   506   506   506   506 
1994 -17.2 -24.7  -7.7  -0.5   7.1  17.8  18.7  15.0   7.4   3.4 -12.9 -19.9   506   506   506   506   506   506   506   506   506   506   506   506 
1995 -13.8  -7.3  -5.8   6.5   8.6  11.0  19.4  15.6   8.6   0.2  -7.7 -17.0   506   506   506   506   506   506   506   506   506   506   506   506 
1996 -22.6 -17.3  -8.3  -5.2   5.4 -99.0 -99.0 -99.0 -99.0 -99.0 -99.0 -99.0   506   506   506   506   506   -99   -99   -99   -99   -99   -99   -99 
1997 -24.7 -16.3  -3.8   6.3   9.1  12.9  14.1  13.4   9.3   3.4 -13.5 -25.0   506   506   506   506   506   506   506   506   506   506   506   506 
1998 -19.0 -99.0 -99.0 -99.0 -99.0 -99.0 -99.0 -99.0 -99.0 -99.0 -99.0 -99.0   506   -99   -99   -99   -99   -99   -99   -99   -99   -99   -99   -99 
1999 -21.5 -11.7 -16.7  -2.7   7.2  11.8  18.7  13.4   6.7   1.9 -14.1 -11.4   506   506   506   506   506   506   506   506   506   506   506   506 
2000 -23.1 -14.9  -5.1   1.5   9.5  17.7  16.8  15.1   7.2  -0.8 -13.2 -23.1   506   506   506   506   506   506   506   506   506   506   506   506 
2001 -26.3 -20.6  -8.7   0.2  10.9  15.3  15.4  16.0   9.1  -1.8  -8.5 -15.8   506   506   506   506   506   506   506   506   506   506   506   506 
2002 -16.5  -9.6  -6.4  -3.0   7.9  15.6  17.0  12.1   6.9  -0.1 -11.7 -23.7   506   506   506   506   506   506   506   506   506   506   506   506 
2003 -16.1 -19.0  -8.9  -1.6  10.2  17.5  16.8  18.5   8.6   1.7 -15.0 -11.3   506   506   506   506   506   506   506   506   506   506   506   506 
2004 -17.1 -14.7 -13.3  -6.7  10.7  16.9  18.1  12.4   6.3  -1.8  -5.3 -23.1   506   506   506   506   506   506   506   506   506   506   506   506 
2005 -16.5 -19.9  -7.2  -0.4   9.9  16.2  19.2  14.5   9.7   3.0  -5.0 -16.0   506   506   506   506   506   506   506   506   506   506   506   506 
2006 -32.9 -17.4  -6.6  -7.0   5.2  18.7  17.6  12.1   9.4  -1.9 -13.4 -11.7   506   506   506   506   506   506   506   506   506   506   506   506 
2007  -9.8 -24.1  -6.9   4.6   4.6  12.8  21.0  14.5   8.0   2.4  -7.9 -15.0   506   506   506   506   506   506   506   506   506   506   506   506 
2008 -18.8 -11.8  -5.1  -4.1   7.3  13.2  19.0  14.0   7.4   2.1  -5.1 -13.9   506   506   506   506   506   506   506   506   506   506   506   506 
2009 -21.2 -23.1  -7.5   1.1   6.5  13.4  17.7  16.0  10.5   0.9 -12.7 -26.1   506   506   506   506   506   506   506   506   506   506   506   506 
2010 -28.6 -25.3  -8.8   0.5   4.6  14.2  16.1  14.3   6.5   3.4  -8.2 -22.7   506   506   506   506   506   506   506   506   506   506   506   506 
2011 -21.3 -18.1  -6.3   4.3   8.5  18.4  14.7  12.6  11.5   3.5 -12.7 -15.3   506   506   506   506   506   506   506   506   506   506   506   506 
2012 -19.6 -16.5  -6.8   3.2   9.2  21.5  20.7  14.2  10.1   0.5 -13.6 -22.5   506   506   506   506   506   506   506   506   506   506   506   506 
2013 -23.5 -16.0 -14.4   0.8   4.3  12.9  20.4  15.5   7.4  -0.8  -2.7 -11.1   506   506   506   506   506   506   506   506   506   506   506   506 
2014 -21.3 -23.6  -4.1   0.4   7.2  14.2  15.7  15.2   5.6  -4.6 -12.9 -13.0   506   506   506   506   506   506   506   506   506   506   506   506 
2015 -18.9 -11.1  -6.3   2.6  10.5  19.0  16.1  12.3   6.9  -2.4 -13.3 -14.2   506   506   506   506   506   506   506   506   506   506   506   506 
2016 -21.2  -8.2  -7.1   4.3   8.2  17.7  19.8  17.8  11.5 -99.0 -99.0 -99.0   506   506   506   506   506   506   506   506   506   -99   -99   -99 
