Number= 560800
Name= HEZUO
Country= CHINA
Lat=   35.0
Long= -102.9
Height= 2910
Start year= 1957
End year= 2016
First Good year= 1957
Source ID= 68
Source file= Jones
Jones data to= 2016
Normals source= Data
Normals source start year= 1961
Normals source end year= 1990
Normals=  -8.6  -5.9  -0.5   4.4   8.1  10.8  13.2  12.9   9.1   4.5  -2.0  -6.8 
Standard deviations source= Data
Standard deviations source start year= 1957
Standard deviations source end year= 1990
Standard deviations=   1.4   1.3   1.3   1.1   0.8   0.8   0.8   0.9   0.8   0.9   1.2   1.3 
Obs:
1957 -99.0 -99.0 -99.0 -99.0 -99.0 -99.0  13.4  13.4   8.5   2.0  -1.6  -6.1   -99   -99   -99   -99   -99   -99   506   506   506   506   506   506 
1958  -8.7  -7.2   0.8   6.4   8.5  11.6  14.6  12.4   9.9   3.8  -0.5  -6.5   506   506   506   506   506   506   506   506   506   506   506   506 
1959  -9.0  -6.5   0.0   4.9   6.3  10.6  14.9  13.2   7.8   4.2  -0.7  -5.9   506   506   506   506   506   506   506   506   506   506   506   506 
1960  -9.0  -4.4   1.9   3.5   8.3  11.2  13.5  12.5  10.0   2.5  -2.1  -6.6   506   506   506   506   506   506   506   506   506   506   506   506 
1961  -9.6  -7.7  -1.3   4.4   7.7  12.0  14.5  14.1   8.9   4.4  -3.5  -9.7   506   506   506   506   506   506   506   506   506   506   506   506 
1962 -10.7  -5.3  -3.1   4.0   7.5  10.4  13.0  12.0   9.7   4.4  -3.1  -6.7   506   506   506   506   506   506   506   506   506   506   506   506 
1963 -11.1  -7.1  -0.5   5.9   9.4  10.4  12.4  12.8   9.8   4.7  -1.9  -7.0   506   506   506   506   506   506   506   506   506   506   506   506 
1964 -10.5  -6.1   0.8   7.3   8.3  10.1  12.8  12.5   9.8   6.5  -1.4  -8.0   506   506   506   506   506   506   506   506   506   506   506   506 
1965  -7.3  -5.3  -1.5   4.9   7.8  10.5  12.7  11.4   8.7   4.1  -2.5  -8.4   506   506   506   506   506   506   506   506   506   506   506   506 
1966  -7.3  -5.0   0.8   5.1   7.6  10.8  13.3  13.4   7.4   3.5  -3.4  -6.4   506   506   506   506   506   506   506   506   506   506   506   506 
1967  -9.7  -7.0  -0.7   3.3   9.0  10.0  13.5  13.8   8.7   3.8  -3.4 -99.0   506   506   506   506   506   506   506   506   506   506   506   -99 
1968  -8.6  -9.3  -0.1   3.8   6.8  10.2  12.1  11.3   9.5   3.7  -1.4  -5.0   506   506   506   506   506   506   506   506   506   506   506   506 
1969  -8.0  -6.0   1.0   5.0   9.1  10.0  13.1  12.0   8.9   5.6  -3.6  -7.6   506   506   506   506   506   506   506   506   506   506   506   506 
1970 -10.5  -6.4  -2.7   2.8   8.3   8.9  13.5  13.2   8.8   3.6  -2.2  -6.1   506   506   506   506   506   506   506   506   506   506   506   506 
1971  -9.6  -5.8   1.0   4.9   7.2  10.3  14.4  13.7   9.0   3.9  -2.5  -6.5   506   506   506   506   506   506   506   506   506   506   506   506 
1972  -6.4  -7.3   1.5   3.7   9.0  11.4  13.6  15.0   8.4   3.6  -2.7  -6.8   506   506   506   506   506   506   506   506   506   506   506   506 
1973  -6.6  -3.4   1.3   5.3   8.2   9.7  12.5  13.4  10.0   4.1  -2.1  -7.6   506   506   506   506   506   506   506   506   506   506   506   506 
1974  -8.2  -7.2  -1.5   5.2   8.0  11.2  12.9  12.2   9.0   4.3  -0.6  -7.1   506   506   506   506   506   506   506   506   506   506   506   506 
1975  -8.3  -5.0   0.8   4.1   7.0  11.0  13.1  13.2  10.7   5.5  -2.6  -9.9   506   506   506   506   506   506   506   506   506   506   506   506 
1976  -8.6  -4.7  -1.4   3.8   7.7  10.7  11.7  11.1   8.9   4.5  -3.3  -7.5   506   506   506   506   506   506   506   506   506   506   506   506 
1977  -9.4  -7.3  -1.5   4.6   6.8   9.9  14.1  12.7  10.1   3.8  -4.6  -7.0   506   506   506   506   506   506   506   506   506   506   506   506 
1978 -10.1  -5.6  -0.4   4.7   8.6  11.1  13.4  13.3   8.6   4.4  -1.3  -4.3   506   506   506   506   506   506   506   506   506   506   506   506 
1979  -7.5  -5.1  -0.9   5.6   9.2  11.1  12.2  13.5   8.6   4.3  -2.6  -6.0   506   506   506   506   506   506   506   506   506   506   506   506 
1980  -9.6  -6.3   0.7   5.5   8.8  10.4  13.1  12.2   8.9   5.2   0.1  -6.7   506   506   506   506   506   506   506   506   506   506   506   506 
1981  -8.2  -3.5   0.4   4.7   8.2  12.0  14.9  14.2   8.8   3.7  -1.5  -7.7   506   506   506   506   506   506   506   506   506   506   506   506 
1982  -5.8  -5.6   0.3   2.6   7.3  10.3  13.3  12.3   8.8   5.7  -1.8  -8.7   506   506   506   506   506   506   506   506   506   506   506   506 
1983  -9.8  -8.2  -2.9   2.7   8.6  10.9  12.6  12.7   9.6   5.3  -1.4  -7.6   506   506   506   506   506   506   506   506   506   506   506   506 
1984 -11.2  -4.9  -1.1   5.4   7.7  11.4  12.7  12.3   8.8   4.1  -0.7  -6.6   506   506   506   506   506   506   506   506   506   506   506   506 
1985  -8.1  -5.6  -0.8   4.9   9.2  10.5  12.5  13.1   7.9   4.5  -2.7  -6.6   506   506   506   506   506   506   506   506   506   506   506   506 
1986  -8.6  -5.8  -1.2   3.0   8.5  11.2  12.8  12.3   8.0   4.3  -1.9  -4.7   506   506   506   506   506   506   506   506   506   506   506   506 
1987  -7.1  -3.8   0.7   4.9   7.1  12.1  12.8  11.9   9.0   5.2   0.1  -5.4   506   506   506   506   506   506   506   506   506   506   506   506 
1988  -7.1  -5.2  -1.7   3.9   8.6  12.1  14.7  13.9   9.0   4.7  -1.2  -5.1   506   506   506   506   506   506   506   506   506   506   506   506 
1989  -8.0  -6.3  -1.1   3.2   8.1  12.0  13.9  13.4  10.9   5.4  -1.4  -6.1   506   506   506   506   506   506   506   506   506   506   506   506 
1990  -7.0  -5.1   0.7   3.8   7.3  11.1  14.0  13.5   9.7   4.7   0.5  -4.8   506   506   506   506   506   506   506   506   506   506   506   506 
1991  -8.0  -4.5   1.2   4.0   8.6  12.3  14.6  13.2   9.4   4.9  -2.0  -6.2   506   506   506   506   506   506   506   506   506   506   506   506 
1992  -8.6  -7.5  -0.9   5.8   8.9  11.9  12.6  13.2  10.3   3.3  -2.8  -5.8   506   506   506   506   506   506   506   506   506   506   506   506 
1993 -11.2  -3.0   1.0   5.5   7.5  11.1  13.5  12.5   9.0   4.0   0.3  -5.3   506   506   506   506   506   506   506   506   506   506   506   506 
1994  -7.6  -3.9  -1.2   5.6   9.0  11.7  13.7  14.7  10.4   3.8   1.2  -5.7   506   506   506   506   506   506   506   506   506   506   506   506 
1995  -9.6  -7.1  -1.2   2.9   9.5  11.9  13.6  12.9  11.4   5.4  -0.9  -6.5   506   506   506   506   506   506   506   506   506   506   506   506 
1996  -8.2  -5.0  -0.3   3.9   8.4  10.6  13.9  14.2   9.7   4.7  -1.4  -6.9   506   506   506   506   506   506   506   506   506   506   506   506 
1997  -7.3  -6.2   1.3   4.1   8.9  11.3  13.8  13.3   8.6   4.0  -1.1  -6.0   506   506   506   506   506   506   506   506   506   506   506   506 
1998  -7.8  -2.4  -0.3   7.4   9.7  12.9  14.3  13.0  11.3   6.0   0.6  -4.9   506   506   506   506   506   506   506   506   506   506   506   506 
1999  -7.1  -2.9   1.3   6.0   8.2  12.4  13.8  13.8  11.4   5.2   0.6  -6.8   506   506   506   506   506   506   506   506   506   506   506   506 
2000  -6.7  -6.6  -0.1   4.3   9.3  11.7  15.5  12.8   9.4   5.8  -1.4  -6.0   506   506   506   506   506   506   506   506   506   506   506   506 
2001  -7.0  -3.7  -0.5   4.2   7.6  11.7  15.0  13.0  11.3   6.7  -0.1  -5.5   506   506   506   506   506   506   506   506   506   506   506   506 
2002  -7.4  -2.6   0.6   7.3   7.8  13.0  14.3  13.2  10.3   4.7  -1.7  -5.7   506   506   506   506   506   506   506   506   506   506   506   506 
2003  -7.2  -2.3   0.6   5.7   8.8  11.5  14.2  14.1  10.5   4.6   0.5  -5.5   506   506   506   506   506   506   506   506   506   506   506   506 
2004  -7.3  -5.1   1.6   5.8   7.6  11.2  13.1  14.1   9.7   5.0  -1.6  -4.9   506   506   506   506   506   506   506   506   506   506   506   506 
2005  -6.0  -4.1   0.0   4.4   8.8  12.4  13.8  13.9  11.4   4.7  -1.3  -5.9   506   506   506   506   506   506   506   506   506   506   506   506 
2006  -3.9  -2.6  -0.2   4.4   8.6  12.1  16.2  15.2  10.2   6.5   0.3  -6.6   506   506   506   506   506   506   506   506   506   506   506   506 
2007  -8.5  -3.8   0.9   4.3  10.2  10.8  13.5  15.1  10.5   5.1  -0.4  -4.4   506   506   506   506   506   506   506   506   506   506   506   506 
2008  -8.3  -9.2   1.5   5.5   9.7  11.6  13.9  12.9  10.8   6.3  -1.2  -5.2   506   506   506   506   506   506   506   506   506   506   506   506 
2009  -6.7  -1.7   0.3   6.5   8.4  12.5  15.1  13.1  12.1   5.5  -1.6  -5.3   506   506   506   506   506   506   506   506   506   506   506   506 
2010  -4.2  -2.7   1.6   4.9  10.1  12.2  15.9  14.9  12.3   5.7  -1.4  -7.4   506   506   506   506   506   506   506   506   506   506   506   506 
2011  -9.6  -2.3  -2.3   5.7   8.7  12.8  13.5  14.3  10.3   6.0   1.2  -5.3   506   506   506   506   506   506   506   506   506   506   506   506 
2012  -9.3  -4.9   0.2   4.9   9.7  12.0  14.9  14.8  10.7   5.6  -1.6  -5.3   506   506   506   506   506   506   506   506   506   506   506   506 
2013  -7.5  -2.3   3.1   5.3   8.6  13.3  14.0  15.8   9.5   5.4  -1.6  -7.0   506   506   506   506   506   506   506   506   506   506   506   506 
2014  -6.1  -3.9   1.6   5.7   8.4  12.3  14.3  12.7  10.7   6.2   0.0  -6.0   506   506   506   506   506   506   506   506   506   506   506   506 
2015  -6.6  -3.0   2.6   5.2   9.0  12.3  12.9  13.2  10.7   6.6   2.3  -6.3   506   506   506   506   506   506   506   506   506   506   506   506 
2016  -7.9  -5.4   2.0   6.2   9.2  12.5  15.2  17.2  10.1   6.5   0.7  -3.7   506   506   506   506   506   506   506   506   506   506   506   506 
