Number= 246610
Name= SEGEN KYUEL---------
Country= RUSSIA
Lat=   64.0
Long= -130.3
Height= 211
Start year= 1938
End year= 2020
First Good year= 1938
Source ID= 43
Source file= Jones
Jones data to= 2016
Normals source= Data
Normals source start year= 1961
Normals source end year= 1990
Normals= -42.9 -37.0 -22.1  -7.9   5.1  14.0  17.1  13.3   4.5 -11.8 -32.4 -40.7 
Standard deviations source= Data
Standard deviations source start year= 1941
Standard deviations source end year= 1990
Standard deviations=   3.0   3.1   3.3   2.0   1.9   1.3   1.5   1.5   1.7   2.6   3.3   3.8 
Obs:
1938 -39.7 -33.6 -21.4  -6.0   4.9  15.5  18.6  14.1   8.0 -11.5 -24.4 -41.0   506   506   506   506   506   506   506   506   506   506   506   506 
1939 -42.7 -34.3 -18.3  -9.8   6.5  14.6  15.9  15.8   6.2  -8.9 -29.1 -37.9   506   506   506   506   506   506   506   506   506   506   506   506 
1940 -40.2 -34.9 -21.1  -7.3   3.1  15.5  18.7  12.4   3.4 -13.0 -34.9 -37.3   506   506   506   506   506   506   506   506   506   506   506   506 
1941 -41.6 -39.5 -24.7  -5.7   6.2  15.2  20.1  13.6   4.1 -11.3 -28.2 -47.5   506   506   506   506   506   506   506   506   506   506   506   506 
1942 -39.3 -35.2 -25.6  -7.8   4.3  13.2  18.2  12.2   5.4 -11.9 -23.5 -31.1   506   506   506   506   506   506   506   506   506   506   506   506 
1943 -41.7 -34.6 -14.0  -3.7   5.9  12.3  15.8  13.1   6.8  -7.1 -31.8 -40.4   506   506   506   506   506   506   506   506   506   506   506   506 
1944 -42.8 -35.7 -17.2  -8.8   5.5  13.4  16.4  14.1   6.4 -99.0 -99.0 -99.0   506   506   506   506   506   506   506   506   506   -99   -99   -99 
1945 -99.0 -37.5 -20.6  -5.3   5.3  14.5  17.4  15.3 -99.0 -99.0 -99.0 -99.0   -99   506   506   506   506   506   506   506   -99   -99   -99   -99 
1946 -44.6 -40.1 -25.0  -6.9   2.0 -99.0 -99.0 -99.0   2.6 -12.0 -31.4 -34.9   506   506   506   506   506   -99   -99   -99   506   506   506   506 
1947 -41.2 -30.0 -18.0  -6.6   3.5  15.5  19.5  14.6   5.2  -5.7 -27.3 -42.0   506   506   506   506   506   506   506   506   506   506   506   506 
1948 -40.2 -35.7 -21.1  -7.1   5.4  15.5  18.1  16.5   5.8  -9.0 -28.4 -39.6   506   506   506   506   506   506   506   506   506   506   506   506 
1949 -40.7 -34.4 -23.3  -7.4   6.9  16.2  17.6  15.0   8.2  -7.5 -30.7 -40.8   506   506   506   506   506   506   506   506   506   506   506   506 
1950 -40.6 -33.1 -21.3  -8.2   4.4  13.6  15.1  11.2   2.8 -11.0 -31.7 -44.0   506   506   506   506   506   506   506   506   506   506   506   506 
1951 -42.7 -38.6 -21.1 -10.7   4.4  12.7  16.2  15.1   7.1  -7.4 -28.4 -36.6   506   506   506   506   506   506   506   506   506   506   506   506 
1952 -46.4 -38.6 -18.2  -7.2   3.1  13.1  19.6  15.7   6.5 -14.1 -36.4 -42.6   506   506   506   506   506   506   506   506   506   506   506   506 
1953 -37.3 -31.2 -18.3  -5.6   8.1  13.8  16.6  11.9   4.0 -10.7 -33.9 -39.1   506   506   506   506   506   506   506   506   506   506   506   506 
1954 -40.9 -36.2 -27.0  -6.6   1.9  15.1  18.8  14.7   3.3  -8.6 -35.5 -41.0   506   506   506   506   506   506   506   506   506   506   506   506 
1955 -41.1 -35.7 -27.2  -9.7   6.1  15.0  15.4  13.0   4.6 -10.8 -31.2 -46.3   506   506   506   506   506   506   506   506   506   506   506   506 
1956 -42.6 -35.0 -25.4 -10.6   2.3  15.5  17.9  13.2   5.2 -16.9 -26.3 -32.0   506   506   506   506   506   506   506   506   506   506   506   506 
1957 -37.6 -35.1 -21.7  -7.4   5.4  13.9  17.0  13.7   1.6 -12.4 -32.7 -37.8   506   506   506   506   506   506   506   506   506   506   506   506 
1958 -46.1 -35.9 -26.2  -9.5   3.2  11.5  16.9  12.9   5.3 -11.9 -32.0 -40.0   506   506   506   506   506   506   506   506   506   506   506   506 
1959 -44.6 -34.8 -17.1 -10.1   4.4  17.1  15.0  16.1   5.9  -9.2 -25.0 -40.2   506   506   506   506   506   506   506   506   506   506   506   506 
1960 -44.9 -37.7 -25.2  -9.8   5.8  15.5  17.4  12.2   3.6 -15.6 -32.9 -44.9   506   506   506   506   506   506   506   506   506   506   506   506 
1961 -45.5 -37.5 -25.2  -9.3   2.3  15.5  16.4  14.1   5.4 -10.2 -28.4 -31.1   506   506   506   506   506   506   506   506   506   506   506   506 
1962 -40.1 -32.3 -22.9  -8.0   4.1  12.1  18.0  13.9   3.2 -12.2 -32.0 -40.5   506   506   506   506   506   506   506   506   506   506   506   506 
1963 -35.4 -33.6 -24.8 -12.0   1.4  13.1  16.3  13.7   4.5  -9.8 -25.1 -42.3   506   506   506   506   506   506   506   506   506   506   506   506 
1964 -40.6 -37.6 -24.3 -10.3   2.0  13.6  17.2  12.4   2.0 -13.9 -33.2 -43.4   506   506   506   506   506   506   506   506   506   506   506   506 
1965 -43.2 -38.8 -23.8  -9.7   3.8  12.8  18.0  13.0   7.4 -11.3 -32.9 -44.4   506   506   506   506   506   506   506   506   506   506   506   506 
1966 -44.1 -43.9 -23.1  -8.4   5.5  14.9  15.0  12.5   2.7 -11.7 -36.3 -37.9   506   506   506   506   506   506   506   506   506   506   506   506 
1967 -45.1 -40.9 -25.2  -9.8   4.6 -99.0  17.7  12.5   3.1  -9.3 -34.6 -41.3   506   506   506   506   506   -99   506   506   506   506   506   506 
1968 -45.9 -32.6 -19.7  -3.7   5.1  14.7  16.9  12.4   5.4 -11.6 -31.2 -42.2   506   506   506   506   506   506   506   506   506   506   506   506 
1969 -43.8 -44.8 -25.2 -12.1   5.5  13.2  17.3  17.5   2.2  -8.7 -29.4 -44.4   506   506   506   506   506   506   506   506   506   506   506   506 
1970 -41.3 -35.9 -19.3  -9.5   2.6  12.3  20.6  10.9   7.1 -14.2 -33.1 -44.8   506   506   506   506   506   506   506   506   506   506   506   506 
1971 -44.4 -29.2 -23.2  -7.5   7.4  14.6  18.6  13.1   6.0  -9.7 -33.7 -40.2   506   506   506   506   506   506   506   506   506   506   506   506 
1972 -47.5 -37.6 -22.6  -6.6   3.7  12.4  16.7  11.3   5.6 -10.0 -34.8 -37.8   506   506   506   506   506   506   506   506   506   506   506   506 
1973 -39.1 -35.8 -20.0  -9.3   8.1  15.1  19.0  15.6   5.6 -13.0 -35.4 -43.9   506   506   506   506   506   506   506   506   506   506   506   506 
1974 -38.8 -40.2 -22.2  -6.7   7.6  12.1  17.5  14.0   5.7 -13.1 -32.6 -45.3   506   506   506   506   506   506   506   506   506   506   506   506 
1975 -40.8 -38.6 -18.7  -5.2   7.0  16.2  15.4  12.6   3.7 -10.6 -31.4 -34.4   506   506   506   506   506   506   506   506   506   506   506   506 
1976 -41.1 -38.8 -23.4  -3.8   5.5  13.5  15.0  13.5   4.9 -10.8 -31.6 -40.6   506   506   506   506   506   506   506   506   506   506   506   506 
1977 -42.7 -37.1 -23.4  -8.7   7.5  15.3  14.9  12.0   2.2 -17.3 -32.2 -40.9   506   506   506   506   506   506   506   506   506   506   506   506 
1978 -46.8 -38.8 -20.5  -4.1   3.1  13.8  15.1  14.1   4.8  -8.9 -29.5 -43.3   506   506   506   506   506   506   506   506   506   506   506   506 
1979 -47.2 -38.4 -25.4  -7.2   5.2  13.3  15.4  13.4   3.1 -16.6 -36.3 -37.6   506   506   506   506   506   506   506   506   506   506   506   506 
1980 -37.5 -38.2 -23.6  -9.1   3.3  13.5  19.9  15.5   4.0 -12.9 -31.8 -32.8   506   506   506   506   506   506   506   506   506   506   506   506 
1981 -39.3 -32.1 -22.9  -7.9   4.9  15.4  17.8  13.3   3.3  -8.8 -33.3 -41.0   506   506   506   506   506   506   506   506   506   506   506   506 
1982 -45.9 -34.9 -22.8  -6.5   5.6  12.4  18.4  12.0   4.6 -14.3 -39.7 -42.4   506   506   506   506   506   506   506   506   506   506   506   506 
1983 -43.7 -40.2 -17.2  -8.0   7.0  15.1  17.3  15.6   9.6 -12.9 -25.3 -40.8   506   506   506   506   506   506   506   506   506   506   506   506 
1984 -39.0 -37.6 -22.5  -5.9   8.0  13.4  17.2  10.1   2.7 -13.5 -33.5 -42.5   506   506   506   506   506   506   506   506   506   506   506   506 
1985 -46.4 -35.2 -24.6  -7.2   6.4  14.5  15.7  13.0   5.5 -10.0 -29.8 -40.5   506   506   506   506   506   506   506   506   506   506   506   506 
1986 -44.0 -37.5 -22.5  -7.8   3.1  15.6  18.0  14.0   3.6  -8.8 -31.6 -41.4   506   506   506   506   506   506   506   506   506   506   506   506 
1987 -46.5 -35.2 -23.9  -8.1   2.0  13.0  17.5  13.3   3.4 -13.7 -33.8 -45.6   506   506   506   506   506   506   506   506   506   506   506   506 
1988 -43.5 -38.0 -21.6  -7.7   7.4  15.0  18.9  11.7 -99.0 -99.0 -99.0 -99.0   506   506   506   506   506   506   506   506   -99   -99   -99   -99 
1989 -99.0 -32.8 -13.7 -99.0 -99.0 -99.0 -99.0 -99.0   4.1 -14.2 -31.5 -39.0   -99   506   506   -99   -99   -99   -99   -99   506   506   506   506 
1990 -45.6 -37.3 -15.4  -9.1   7.7  16.3  15.0  15.1   4.0  -9.0 -35.1 -38.3   506   506   506   506   506   506   506   506   506   506   506   506 
1991 -33.4 -38.5 -23.5  -8.2   4.1  12.7  20.2  15.5   4.6 -13.3 -29.7 -38.2   506   506   506   506   506   506   506   506   506   506   506   506 
1992 -44.0 -33.3 -23.0  -5.0 -99.0 -99.0 -99.0 -99.0 -99.0 -12.3 -99.0 -99.0   506   506   506   506   -99   -99   -99   -99   -99   506   -99   -99 
1993 -37.3 -36.3 -24.5 -10.4   4.6  15.1  17.7  12.6   5.4 -13.2 -37.6 -44.2   506   506   506   506   506   506   506   506   506   506   506   506 
1994 -46.0 -36.1 -21.1  -6.7   7.4  13.3  16.7  13.0   6.0  -9.3 -32.0 -44.9   506   506   506   506   506   506   506   506   506   506   506   506 
1995 -38.1 -26.7 -23.0  -6.7   4.7  16.7  17.0  13.2   4.2  -8.4 -30.1 -40.6   506   506   506   506   506   506   506   506   506   506   506   506 
1996 -42.3 -38.1 -22.9  -6.5   4.6  15.9  17.1  12.0   5.0  -8.3 -24.1 -42.8   506   506   506   506   506   506   506   506   506   506   506   506 
1997 -40.3 -36.6 -24.4  -3.6   7.5  13.9  18.7  14.7   4.3  -9.2 -32.2 -43.2   506   506   506   506   506   506   506   506   506   506   506   506 
1998 -41.2 -33.6 -25.9  -8.3   3.2  18.3  19.6  14.5   1.9 -12.4 -31.9 -42.0   506   506   506   506   506   506   506   506   506   506   506   506 
1999 -35.5 -35.4 -26.1  -7.5   6.1  15.3  18.4  11.7   4.8  -9.3 -35.6 -37.7   506   506   506   506   506   506   506   506   506   506   506   506 
2000 -38.9 -34.7 -20.4  -4.2   5.6  14.7  17.4  12.8   3.0 -12.8 -29.9 -42.4   506   506   506   506   506   506   506   506   506   506   506   506 
2001 -41.7 -40.8 -18.6 -10.6   6.6  14.7  21.5  12.8   1.7 -12.6 -27.4 -38.6   506   506   506   506   506   506   506   506   506   506   506   506 
2002 -36.7 -32.7 -17.7  -5.0   5.2  16.0  17.7  14.8   2.7 -13.6 -25.4 -45.0   506   506   506   506   506   506   506   506   506   506   506   506 
2003 -43.4 -35.7 -19.3  -8.1   2.6  12.8  19.5  14.7   6.2 -10.3 -32.5 -39.2   506   506   506   506   506   506   506   506   506   506   506   506 
2004 -41.2 -38.9 -23.0  -6.0   4.5  12.3  16.6  12.8   5.1 -14.2 -26.6 -45.5   506   506   506   506   506   506   506   506   506   506   506   506 
2005 -43.2 -38.4 -24.8  -2.5   7.7  16.8  16.8  12.2   7.1 -11.8 -19.6 -33.8   506   506   506   506   506   506   506   506   506   506   506   506 
2006 -44.5 -39.1 -23.2  -6.0   7.0  15.6  17.0  14.7   4.7 -12.0 -25.9 -39.6   506   506   506   506   506   506   506   506   506   506   506   506 
2007 -38.1 -37.9 -20.6  -2.3   6.9  14.7  15.0  14.1   4.7  -8.5 -32.2 -33.8   506   506   506   506   506   506   506   506   506   506   506   506 
2008 -42.3 -34.8 -14.3  -8.7   7.9  16.7  18.6  15.2   5.2  -9.0 -31.7 -44.1   506   506   506   506   506   506   506   506   506   506   506   506 
2009 -35.2 -41.0 -20.2  -5.5   6.0  18.4  18.3  13.4   5.8  -8.5 -32.4 -38.3   506   506   506   506   506   506   506   506   506   506   506   506 
2010 -38.4 -33.0 -20.9  -5.7   8.4  14.9  19.9  13.6   4.7 -12.3 -26.0 -39.5   506   506   506   506   506   506   506   506   506   506   506   506 
2011 -40.1 -38.9 -17.8  -4.0   8.4  14.0  20.6  16.1   3.1 -10.7 -33.7 -39.0   506   506   506   506   506   506   506   506   506   506   506   506 
2012 -34.8 -34.5 -24.4  -4.5   7.9  17.3  19.4  13.4   6.7  -8.5 -29.6 -37.6   506   506   506   506   506   506   506   506   506   506   506   506 
2013 -41.9 -37.3 -21.2  -3.8   9.3  16.8  17.3  15.0   4.5 -10.9 -28.0 -34.9   506   506   506   506   506   506   506   506   506   506   506   506 
2014 -46.5 -34.5 -19.1  -2.8   7.3  14.7  18.6  14.7   4.2  -9.4 -28.0 -44.2   506   506   506   506   506   506   506   506   506   506   506   506 
2015 -38.1 -30.4 -19.7  -7.3   5.2  13.7  18.3  14.8   4.4 -12.1 -26.7 -38.4   506   506   506   506   506   506   506   506   506   506   506   506 
2016 -34.4 -34.9 -16.1  -1.3   6.0  15.3  16.8  12.4   7.5  -7.0 -31.2 -40.6   506   506   506   506   506   506   506   506   900   900   900   900 
2017 -38.1 -34.5 -14.1  -3.0   4.7  17.4  17.3  15.8   7.3 -10.7 -32.9 -41.7   900   900   900   900   900   900   900   900   900   900   900   900 
2018 -41.7 -36.5 -23.6  -4.2   7.4  16.1  18.4  15.9   5.8  -6.4 -25.1 -37.2   900   900   900   900   900   900   900   900   900   900   900   900 
2019 -41.9 -34.3 -19.2  -3.4   6.9  17.9  16.6  15.0   5.2  -7.2 -28.8 -42.2   900   900   900   900   900   900   900   900   900   900   900   900 
2020 -37.8 -33.0 -19.1  -4.3   8.1  17.8  19.5  13.4   8.6  -9.2 -26.0 -40.6   900   900   900   900   900   900   900   900   900   900   900   900 
