Number= 634740
Name= GOBA
Country= ETHIOPIA
Lat=    7.0
Long=  -40.0
Height= 2480
Start year= 1962
End year= 1990
First Good year= 1962
Source ID= 10
Source file= Jones
Jones data to= 1990
Normals source= Data
Normals source start year= 1962
Normals source end year= 1990
Normals=  13.3  14.0  14.6  14.3  14.7  14.6  14.2  13.8  13.5  12.9  12.2  12.3 
Standard deviations source= Data
Standard deviations source start year= 1962
Standard deviations source end year= 1990
Standard deviations=   1.3   1.3   1.4   1.0   1.0   1.2   1.1   1.0   1.0   1.1   1.1   1.4 
Obs:
1962 -99.0 -99.0 -99.0 -99.0 -99.0  17.4  16.0  15.2  14.5  15.0  14.5  15.4   -99   -99   -99   -99   -99   506   506   506   506   506   506   506 
1963  15.3  15.8  17.4  15.3  17.0  17.5  16.5  15.2  15.1  14.5  13.7  13.9   506   506   506   506   506   506   506   506   506   506   506   506 
1964  15.9  17.3  17.6  14.9  16.0  13.9  13.2  13.0  13.0  11.0  10.4  10.4   506   506   506   506   506   506   506   506   506   506   506   506 
1965  11.2  11.7  13.6  13.1  13.7  14.0  13.3  12.4  12.5  11.8  11.5  11.3   506   506   506   506   506   506   506   506   506   506   506   506 
1966  11.9  12.6  13.0  13.0  13.5  13.1  13.4  13.1  12.5  12.2  10.8  11.2   506   506   506   506   506   506   506   506   506   506   506   506 
1967  11.4  12.9  13.4  12.8 -99.0  13.1 -99.0 -99.0  12.2 -99.0  11.3  10.8   506   506   506   506   -99   506   -99   -99   506   -99   506   506 
1968 -99.0 -99.0 -99.0 -99.0  12.8  12.8  12.7  12.6  12.5  12.0  11.2  11.6   -99   -99   -99   -99   506   506   506   506   506   506   506   506 
1969  15.7  12.3  12.7  13.6  13.9  13.4  12.8  12.6  12.5  12.2  11.6 -99.0   506   506   506   506   506   506   506   506   506   506   506   -99 
1970  12.5  13.4  13.0  13.4  14.1  14.1  13.3  12.4  12.4  11.2  10.9  11.6   506   506   506   506   506   506   506   506   506   506   506   506 
1971  12.5  13.3  13.0  13.4 -99.0 -99.0  12.8  12.7  12.4 -99.0  10.8 -99.0   506   506   506   506   -99   -99   506   506   506   -99   506   -99 
1972  12.4 -99.0  12.9  12.7 -99.0  13.9  13.9  12.9  13.4  12.1  12.3  10.0   506   -99   506   506   -99   506   506   506   506   506   506   506 
1973  13.6  14.3  15.4 -99.0 -99.0  14.4  13.4  13.0  12.9  12.2  11.8  11.2   506   506   506   -99   -99   506   506   506   506   506   506   506 
1974  12.3  13.2 -99.0 -99.0  13.2  13.5  13.1  13.1  12.5  12.0  11.2  11.7   506   506   -99   -99   506   506   506   506   506   506   506   506 
1975 -99.0 -99.0 -99.0 -99.0 -99.0 -99.0 -99.0 -99.0 -99.0 -99.0 -99.0 -99.0   -99   -99   -99   -99   -99   -99   -99   -99   -99   -99   -99   -99 
1976 -99.0 -99.0 -99.0 -99.0 -99.0 -99.0 -99.0 -99.0 -99.0 -99.0 -99.0 -99.0   -99   -99   -99   -99   -99   -99   -99   -99   -99   -99   -99   -99 
1977 -99.0 -99.0 -99.0 -99.0 -99.0 -99.0 -99.0 -99.0 -99.0 -99.0 -99.0 -99.0   -99   -99   -99   -99   -99   -99   -99   -99   -99   -99   -99   -99 
1978 -99.0 -99.0 -99.0 -99.0 -99.0 -99.0 -99.0 -99.0 -99.0 -99.0 -99.0 -99.0   -99   -99   -99   -99   -99   -99   -99   -99   -99   -99   -99   -99 
1979 -99.0 -99.0 -99.0 -99.0 -99.0 -99.0 -99.0 -99.0 -99.0 -99.0 -99.0 -99.0   -99   -99   -99   -99   -99   -99   -99   -99   -99   -99   -99   -99 
1980 -99.0 -99.0 -99.0 -99.0 -99.0 -99.0 -99.0 -99.0 -99.0 -99.0 -99.0 -99.0   -99   -99   -99   -99   -99   -99   -99   -99   -99   -99   -99   -99 
1981  12.9  13.4  14.0  14.1  14.4  14.9  14.5  13.8  13.6  12.6  11.6  11.8   506   506   506   506   506   506   506   506   506   506   506   506 
1982  13.1  13.6  14.3  14.1  14.5  14.0  13.9  13.6  13.4  12.4  12.8  12.6   506   506   506   506   506   506   506   506   506   506   506   506 
1983  12.5  13.3  15.1  14.9  14.7  14.8  14.6  14.1  14.0  12.8  12.5  12.2   506   506   506   506   506   506   506   506   506   506   506   506 
1984  12.4  12.7  14.2  14.9  14.5  14.1  14.0  14.4  13.7  12.7  13.1  13.5   506   506   506   506   506   506   506   506   506   506   506   506 
1985  14.2  14.9  15.1  14.9  14.7  15.1  14.9  14.5  14.2  13.2  12.6  12.7   506   506   506   506   506   506   506   506   506   506   506   506 
1986  13.5  14.8  15.8  15.2  15.2  15.2  15.9  14.4  14.5  13.3  13.6  14.4   506   506   506   506   506   506   506   506   506   506   506   506 
1987  13.8  14.9  15.4  15.0  15.3  15.3  15.5  15.0  14.4  14.2  13.2  13.2   506   506   506   506   506   506   506   506   506   506   506   506 
1988  15.0  15.2  16.3  16.1  15.8  16.0  15.0  14.8  14.3  14.1  12.1  12.2   506   506   506   506   506   506   506   506   506   506   506   506 
1989  13.6  14.3  14.8  14.4  14.9  15.1  14.9  14.6  14.8  14.3  13.5  14.8   506   506   506   506   506   506   506   506   506   506   506   506 
1990  13.5  15.2  14.9  15.2  15.7  15.8  15.0  15.3  15.1  14.7  14.0 -99.0   506   506   506   506   506   506   506   506   506   506   506   -99 
