Number= 634710
Name= DIREDAWA
Country= ETHIOPIA
Lat=    9.6
Long=  -41.9
Height= 1260
Start year= 1954
End year= 2020
First Good year= 1954
Source ID= 39
Source file= Jones
Jones data to= 2014
Normals source= Data
Normals source start year= 1961
Normals source end year= 1990
Normals=  21.6  22.7  24.8  25.8  27.4  28.1  26.7  26.1  26.3  25.5  22.9  21.4 
Standard deviations source= Data
Standard deviations source start year= 1954
Standard deviations source end year= 1990
Standard deviations=   1.0   1.2   1.6   1.3   1.1   1.0   1.3   1.1   1.2   0.9   0.9   1.1 
Obs:
1954 -99.0 -99.0 -99.0 -99.0 -99.0 -99.0 -99.0  25.8  26.6 -99.0 -99.0  24.7   -99   -99   -99   -99   -99   -99   -99   506   506   -99   -99   506 
1955 -99.0  25.1  28.4  28.2  29.9  29.5  27.6  26.6 -99.0 -99.0 -99.0 -99.0   -99   506   506   506   506   506   506   506   -99   -99   -99   -99 
1956  21.8  23.7  29.5  25.3  30.1  28.0  26.1  25.8  26.9  27.4  25.2  24.2   506   506   506   506   506   506   506   506   506   506   506   506 
1957  22.6  22.3 -99.0 -99.0  28.6  28.4 -99.0  27.3  26.4 -99.0  24.4  21.7   506   506   -99   -99   506   506   -99   506   506   -99   506   506 
1958  21.9  21.7  24.9  26.3  29.1  28.7  26.7  26.3  27.4 -99.0 -99.0 -99.0   506   506   506   506   506   506   506   506   506   -99   -99   -99 
1959  23.9  25.8  24.3  27.3  27.8  29.2  25.8  24.6  25.7  26.3  23.5  21.8   506   506   506   506   506   506   506   506   506   506   506   506 
1960  21.2  22.1  22.6  25.3  25.8  28.5  25.8  26.0  25.8  25.7 -99.0 -99.0   506   506   506   506   506   506   506   506   506   506   -99   -99 
1961  22.0  23.6  25.1  24.5  29.8  28.1  25.5  24.2  25.0  23.9  20.4  18.8   506   506   506   506   506   506   506   506   506   506   506   506 
1962  19.1  19.9  21.1  27.9  28.6  28.6  22.7  21.5  21.7  25.4  23.6  22.6   506   506   506   506   506   506   506   506   506   506   506   506 
1963  22.3  22.8  24.4  23.8  26.7  24.7  22.7  26.3  22.7  27.6  24.7  22.7   506   506   506   506   506   506   506   506   506   506   506   506 
1964  22.3  23.5  25.3  24.4  26.4  28.5  25.6  24.8  25.3  24.5  22.1  19.8   506   506   506   506   506   506   506   506   506   506   506   506 
1965  21.0  21.9  23.8  25.3  27.5  28.7  27.1  26.2  27.0  24.5  22.4  22.3   506   506   506   506   506   506   506   506   506   506   506   506 
1966  21.1  22.0 -99.0  25.8  28.1  27.8  27.6  26.8  26.3  25.6  22.8  20.3   506   506   -99   506   506   506   506   506   506   506   506   506 
1967  19.9  23.1  24.4  25.1  26.3  27.7  24.8  24.6  25.6  24.2  21.7  20.2   506   506   506   506   506   506   506   506   506   506   506   506 
1968  20.3  20.7  22.9  23.7  27.3  27.5  25.8  25.4  26.8  25.0  22.2  21.7   506   506   506   506   506   506   506   506   506   506   506   506 
1969  22.9  20.8  24.4  25.9  26.9  28.3  27.0  26.3  27.4  25.4  23.1  21.2   506   506   506   506   506   506   506   506   506   506   506   506 
1970  22.3  23.1  23.1  26.6  28.6  29.0  27.2  25.7  26.2  25.8  21.9  21.3   506   506   506   506   506   506   506   506   506   506   506   506 
1971  20.6  22.3  24.3  26.6  27.1  28.2  27.1  26.4  26.6  26.4  22.7  20.7   506   506   506   506   506   506   506   506   506   506   506   506 
1972  22.0  22.0  25.3  25.8  27.5  28.3  27.1  26.6  26.8  25.8  23.6  22.6   506   506   506   506   506   506   506   506   506   506   506   506 
1973  22.2  24.0  27.1  28.6  27.8  29.1  27.4  26.3  27.1  26.7  23.1  20.5   506   506   506   506   506   506   506   506   506   506   506   506 
1974  22.5  22.6  24.6  28.0  26.9  27.1  26.5  26.5  26.0  25.7  21.8  21.2   506   506   506   506   506   506   506   506   506   506   506   506 
1975  22.5  23.1  25.9  26.8  28.0  27.8  26.9  25.3  25.5  25.6  22.9  20.8   506   506   506   506   506   506   506   506   506   506   506   506 
1976  21.8  24.2  26.1  25.9  26.7  28.6  26.6  25.9  26.7  26.4  22.8  21.6   506   506   506   506   506   506   506   506   506   506   506   506 
1977  22.5  21.9  24.8  25.7  27.1  28.6  27.3  26.6  26.6  25.1  22.6  22.0   506   506   506   506   506   506   506   506   506   506   506   506 
1978  23.0  22.8  24.7  27.6  28.0  29.1  26.1  26.4  26.6  24.8  23.0  21.9   506   506   506   506   506   506   506   506   506   506   506   506 
1979  21.0  22.7  25.0  26.9  26.7  28.5  27.4  26.4  26.8  25.4  22.7  22.2   506   506   506   506   506   506   506   506   506   506   506   506 
1980  21.9  24.2  26.9  27.1  28.7  24.6  27.5  26.8  27.3  25.9  23.3  21.2   506   506   506   506   506   506   506   506   506   506   506   506 
1981  22.7  23.3  24.0  24.4  27.9  29.4  27.0  26.3  26.0  25.3  23.4  20.9   506   506   506   506   506   506   506   506   506   506   506   506 
1982  22.6  23.8  25.3  25.1  26.4  28.8  28.0  26.3  26.9  23.4  22.9  22.2   506   506   506   506   506   506   506   506   506   506   506   506 
1983  21.1  22.5  25.5  25.5  26.5  28.2  28.2  26.0  26.7  25.7  22.9  21.1   506   506   506   506   506   506   506   506   506   506   506   506 
1984  20.6  21.0  26.4  27.7  26.8  28.3  27.5  27.9  26.6  25.5  23.3  21.7   506   506   506   506   506   506   506   506   506   506   506   506 
1985  21.9  21.8  26.1  25.6  26.7  28.4  27.1  26.8  26.4  26.1  23.5  21.5   506   506   506   506   506   506   506   506   506   506   506   506 
1986  20.6  24.0  25.0  24.9  27.3  27.8  27.1  27.1  26.7  25.6  23.6  21.7   506   506   506   506   506   506   506   506   506   506   506   506 
1987  20.7  23.8  24.7  24.5  25.6  28.1  28.7  27.5  28.4  26.5  23.5  21.9   506   506   506   506   506   506   506   506   506   506   506   506 
1988  22.4  24.6  26.0  26.5  29.0  28.9  26.7  25.9  26.0  24.9  21.9  20.7   506   506   506   506   506   506   506   506   506   506   506   506 
1989  20.5  22.4  24.3  23.8  26.9  28.4  26.8  26.7  27.0  25.8  23.0  22.6   506   506   506   506   506   506   506   506   506   506   506   506 
1990  22.0  22.4  23.3  25.0  28.6  29.2  27.2  27.1  27.6  25.9  24.3  21.6   506   506   506   506   506   506   506   506   506   506   506   506 
1991  22.9  24.1  25.5  26.2  27.5  28.9  27.2  27.3  27.5  25.6  23.0  21.9   506   506   506   506   506   506   506   506   506   506   506   506 
1992  22.3  22.4  25.7  27.1  28.7  29.2  27.3  26.1  25.8  25.3  23.0  23.0   506   506   506   506   506   506   506   506   506   506   506   506 
1993  21.8  21.7  25.5  25.5  26.1  28.6  27.8  27.7  27.2  26.0  23.4  21.8   506   506   506   506   506   506   506   506   506   506   506   506 
1994  21.3  23.0  25.6  27.6  28.0  29.5  26.5  25.9  25.7  24.7  22.4  20.8   506   506   506   506   506   506   506   506   506   506   506   506 
1995  20.9  23.8  24.5  26.0  28.7  29.4  27.2  26.8  27.6  26.4  23.6  23.3   506   506   506   506   506   506   506   506   506   506   506   506 
1996  22.8  23.8  26.0  26.0  26.5  26.9  26.7  26.9  27.0  25.7  23.0  21.5   506   506   506   506   506   506   506   506   506   506   506   506 
1997  21.9  22.2  25.9  25.5  27.7  27.9  26.7  26.8  28.4  24.1  23.1  22.1   506   506   506   506   506   506   506   506   506   506   506   506 
1998  22.5  23.8  26.1  28.2  28.3  30.3  27.4  26.3  25.9  25.5  23.0  21.3   506   506   506   506   506   506   506   506   506   506   506   506 
1999  22.1  24.0  24.2  27.6  28.8  28.6  26.8  26.4  26.9  24.7  22.8  21.4   506   506   506   506   506   506   506   506   506   506   506   506 
2000  21.7  23.2  25.1  27.3  29.2  29.4  28.0  26.3  26.9  25.6  23.4  21.9   506   506   506   506   506   506   506   506   506   506   506   506 
2001  21.0  23.4  25.5  27.7  29.0  29.2  27.8  25.5  26.4  26.6  23.2  22.4   506   506   506   506   506   506   506   506   506   506   506   506 
2002  21.8  23.6  25.6  27.0  30.0  29.7  28.8  27.2  27.3  26.8  24.2  23.2   506   506   506   506   506   506   506   506   506   506   506   506 
2003  22.6  25.1  25.9  27.4  29.6  28.8  27.1  26.7  27.2  26.6  24.1  22.0   506   506   506   506   506   506   506   506   506   506   506   506 
2004  23.3  23.2  25.3  26.6  29.9  29.4  27.9  27.3  27.0  24.5  23.5  22.4   506   506   506   506   506   506   506   506   506   506   506   506 
2005  22.7  24.6  26.4  27.2  28.4  29.1  27.1  27.4  27.5  26.4  24.3  21.6   506   506   506   506   506   506   506   506   506   506   506   506 
2006  22.6  24.8  25.5  25.9  28.4  29.8  27.8  25.9  26.7  26.2  23.8  22.1   506   506   506   506   506   506   506   506   506   506   506   506 
2007  21.9  24.6  26.6  27.3  29.5  28.7  26.8  26.2  26.4  25.7  23.2  21.4   506   506   506   506   506   506   506   506   506   506   506   506 
2008  22.0  21.7  22.0  28.2  28.6  28.1  27.4  26.8  27.7  26.0  22.7  21.5   506   506   506   506   506   506   506   506   506   506   506   506 
2009  21.9  24.2  26.2  27.8  29.6  29.9  27.9  28.1  28.6  25.6  24.0  23.0   506   506   506   506   506   506   506   506   506   506   506   506 
2010  22.5  24.3  24.7  27.2 -99.0  29.6  27.4  27.2  27.0  26.9  24.2  21.2   506   506   506   506   -99   506   506   506   506   506   506   506 
2011  21.6  23.8  25.1 -99.0 -99.0 -99.0  28.6  27.3 -99.0  25.7  24.5 -99.0   506   506   506   -99   -99   -99   506   506   -99   506   506   -99 
2012 -99.0  23.2  25.9 -99.0  29.0  29.5 -99.0  26.9  28.0  25.8  24.5  22.8   -99   506   506   -99   506   506   -99   506   506   506   506   506 
2013  22.9 -99.0  26.5  28.1  29.5  30.0  27.1  25.7  27.6  26.0  23.5  21.4   506   -99   900   506   900   900   506   506   506   506   506   506 
2014  22.2  24.3  26.2  27.3  27.9  29.8  28.6  27.1  26.8  24.9  24.2  21.8   506   506   506   506   506   506   506   506   506   902   506   506 
2015  21.6  24.6  27.0 -99.0  28.7  29.5  29.9  28.2  28.9  27.7  25.0  23.2   900   900   900   -99   900   900   900   900   900   900   900   902 
2016  23.2  24.0  29.0  26.1  27.5  29.2  27.9 -99.0  28.0  26.9  24.5 -99.0   902   900   900   900   900   900   900   -99   900   900   900   -99 
2017  22.1  23.5  26.5  26.5  28.0  30.3  28.6  27.1  27.5 -99.0  23.9  21.0   900   900   902   902   900   900   900   900   900   -99   900   902 
2018  21.3  24.6  25.1 -99.0 -99.0  29.2 -99.0  27.3 -99.0 -99.0 -99.0 -99.0   900   900   900   -99   -99   900   -99   900   -99   -99   -99   -99 
2019 -99.0 -99.0 -99.0 -99.0 -99.0 -99.0  28.5 -99.0 -99.0 -99.0  23.6 -99.0   -99   -99   -99   -99   -99   -99   900   -99   -99   -99   900   -99 
2020 -99.0 -99.0 -99.0 -99.0  28.1 -99.0  27.6 -99.0  25.5  29.9  23.8 -99.0   -99   -99   -99   -99   900   -99   900   -99   900   900   900   -99 
