Number= 837260
Name= SAO_CARLOS
Country= BRAZIL
Lat=  -22.0
Long=   47.9
Height= 856
Start year= 1961
End year= 2020
First Good year= 1961
Source ID= 58
Source file= Jones
Jones data to= 2012
Normals source= Data
Normals source start year= 1961
Normals source end year= 1990
Normals=  22.9  23.2  22.8  21.3  19.1  18.0  17.9  19.7  20.9  21.6  22.1  22.4 
Standard deviations source= Data
Standard deviations source start year= 1961
Standard deviations source end year= 1990
Standard deviations=   1.0   1.2   1.1   1.0   1.1   1.0   1.3   1.2   1.7   1.2   1.2   0.8 
Obs:
1961  22.4  22.2  22.5  21.6  19.1  18.3  18.8  21.0  24.3  23.0  23.4  21.4   506   506   506   506   506   506   506   506   506   506   506   506 
1962  22.5  22.5  22.5  21.1  17.9  15.8  16.0  19.5  20.9  19.2  21.9  22.1   506   506   506   506   506   506   506   506   506   506   506   506 
1963  23.0  23.1  24.2  21.8  19.2  17.6  19.1  21.0  24.2  23.8  24.1  23.4   506   506   506   506   506   506   506   506   506   506   506   506 
1964  23.4  22.2  22.6  22.4  18.2  17.2  16.1  19.4  21.4  20.2  20.3  20.4   506   506   506   506   506   506   506   506   506   506   506   506 
1965  21.2  21.4  20.2  20.9  18.6  18.5  17.2  19.4  22.4  21.0  21.5  22.2   506   506   506   506   506   506   506   506   506   506   506   506 
1966  22.8  23.4  22.0  20.6  18.1  18.1  18.5  18.9  19.6  21.0  21.2  22.7   506   506   506   506   506   506   506   506   506   506   506   506 
1967  22.1  22.5  22.0  20.9  19.7  17.8  17.8  21.5  21.2  22.1  20.8  20.3   506   506   506   506   506   506   506   506   506   506   506   506 
1968  22.0  21.6  22.3  19.1  16.5  17.1  16.5 -99.0 -99.0 -99.0 -99.0 -99.0   506   506   506   506   506   506   506   -99   -99   -99   -99   -99 
1969 -99.0 -99.0 -99.0 -99.0 -99.0 -99.0 -99.0 -99.0 -99.0 -99.0 -99.0 -99.0   -99   -99   -99   -99   -99   -99   -99   -99   -99   -99   -99   -99 
1970  20.9  19.6  19.8  19.4  18.6  17.6  16.0  16.5  17.9  19.3  19.0  24.0   506   506   506   506   506   506   506   506   506   506   506   506 
1971  23.8  23.8  23.4  20.9  18.8  17.3  18.1  19.7  20.2  20.6  21.0  22.1   506   506   506   506   506   506   506   506   506   506   506   506 
1972  22.6  22.3  23.6  19.7  19.7  19.6  17.6 -99.0  20.6  21.4  22.2  23.2   506   506   506   506   506   506   506   -99   506   506   506   506 
1973  24.3  24.7  23.1  23.5  19.3  19.4  18.7  19.6  20.4  21.1  21.6  22.8   506   506   506   506   506   506   506   506   506   506   506   506 
1974  23.0  24.7  22.8  20.9  18.9  17.4  18.6  19.5  22.2  21.1  22.2  21.4   506   506   506   506   506   506   506   506   506   506   506   506 
1975  22.8  23.6  24.0  20.8  18.5  18.2  16.6  22.4  22.7  21.8  21.8  22.9   506   506   506   506   506   506   506   506   506   506   506   506 
1976  23.4 -99.0 -99.0  21.0  18.4  17.7  16.8  18.8  18.9  20.6  22.1  21.9   506   -99   -99   506   506   506   506   506   506   506   506   506 
1977  23.0  24.8  23.6  20.7  18.9  18.7  20.4  21.0  21.1  23.1  22.3  21.7   506   506   506   506   506   506   506   506   506   506   506   506 
1978  23.6  23.7  23.3  21.1  18.2  17.6  18.4  18.7  20.4  23.0  21.9  22.4   506   506   506   506   506   506   506   506   506   506   506   506 
1979  21.7  23.5  22.4  21.1  20.0 -99.0 -99.0 -99.0 -99.0  23.0 -99.0 -99.0   506   506   506   506   506   -99   -99   -99   -99   506   -99   -99 
1980 -99.0  23.2  24.4 -99.0  20.5 -99.0  19.3  21.0 -99.0 -99.0 -99.0  23.3   -99   506   506   -99   506   -99   506   506   -99   -99   -99   506 
1981 -99.0 -99.0 -99.0 -99.0  20.4  16.9 -99.0  19.9  22.9  20.6  23.2  22.4   -99   -99   -99   -99   506   506   -99   506   506   506   506   506 
1982  22.2  23.9  22.3  20.2  18.2  19.3  18.8  20.5  21.1  21.8  23.6  21.9   506   506   506   506   506   506   506   506   506   506   506   506 
1983  22.7  23.6  22.1  21.7  20.3  18.4  19.6  19.7  19.1  20.8  22.2  22.2   506   506   506   506   506   506   506   506   506   506   506   506 
1984  24.9  25.9  24.2  21.8  21.6  20.3  20.1  18.7  19.8  23.8  23.3  22.8   506   506   506   506   506   506   506   506   506   506   506   506 
1985 -99.0 -99.0 -99.0 -99.0 -99.0 -99.0 -99.0 -99.0 -99.0 -99.0 -99.0 -99.0   -99   -99   -99   -99   -99   -99   -99   -99   -99   -99   -99   -99 
1986  24.3  23.6  23.3  22.8  20.9  18.6  17.6  19.7  20.8  22.1  23.2  22.4   506   506   506   506   506   506   506   506   506   506   506   506 
1987  23.5  23.2  22.9  22.5  18.5  17.6  19.9  19.3  19.8  22.4  23.2  23.0   506   506   506   506   506   506   506   506   506   506   506   506 
1988  24.6  23.1  23.2  22.0  19.8  17.2  16.1  20.5  22.9  20.9  21.7  23.2   506   506   506   506   506   506   506   506   506   506   506   506 
1989  22.3  22.6  22.9  22.4  18.5  17.2  16.9  18.9  19.0  20.5  21.2  22.2   506   506   506   506   506   506   506   506   506   506   506   506 
1990  23.6  24.0  23.3  22.7  18.1  17.4  16.8  18.2  18.3  22.6  23.6  22.8   506   506   506   506   506   506   506   506   506   506   506   506 
1991  22.2  22.9  21.3  20.7  18.8  18.7  17.7  20.6  21.5  22.3  24.1  23.5   506   506   506   506   506   506   506   506   506   506   506   506 
1992  23.9  23.2  22.8  21.5  20.3  20.1  18.5  19.5 -99.0 -99.0  21.8  22.4   506   506   506   506   506   506   506   506   -99   -99   506   506 
1993  23.2  22.1  23.0  21.4  18.4  16.7  17.7  17.7  20.6  22.3  23.6  22.7   506   506   506   506   506   506   506   506   506   506   506   506 
1994  22.7  24.8  22.3  21.3  19.3  17.0  17.6  19.0  22.2  24.2  23.2  24.0   506   506   506   506   506   506   506   506   506   506   506   506 
1995  24.2  23.1  23.0  21.2  19.0  18.2  19.4  21.3  21.1  21.1  22.3  22.9   506   506   506   506   506   506   506   506   506   506   506   506 
1996  23.8  24.3  23.3  21.8  18.6  16.9  16.8  19.7  20.2  22.4  22.4  23.3   506   506   506   506   506   506   506   506   506   506   506   506 
1997  23.1  23.7  22.3  20.8  18.4  16.9  18.5  19.8  22.6  22.7  24.0  24.2   506   506   506   506   506   506   506   506   506   506   506   506 
1998  24.9  24.5  24.4  22.1  18.6  17.6  18.5  20.9  22.0  21.6  22.7  23.3   506   506   506   506   506   506   506   506   506   506   506   506 
1999  24.2 -99.0 -99.0  21.5  18.2  18.0  19.6  19.9 -99.0  21.8  21.5  23.5   506   -99   -99   506   506   506   506   506   -99   506   506   506 
2000  23.4  23.4  23.3  22.0  19.0  19.4  17.1  19.7 -99.0 -99.0 -99.0  23.5   506   506   506   506   506   506   506   506   -99   -99   -99   506 
2001  24.3  24.7  24.3  23.0  18.9  18.4  19.4  20.2  21.1  22.1  23.4  22.8   506   506   506   506   506   506   506   506   506   506   506   506 
2002  23.5  22.7  24.7  24.0  20.4  20.4  18.4  21.8  20.6  26.0  23.5  24.3   506   506   506   506   506   506   506   506   506   506   506   506 
2003  23.6  25.0  23.4  22.3  18.5  19.9  18.9  18.9  21.8  22.8  22.5  23.9   506   506   506   506   506   506   506   506   506   506   506   506 
2004  23.0  22.8  22.5  22.1  17.9  17.5  16.8  19.1  23.8  21.0  22.5  22.9   506   506   506   506   506   506   506   506   506   506   506   506 
2005  23.3  23.6  23.5  23.1  19.9  19.1  17.7  21.1  20.7  24.1  22.4  22.3   506   506   506   506   506   506   506   506   506   506   506   506 
2006  24.5  23.8  24.1  21.6  18.1  18.7  19.4  21.0  20.7  22.7  23.1  23.7   506   506   506   506   506   506   506   506   506   506   506   506 
2007  23.2  24.2  24.7  23.2  18.8  19.0  17.9  20.4  23.0  24.4  22.2  23.7   506   506   506   506   506   506   506   506   506   506   506   506 
2008  22.9  23.5  22.6  21.6  18.2  18.6  18.6  21.1  20.6  23.3  23.0  23.1   506   506   506   506   506   506   506   506   506   506   506   506 
2009  22.8  24.1  24.0  21.6  20.1  16.7  19.0  19.6  21.7  22.7  24.9  23.3   506   506   506   506   506   506   506   506   506   506   506   506 
2010  24.1  24.9  23.9  21.7  19.2  18.2  20.0  19.9  22.5  21.9  23.1  24.5   506   506   506   506   506   506   506   506   506   506   506   506 
2011  24.5  24.8  22.6  22.4  19.1  17.5  19.6  20.9  22.2  22.2  22.0  23.5   506   506   506   506   506   506   506   506   506   506   506   506 
2012  22.4  25.0  23.8  22.2  17.5  18.1  17.0  19.1  21.0  23.6  22.6  24.3   506   506   506   900   900   900   900   900   900   900   900   900 
2013  22.2  23.0  22.4  20.4  19.2  18.4  16.6  18.2  20.4  21.0  22.4  23.4   900   900   900   900   900   900   900   900   900   900   900   900 
2014  24.9  24.7  23.1  21.9  18.8  18.7  17.6  20.1  21.8  23.3  22.8  23.0   900   900   900   900   900   900   900   900   900   900   900   900 
2015  26.9  23.0  22.1  21.8  18.9  18.4  18.4  19.9  22.0  24.0  23.2  23.6   900   900   900   900   900   900   900   900   900   900   900   900 
2016  23.0  24.2 -99.0  22.5  18.9  16.5  18.2  19.4  20.5  21.6  22.2  23.2   900   900   -99   900   900   900   900   900   900   900   900   900 
2017  22.9  24.2  22.1  21.2  19.8  17.5  16.4  18.9  22.6  23.8  22.3  23.2   900   900   900   900   900   900   900   900   900   900   900   900 
2018  23.1  22.8  23.4  21.4  19.5  19.0  18.1  18.4  21.0  22.5  22.5  23.8   900   900   900   900   900   900   900   900   900   900   900   900 
2019  24.8  22.9  23.2  22.6  20.5  18.7  17.2  19.0  22.7  24.0  23.0  22.6   900   900   900   900   900   900   900   900   900   900   900   900 
2020  23.4  22.4 -99.0 -99.0 -99.0 -99.0 -99.0 -99.0 -99.0 -99.0 -99.0 -99.0   900   900   -99   -99   -99   -99   -99   -99   -99   -99   -99   -99 
