Number= 293930
Name= CERVYANKA-----------
Country= RUSSIA
Lat=   57.6
Long=  -99.5
Height= 220
Start year= 1959
End year= 2016
First Good year= 1959
Source ID= 43
Source file= Jones
Jones data to= 2016
Normals source= Data
Normals source start year= 1961
Normals source end year= 1990
Normals= -24.1 -22.3 -11.6  -1.3   7.3  14.6  17.3  13.8   6.7  -2.3 -13.0 -21.7 
Standard deviations source= Data
Standard deviations source start year= 1959
Standard deviations source end year= 1990
Standard deviations=   4.3   5.0   3.7   2.3   1.4   1.5   1.2   1.0   1.2   2.4   4.0   4.5 
Obs:
1959 -22.8 -19.0  -7.2  -1.2   5.8  16.4  17.5  14.8   8.2  -2.2 -16.0 -26.3   506   506   506   506   506   506   506   506   506   506   506   506 
1960 -27.9 -15.0 -16.2  -0.9   6.6  14.9  17.5  13.5   7.2  -2.2 -14.9 -23.6   506   506   506   506   506   506   506   506   506   506   506   506 
1961 -20.9 -18.2  -9.5   1.3   7.4  11.8  16.7  13.4   8.1  -6.4 -14.8 -26.6   506   506   506   506   506   506   506   506   506   506   506   506 
1962 -18.5 -14.9 -11.2  -1.0   8.5  15.2  18.8  15.0   6.8  -3.8 -18.6 -15.9   506   506   506   506   506   506   506   506   506   506   506   506 
1963 -22.7 -12.4  -9.8  -2.8   6.2  13.1  18.2  14.8   6.0   0.2 -11.3 -17.2   506   506   506   506   506   506   506   506   506   506   506   506 
1964 -17.2 -25.5 -14.4  -5.6   7.4  14.2  18.7  14.8   7.0  -4.3 -11.6 -21.9   506   506   506   506   506   506   506   506   506   506   506   506 
1965 -23.6 -25.0 -10.3  -1.6   9.2  15.6  18.0  14.8   6.4  -0.2 -17.2 -27.7   506   506   506   506   506   506   506   506   506   506   506   506 
1966 -27.5 -24.6 -16.2  -6.4   6.8  15.7  17.1  13.8   9.4  -1.7 -16.3 -29.8   506   506   506   506   506   506   506   506   506   506   506   506 
1967 -22.4 -21.0  -8.4  -0.3   7.9  14.9  18.2  11.9   5.8   1.0 -18.4 -19.8   506   506   506   506   506   506   506   506   506   506   506   506 
1968 -26.6 -22.5  -5.6   1.9   7.8  12.2  19.0  13.0   3.3  -1.1 -18.1 -31.8   506   506   506   506   506   506   506   506   506   506   506   506 
1969 -32.8 -33.0 -14.5  -2.2   5.6  15.6  20.1  14.4   5.4  -2.3 -11.9 -25.5   506   506   506   506   506   506   506   506   506   506   506   506 
1970 -23.6 -23.2 -18.2   0.6   6.5  14.8  17.8  12.8   5.9  -4.0 -13.3 -20.2   506   506   506   506   506   506   506   506   506   506   506   506 
1971 -17.8 -31.9 -15.5  -1.3   8.5  16.1  16.3  14.4   7.3   1.2  -8.6 -25.5   506   506   506   506   506   506   506   506   506   506   506   506 
1972 -26.7 -18.2 -13.5   0.8   4.9  15.5  16.6  12.8   5.5  -3.7 -16.7 -19.8   506   506   506   506   506   506   506   506   506   506   506   506 
1973 -20.0 -22.6  -9.5  -2.2   6.4  15.3  17.2  13.9   8.4  -1.9  -7.3 -14.0   506   506   506   506   506   506   506   506   506   506   506   506 
1974 -27.7 -28.8 -14.3   0.4   5.6  13.4  16.1  15.2   6.8  -7.5 -19.4 -24.4   506   506   506   506   506   506   506   506   506   506   506   506 
1975 -17.5 -20.4  -7.7   0.4   8.0  13.6  17.7  13.4   6.4  -0.8 -10.9 -22.4   506   506   506   506   506   506   506   506   506   506   506   506 
1976 -23.1 -22.6 -15.6  -1.3   6.2  15.0  18.2  12.3   7.3  -6.5 -16.3 -25.2   506   506   506   506   506   506   506   506   506   506   506   506 
1977 -32.3 -28.7  -9.7  -0.5   6.2  15.3  15.8  12.8   6.4  -2.1  -7.5 -23.2   506   506   506   506   506   506   506   506   506   506   506   506 
1978 -18.4 -21.2 -12.6  -0.3   6.9  15.0  17.9  13.2   6.8  -0.5  -6.7 -20.8   506   506   506   506   506   506   506   506   506   506   506   506 
1979 -30.0 -21.1 -11.0  -4.6   7.3  17.7  17.2  11.5   6.8  -2.0 -13.9 -21.8   506   506   506   506   506   506   506   506   506   506   506   506 
1980 -30.7 -23.9 -16.1  -4.7   5.9  16.1  18.0  15.0   7.3  -3.0  -9.4 -20.8   506   506   506   506   506   506   506   506   506   506   506   506 
1981 -25.3 -20.8  -8.8   2.1  10.4  14.4  16.3  12.7   7.6  -6.4 -16.7 -17.0   506   506   506   506   506   506   506   506   506   506   506   506 
1982 -27.9 -18.6 -14.6   3.1   7.5  15.3  16.1  13.7   5.7  -5.3 -10.0 -15.2   506   506   506   506   506   506   506   506   506   506   506   506 
1983 -18.3 -18.4  -7.8  -5.0   5.7  14.5  15.6  14.3   6.0  -0.3  -6.0 -13.2   506   506   506   506   506   506   506   506   506   506   506   506 
1984 -25.6 -21.5 -13.0  -5.5   7.8  15.2  16.4  13.8   7.0  -4.3 -17.2 -27.5   506   506   506   506   506   506   506   506   506   506   506   506 
1985 -25.4 -33.0 -11.9  -1.2   6.6  15.8  17.4  14.0   6.3   0.0 -11.5 -25.1   506   506   506   506   506   506   506   506   506   506   506   506 
1986 -24.6 -18.0  -9.2  -0.9   7.3  15.2  19.1  14.7   8.4  -1.8  -9.9 -21.9   506   506   506   506   506   506   506   506   506   506   506   506 
1987 -25.9 -21.8 -17.3  -2.7   7.4  10.6  16.1  15.5   6.4  -3.7 -18.9 -18.7   506   506   506   506   506   506   506   506   506   506   506   506 
1988 -22.2 -24.7 -13.2   0.9   7.3  12.3  15.4  14.6   8.7   1.1  -7.2 -20.3   506   506   506   506   506   506   506   506   506   506   506   506 
1989 -20.0 -14.8  -6.3  -1.4   9.1  12.9  15.6  13.2   5.9   0.2 -13.1 -18.8   506   506   506   506   506   506   506   506   506   506   506   506 
1990 -27.4 -18.9  -3.2  -0.2  10.9  14.2  18.6  15.6   6.9   1.3 -11.2 -18.5   506   506   506   506   506   506   506   506   506   506   506   506 
1991 -25.0 -20.6 -15.4  -0.1   6.8  15.3  19.2  14.8   7.8  -0.7  -9.6 -25.9   506   506   506   506   506   506   506   506   506   506   506   506 
1992 -14.8 -14.1 -10.0  -3.7  11.4  13.4  17.2  15.5   5.3   0.5 -15.1 -19.6   506   506   506   506   506   506   506   506   506   506   506   506 
1993 -19.9 -14.9  -6.5   0.1   6.8  14.1  19.6  14.9   6.0   0.7 -14.9 -17.2   506   506   506   506   506   506   506   506   506   506   506   506 
1994 -25.6 -22.2  -9.8  -0.9   8.1  17.3  19.8  14.7   7.2   0.1 -13.5 -23.9   506   506   506   506   506   506   506   506   506   506   506   506 
1995 -16.9 -15.4  -9.3   1.1   7.1  13.2  17.4  16.9   7.0   1.5  -6.9 -16.2   506   506   506   506   506   506   506   506   506   506   506   506 
1996 -23.5 -21.4 -11.4  -2.9   7.2  14.3  21.0  13.0 -99.0  -3.3 -17.9 -20.6   506   506   506   506   506   506   506   506   -99   506   506   506 
1997 -21.7 -16.8  -7.0   5.8   9.8  14.7  17.4  14.7   7.2  -0.6 -12.9 -22.1   506   506   506   506   506   506   506   506   506   506   506   506 
1998 -25.7 -15.1  -9.5  -0.1   7.6  13.4  17.8  17.0   5.7  -1.3 -20.2 -13.4   506   506   506   506   506   506   506   506   506   506   506   506 
1999 -27.4 -17.1 -21.6  -0.2  11.8  13.1  20.3  14.1   5.5  -1.9 -12.7 -17.3   506   506   506   506   506   506   506   506   506   506   506   506 
2000 -30.9 -19.2  -8.5   1.3   8.4  17.9  17.0  16.1   8.0  -4.7 -20.3 -30.9   506   506   506   506   506   506   506   506   506   506   506   506 
2001 -31.8 -22.6 -10.1   0.3  10.3  18.7  17.5  17.0   7.5  -0.5  -5.7 -24.0   506   506   506   506   506   506   506   506   506   506   506   506 
2002 -11.8 -11.3  -6.0  -1.2  11.9  15.8  20.0  15.0   8.0  -3.0 -14.6 -27.0   506   506   506   506   506   506   506   506   506   506   506   506 
2003 -18.7 -15.4  -8.7   0.2   8.3  16.8  18.1  14.8   7.9  -0.9 -15.5 -15.2   506   506   506   506   506   506   506   506   506   506   506   506 
2004 -18.7 -14.5 -10.9  -0.8   8.4  17.1  16.4  13.6   8.2   0.9  -8.4 -27.5   506   506   506   506   506   506   506   506   506   506   506   506 
2005 -18.4 -26.1  -7.7   0.0   8.6  15.3  20.2  15.1   7.5   2.2  -9.0 -26.4   506   506   506   506   506   506   506   506   506   506   506   506 
2006 -30.5 -25.0 -10.3  -4.4   8.0  17.8  18.6  12.6   8.6  -3.9 -13.9 -15.2   506   506   506   506   506   506   506   506   506   506   506   506 
2007 -15.1 -17.7 -11.0   3.9   8.6  14.1  19.3  14.8   8.6   0.0  -9.3 -13.8   506   506   506   506   506   506   506   506   506   506   506   506 
2008 -28.2 -15.4  -4.7  -0.8   8.0  17.3  17.3  13.5   7.6   1.1  -9.0 -21.4   506   506   506   506   506   506   506   506   506   506   506   506 
2009 -23.6 -26.1 -12.1   2.9   6.8  14.6  18.1  14.5   6.9  -2.1 -19.1 -29.2   506   506   506   506   506   506   506   506   506   506   506   506 
2010 -29.0 -27.0 -13.1  -2.4   8.1  16.5  18.7  13.5   7.1   1.4  -8.8 -29.1   506   506   506   506   506   506   506   506   506   506   506   506 
2011 -26.5 -18.6  -5.8   4.6   9.3  17.8  17.1  15.3   6.7   2.9 -12.8 -20.1   506   506   506   506   506   506   506   506   506   506   506   506 
2012 -26.8 -19.1 -11.2   1.1   9.1  16.6  18.5  13.1   9.5  -1.4 -13.3 -32.1   506   506   506   506   506   506   506   506   506   506   506   506 
2013 -25.4 -21.7 -12.6   0.9   7.6  15.9  16.7  15.5   6.0  -0.4  -5.6 -11.9   506   506   506   506   506   506   506   506   506   506   506   506 
2014 -19.7 -23.0  -6.7   4.9   7.4  15.5  18.3  14.5   5.7  -2.9 -11.4 -15.5   506   506   506   506   506   506   506   506   506   506   506   506 
2015 -14.2 -14.4  -7.2   3.0   9.6  15.7  19.6  16.1   6.7   0.9 -15.6 -12.2   506   506   506   506   506   506   506   506   506   506   506   506 
2016 -27.9 -15.8  -6.0   1.8   6.6  16.9  18.0 -99.0 -99.0 -99.0 -99.0 -99.0   506   506   506   506   506   506   506   -99   -99   -99   -99   -99 
