Number= 410550
Name= AL-BAHA
Country= SAUDI ARABIA
Lat=   20.3
Long=  -41.7
Height= 1652
Start year= 1994
End year= 2020
First Good year= 1994
Source ID= 94
Source file= Jones
Jones data to= 2016
Normals source start year= 1994
Normals source end year= 1990
Normals= -99.0 -99.0 -99.0 -99.0 -99.0 -99.0 -99.0 -99.0 -99.0 -99.0 -99.0 -99.0 
Standard deviations source= Data
Standard deviations source start year= 1994
Standard deviations source end year= 1990
Obs:
1994  17.2  17.7  19.1  22.6  25.7  28.4  27.3  28.5  26.3  22.7  19.9  15.9   506   506   506   506   506   506   506   506   506   506   506   506 
1995  16.6 -99.0  18.8  21.3  24.7  28.9  27.3  29.3  27.2  23.3  19.2  16.0   506   -99   506   506   506   506   506   506   506   506   506   506 
1996  15.2  18.0  20.2  22.3  25.4  28.5  28.5  29.3  27.3  22.9  17.1  16.5   506   506   506   506   506   506   506   506   506   506   506   506 
1997  14.9  17.3  19.4  21.2  23.7  27.4  28.5  28.3  27.8  21.4  18.1  17.2   506   506   506   506   506   506   506   506   506   506   506   506 
1998  14.8  17.2  20.2  23.2  25.9  30.0  29.0  29.2  28.1  25.2  18.6  16.8   506   506   506   506   506   506   506   506   506   506   506   506 
1999  15.7  20.3  18.7  23.9  27.8  29.7  28.5  28.6 -99.0  23.6 -99.0 -99.0   506   506   506   506   506   506   506   506   -99   506   -99   -99 
2000 -99.0 -99.0 -99.0  23.7  26.7  29.3  29.9  29.9  26.9  23.4 -99.0  16.9   -99   -99   -99   506   506   506   506   506   506   506   -99   506 
2001  14.5  17.9  19.5  23.4  26.6  28.1  28.6 -99.0 -99.0  23.4  18.8  18.3   506   506   506   506   506   506   506   -99   -99   506   506   506 
2002  15.8  17.6  19.5  22.3  25.5  28.8  30.3  29.3  27.6 -99.0  19.6  16.6   506   506   506   506   506   506   506   506   506   -99   506   506 
2003 -99.0 -99.0 -99.0  23.8  26.5  29.3  28.3  29.0 -99.0  23.4  20.0 -99.0   -99   -99   -99   506   506   506   506   506   -99   506   506   -99 
2004 -99.0 -99.0 -99.0 -99.0  27.4  28.3  29.7  29.1  27.4 -99.0 -99.0  15.3   -99   -99   -99   -99   506   506   506   506   506   -99   -99   506 
2005  15.7  19.6  21.5  23.2  24.8  29.4  28.8  28.8 -99.0  23.2  19.9  17.1   506   506   506   506   506   506   506   506   -99   506   506   506 
2006 -99.0  18.4  19.5  21.2  24.9  29.2 -99.0  29.4 -99.0  23.3  19.5 -99.0   -99   506   506   506   506   506   -99   506   -99   506   506   -99 
2007  14.8  18.9  20.3  22.5  26.9  28.4  27.7 -99.0  28.2 -99.0  19.3  17.8   506   506   506   506   506   506   506   -99   506   -99   506   506 
2008  15.8 -99.0 -99.0  23.7  26.1  28.4  29.6  29.2  28.1  22.5  18.6  16.3   506   -99   -99   506   506   506   506   506   506   506   506   506 
2009  15.4  19.2  20.8  23.9  27.1  29.5  29.1  29.5  28.0  23.3  20.2  17.1   506   506   506   506   506   506   506   506   506   506   506   506 
2010  16.5  16.5  21.3  23.2  26.7  30.1  29.3  30.2  28.1  24.1  18.1  15.2   506   902   506   506   506   506   506   506   506   506   506   506 
2011  15.7  15.7 -99.0 -99.0 -99.0  29.4 -99.0 -99.0  27.7 -99.0  18.8  16.4   506   506   -99   -99   -99   506   -99   -99   506   -99   506   506 
2012 -99.0  18.3 -99.0  21.9  27.1 -99.0  30.2  29.6  27.7 -99.0 -99.0  17.0   -99   506   -99   506   902   -99   506   506   506   -99   -99   506 
2013  17.0  19.0  20.7  22.7  25.3  28.0  30.3 -99.0  28.0  23.9 -99.0  16.1   506   506   506   506   506   506   902   -99   506   506   -99   506 
2014  16.2  17.1  20.5  24.0  26.2  29.3  29.1 -99.0  27.5  23.7  19.0 -99.0   506   506   506   506   506   506   506   -99   506   506   506   -99 
2015 -99.0  19.6  22.2  24.8 -99.0  28.6  29.6 -99.0  28.3  24.4  20.4  16.2   -99   506   506   506   -99   506   506   -99   506   506   506   506 
2016  15.9  17.6  22.8  19.7 -99.0  29.9  29.6  29.5  28.2  23.4  19.1  18.8   506   506   506   506   -99   506   506   900   900   900   900   900 
2017  18.3  16.3  21.1  24.4  25.3  30.1  30.2  30.5  27.8  24.0  19.7  15.5   900   900   900   900   900   900   900   900   900   900   900   900 
2018  15.1  18.8  21.4  22.0  26.5  29.5  28.9  29.1  28.7  22.4  18.8  17.7   900   900   900   900   900   900   900   900   900   900   900   900 
2019  18.6  18.5  20.0  23.0  24.2  29.5  30.2  28.2  28.7  24.3  19.5  17.3   900   900   900   900   900   900   900   900   900   900   900   900 
2020  15.2  18.5  20.6  23.7  26.2  29.8  29.2  28.6  28.0  23.1  20.5  17.8   900   900   900   900   900   900   900   900   900   900   900   900 
