Number= 415710
Name= ISLAMABAD AIRPORT
Country= PAKISTAN
Lat=   33.6
Long=  -73.1
Height= 508
Start year= 2002
End year= 2020
First Good year= 2002
Source ID= 94
Source file= Jones
Jones data to= 2016
Normals source start year= 2002
Normals source end year= 1990
Normals= -99.0 -99.0 -99.0 -99.0 -99.0 -99.0 -99.0 -99.0 -99.0 -99.0 -99.0 -99.0 
Standard deviations source= Data
Standard deviations source start year= 2002
Standard deviations source end year= 1990
Obs:
2002 -99.0 -99.0 -99.0 -99.0 -99.0 -99.0 -99.0  29.5  25.9  23.3  17.8  12.7   -99   -99   -99   -99   -99   -99   -99   506   506   506   506   506 
2003  10.5 -99.0  17.7  24.1  27.8  31.8 -99.0  28.9  27.3  22.3  16.1  12.8   506   -99   506   506   506   506   -99   506   506   506   506   506 
2004  11.1  13.9  21.5  25.5  28.5  30.1  30.9  28.2  28.7  20.1  17.1  12.5   506   506   506   506   506   506   506   506   506   506   506   506 
2005   9.3  11.1  17.7  22.3  26.3  32.4  29.5  28.9  28.3  23.2  16.6  11.5   506   506   506   506   506   506   506   506   506   506   506   506 
2006  10.8  17.3  18.2 -99.0 -99.0  31.0  30.0 -99.0  27.4  23.6  16.8  11.6   506   506   506   -99   -99   506   506   -99   506   506   506   506 
2007  10.7  13.7  17.3  26.5  29.1  31.3  29.8  29.7  26.9  22.3  16.6  11.2   506   506   506   506   506   506   506   506   506   506   506   506 
2008   8.2  12.6  21.5  23.0  29.4  30.3  29.3  28.7  26.7  23.8  16.7  13.0   506   506   506   506   506   506   506   506   506   506   506   506 
2009  12.0  14.0  18.5  22.4  28.9  31.3  31.8  30.0  28.8  23.0  16.1  11.9   506   506   506   506   506   506   506   506   506   506   506   506 
2010  11.8  13.7  21.5  26.3  29.8  31.0  30.7  28.5  27.4  23.9  17.5  11.2   506   506   506   506   506   506   506   506   506   506   506   506 
2011  10.0  12.8  19.5  22.8  31.2  32.2  29.4  29.4  27.7  23.3  18.0  11.9   506   506   506   506   506   506   506   506   506   506   506   506 
2012   9.8  11.9  18.3  23.9  29.4  33.6  32.7  29.4  26.8  23.0  17.2  12.3   506   506   506   506   506   506   506   506   506   506   506   506 
2013  10.5  13.3  19.4  23.6  30.2  32.1  30.1  28.3  27.2  24.4  16.0  12.3   506   506   506   506   506   506   506   506   506   506   506   506 
2014  11.3  13.1  16.5  22.9  26.8  32.6  30.3  29.2  26.8  22.9  16.5  11.7   506   506   506   506   506   506   506   506   506   506   506   506 
2015  11.0  14.4  17.1  23.1  28.2  31.0  29.1  29.2  27.5  23.5  16.6  12.4   506   506   506   506   506   506   506   506   506   506   506   506 
2016  11.3  14.9  18.7  24.1  30.5  32.5  30.0  29.5  29.1  24.9  17.4  14.0   506   506   506   506   506   506   506   900   900   900   900   900 
2017  11.2  15.4  19.0  25.1  30.3  30.3  30.0  29.3  28.1  25.1  16.7  12.9   900   900   900   900   900   900   900   900   900   900   900   900 
2018  12.0  15.0  20.6  24.8  28.1  32.3  30.3  29.8  28.3  22.4  16.6  11.6   900   900   900   900   900   900   900   900   900   900   900   900 
2019  10.2  12.4 -99.0 -99.0 -99.0 -99.0 -99.0  29.5  28.8  23.1  16.7  10.4   900   900   -99   -99   -99   -99   -99   900   900   900   900   900 
2020   9.9  14.3  16.8  22.6  27.3  30.4  30.8  29.7  28.2  23.6  15.7  11.7   900   900   900   900   900   900   900   900   900   900   900   900 
