Number= 360340
Name= RUBCOVSK
Country= RUSSIA
Lat=   51.5
Long=  -81.1
Height= 216
Start year= 1924
End year= 2016
First Good year= 1924
Source ID= 43
Source file= Jones
Jones data to= 2016
Normals source= Data
Normals source start year= 1961
Normals source end year= 1990
Normals= -15.9 -15.6  -8.3   4.0  13.0  18.8  20.7  17.7  11.9   3.4  -6.1 -13.5 
Standard deviations source= Data
Standard deviations source start year= 1941
Standard deviations source end year= 1990
Standard deviations=   3.9   4.1   3.2   2.4   2.0   1.7   1.5   1.2   1.5   1.6   4.2   4.6 
Obs:
1924 -99.0 -99.0 -99.0 -99.0 -99.0 -99.0 -99.0 -99.0 -99.0 -99.0  -8.9 -11.8   -99   -99   -99   -99   -99   -99   -99   -99   -99   -99   506   506 
1925 -12.8 -17.4  -9.0   0.0   9.9  16.7  18.5  18.5  12.6   5.8  -1.8 -10.3   506   506   506   506   506   506   506   506   506   506   506   506 
1926 -16.3 -16.4  -6.7   4.0   8.6  17.8  18.9  17.1  10.8   5.1  -4.6 -15.5   506   506   506   506   506   506   506   506   506   506   506   506 
1927 -20.6 -18.1 -14.8   0.8  14.6  17.0  20.9  18.4  13.0   3.7  -8.0 -14.1   506   506   506   506   506   506   506   506   506   506   506   506 
1928 -16.2 -15.0 -14.9  -0.2  12.6  18.1  20.7  18.9  12.1   4.6  -5.9 -19.2   506   506   506   506   506   506   506   506   506   506   506   506 
1929 -20.9 -21.9  -7.0   7.6   9.5  20.7  20.9  17.1  12.5   3.8  -4.3 -24.9   506   506   506   506   506   506   506   506   506   506   506   506 
1930 -19.3 -16.5  -4.9  -0.7  13.3  20.7  20.2  15.9   9.4   3.1  -5.1 -14.5   506   506   506   506   506   506   506   506   506   506   506   506 
1931 -21.1 -27.3  -8.2   2.8  11.2  22.0  20.8  20.8  12.9   6.0  -9.4 -13.7   506   506   506   506   506   506   506   506   506   506   506   506 
1932 -12.6 -15.0  -8.9   6.5  11.7  18.4  22.8  17.4  12.2   6.8  -3.9 -12.1   506   506   506   506   506   506   506   506   506   506   506   506 
1933 -24.6 -21.5  -9.3   6.9  12.3  18.4  20.9  19.7   9.2   1.6  -3.9 -14.5   506   506   506   506   506   506   506   506   506   506   506   506 
1934 -15.7 -11.5 -12.2  -3.1  12.8  20.1  17.1  17.2   8.2   4.0  -8.3 -14.4   506   506   506   506   506   506   506   506   506   506   506   506 
1935 -18.3 -11.5  -7.5   2.0  14.3  21.1  22.8  18.9  12.6   4.7 -12.9 -21.1   506   506   506   506   506   506   506   506   506   506   506   506 
1936 -16.2 -14.7 -10.9  -0.1  10.4  18.1  19.8  14.8  11.4   7.6  -3.6 -12.5   506   506   506   506   506   506   506   506   506   506   506   506 
1937 -21.3 -15.1 -12.1  -0.7  11.8  18.0  20.1  15.8  11.7   4.4  -8.6 -16.8   506   506   506   506   506   506   506   506   506   506   506   506 
1938 -21.2 -11.3  -7.8   7.8  13.7  17.0  19.4  17.4   8.9   3.3  -2.8 -22.3   506   506   506   506   506   506   506   506   506   506   506   506 
1939 -19.2 -12.1  -9.8   6.7  12.4  18.8  20.1  17.4  12.9   1.7  -9.6  -8.3   506   506   506   506   506   506   506   506   506   506   506   506 
1940 -23.2 -16.0  -5.5   7.1  12.3  20.2  22.9  18.1  10.0   3.0  -7.0  -9.5   506   506   506   506   506   506   506   506   506   506   506   506 
1941 -12.7 -19.5  -5.5   2.8  13.3  20.6  19.7  17.1  11.4   4.5  -9.9 -15.4   506   506   506   506   506   506   506   506   506   506   506   506 
1942 -16.8 -20.2  -7.9   3.6  10.9  20.5  20.4  18.1  14.0   3.5  -2.4 -11.2   506   506   506   506   506   506   506   506   506   506   506   506 
1943 -19.0 -16.6 -11.6   3.6  15.0  18.0  20.5  20.4  11.9   2.1 -10.8 -11.6   506   506   506   506   506   506   506   506   506   506   506   506 
1944 -17.0 -14.7  -2.6   6.9  12.9  19.2  20.0  17.3  11.7   3.9 -13.5 -20.1   506   506   506   506   506   506   506   506   506   506   506   506 
1945 -21.8 -26.2 -11.7   5.6  16.5  20.0  20.0  18.9  12.0   5.8  -6.1 -14.8   506   506   506   506   506   506   506   506   506   506   506   506 
1946 -13.8  -8.5 -10.3   5.9  11.5  16.2  21.1  16.7  10.5   4.7  -6.5 -21.2   506   506   506   506   506   506   506   506   506   506   506   506 
1947 -19.6 -19.7  -6.0   7.1  11.9  16.4  18.2  17.6  11.0   3.9  -2.3 -17.6   506   506   506   506   506   506   506   506   506   506   506   506 
1948 -12.0 -15.7  -7.5   5.1  12.0  17.5  22.4  17.3  11.9   5.4  -8.0 -12.8   506   506   506   506   506   506   506   506   506   506   506   506 
1949 -12.1 -11.0 -11.8   5.4  12.6  17.2  18.9  19.0   9.3   4.1  -9.3 -21.5   506   506   506   506   506   506   506   506   506   506   506   506 
1950 -16.8 -17.5  -7.9   0.1  13.7  18.5  22.7  18.4  13.3   2.3 -17.2 -14.2   506   506   506   506   506   506   506   506   506   506   506   506 
1951 -18.8 -23.3  -8.2   7.1  15.6  20.5  23.7  16.9  14.0   2.8  -7.2  -5.2   506   506   506   506   506   506   506   506   506   506   506   506 
1952 -14.4 -20.1 -12.5   0.7  14.4  19.4  22.2  19.7  13.4   2.4 -16.3 -15.1   506   506   506   506   506   506   506   506   506   506   506   506 
1953 -16.0 -13.9  -3.3   5.8  15.5  19.5  24.0  17.7  15.3   3.7 -12.9 -12.5   506   506   506   506   506   506   506   506   506   506   506   506 
1954 -22.7 -20.2 -12.1  -1.9   9.3  17.2  18.4  18.9  12.5   4.6  -6.7 -21.8   506   506   506   506   506   506   506   506   506   506   506   506 
1955 -15.5 -15.2  -8.5   3.5  16.6  21.3  20.8  20.0  10.5   2.0  -5.7 -13.9   506   506   506   506   506   506   506   506   506   506   506   506 
1956 -22.7 -21.5 -10.0   5.4  14.1  15.2  21.7  19.0  10.4   5.3  -6.8 -15.1   506   506   506   506   506   506   506   506   506   506   506   506 
1957 -17.6 -16.7  -9.3   2.1  11.1  19.4  18.7  17.0  12.4   4.4  -5.8  -9.1   506   506   506   506   506   506   506   506   506   506   506   506 
1958 -18.6 -11.0 -11.1   0.6  10.9  15.0  19.2  17.7  10.3   3.4  -3.6 -13.8   506   506   506   506   506   506   506   506   506   506   506   506 
1959 -17.9 -15.8  -7.3   4.4  11.9  19.2  19.1  16.9  13.1   3.6 -13.2 -20.4   506   506   506   506   506   506   506   506   506   506   506   506 
1960 -18.3 -14.5 -14.5  -0.1   9.7  17.4  18.1  16.1  11.4   1.0 -11.5 -14.4   506   506   506   506   506   506   506   506   506   506   506   506 
1961 -13.8 -14.8  -8.3   6.5  13.5  17.0  19.8  17.6  12.2  -1.1  -5.9 -12.6   506   506   506   506   506   506   506   506   506   506   506   506 
1962 -14.6 -14.9  -6.5   5.3  16.6  20.9  22.0  19.0  13.0   2.0 -10.9 -12.6   506   506   506   506   506   506   506   506   506   506   506   506 
1963 -12.3  -9.2  -1.8   0.9  12.4  19.5  22.0  17.6  10.1   4.9   0.0  -8.9   506   506   506   506   506   506   506   506   506   506   506   506 
1964 -10.1 -20.2  -8.9  -0.1  12.7  18.1  21.2  18.6  11.4   1.0  -2.6 -10.0   506   506   506   506   506   506   506   506   506   506   506   506 
1965 -15.2 -16.8  -9.8   1.2  15.6  19.8  23.6  18.0  13.0   4.1  -6.6 -16.9   506   506   506   506   506   506   506   506   506   506   506   506 
1966 -18.6 -15.3  -8.3   1.8  10.5  18.7  20.7  18.9  15.3   2.7 -10.0 -27.5   506   506   506   506   506   506   506   506   506   506   506   506 
1967 -18.9 -15.6  -7.2   6.9  15.6  18.3  20.6  15.4   8.9   5.8 -10.2 -12.4   506   506   506   506   506   506   506   506   506   506   506   506 
1968 -15.5 -15.3  -3.8   4.1  14.4  18.3  20.6  18.1   8.5   1.3 -10.7 -19.3   506   506   506   506   506   506   506   506   506   506   506   506 
1969 -31.3 -27.2 -14.8   1.3  10.4  18.6  23.9  15.3  10.8   3.4  -5.2 -17.8   506   506   506   506   506   506   506   506   506   506   506   506 
1970 -16.0 -12.4 -11.3   5.3  11.0  18.5  18.8  17.2  12.6   3.1  -7.5 -16.5   506   506   506   506   506   506   506   506   506   506   506   506 
1971 -13.1 -17.6 -10.4   5.2  10.9  17.4  19.8  17.4  12.0   5.5  -2.0 -10.6   506   506   506   506   506   506   506   506   506   506   506   506 
1972 -21.8 -15.4 -10.4   6.4  11.4  18.4  17.2  15.8   9.1   2.7  -3.0 -12.9   506   506   506   506   506   506   506   506   506   506   506   506 
1973 -16.1 -16.3  -7.8   5.5  11.5  19.7  20.6  17.9  12.6   3.1  -0.6 -10.1   506   506   506   506   506   506   506   506   506   506   506   506 
1974 -19.8 -20.7  -9.3   6.5  14.9  19.8  22.4  19.2  11.0   2.6  -9.7 -20.6   506   506   506   506   506   506   506   506   506   506   506   506 
1975 -11.8 -11.2  -3.7   3.4  10.3  17.0  21.0  16.8  12.0   3.9  -8.6 -16.2   506   506   506   506   506   506   506   506   506   506   506   506 
1976 -12.7 -17.5 -11.8   3.7  13.8  20.8  18.9  18.0  11.7  -0.7 -13.0 -19.1   506   506   506   506   506   506   506   506   506   506   506   506 
1977 -24.8 -17.3  -8.0   5.3  13.3  20.9  20.1  16.2  12.5   3.6  -2.1 -11.5   506   506   506   506   506   506   506   506   506   506   506   506 
1978 -13.6 -15.2  -8.1   6.2  10.8  19.4  21.2  15.5  13.0   4.7  -1.1 -11.4   506   506   506   506   506   506   506   506   506   506   506   506 
1979 -18.8 -10.1 -10.5  -1.6  11.9  19.4  20.7  17.1  12.9   5.1  -7.1  -9.6   506   506   506   506   506   506   506   506   506   506   506   506 
1980 -16.5 -17.2 -12.1   3.3  15.4  18.2  20.0  17.6  12.4   2.9  -3.1 -11.6   506   506   506   506   506   506   506   506   506   506   506   506 
1981 -16.7 -13.0  -4.5   6.5  14.2  21.7  19.8  19.7  13.3   3.0  -8.0 -13.2   506   506   506   506   506   506   506   506   506   506   506   506 
1982 -14.8 -12.5 -12.5   6.9  15.1  21.2  20.9  17.7  12.6   5.6  -2.5  -9.3   506   506   506   506   506   506   506   506   506   506   506   506 
1983  -9.8  -9.6  -2.0   3.2  10.2  19.6  20.9  19.0  10.4   6.0  -0.4  -8.7   506   506   506   506   506   506   506   506   506   506   506   506 
1984 -16.4 -20.6  -5.7   1.0  12.6  19.1  19.0  18.0  12.1   5.2  -9.9 -22.7   506   506   506   506   506   506   506   506   506   506   506   506 
1985 -15.9 -16.1 -11.8   5.5  11.5  16.4  20.3  17.6  11.4   2.9  -5.7 -12.4   506   506   506   506   506   506   506   506   506   506   506   506 
1986 -14.2 -19.0  -9.4   3.6  13.7  16.3  21.7  18.4  12.2   3.4  -5.9 -13.8   506   506   506   506   506   506   506   506   506   506   506   506 
1987 -12.8 -10.2 -10.1   3.0  14.3  16.1  21.3  19.4  12.8   0.8 -13.1 -10.4   506   506   506   506   506   506   506   506   506   506   506   506 
1988 -15.5 -19.6  -9.8   5.2  11.2  18.2  20.3  18.5  14.0   4.2  -2.8 -10.0   506   506   506   506   506   506   506   506   506   506   506   506 
1989 -10.8 -13.2  -6.6   3.4  13.4  16.6  20.8  18.9  11.1   5.0  -6.8  -6.0   506   506   506   506   506   506   506   506   506   506   506   506 
1990 -15.7 -13.4  -2.9   5.2  15.8  20.8  21.2  17.3  12.5   5.2  -6.7 -11.2   506   506   506   506   506   506   506   506   506   506   506   506 
1991 -12.3 -16.3 -11.3   4.4  14.3  20.5  21.8  17.1  13.2   5.8  -3.9 -13.7   506   506   506   506   506   506   506   506   506   506   506   506 
1992  -9.3 -13.3 -10.3   3.9  13.9  16.6  20.8  17.5   8.4   4.2  -4.3  -8.5   506   506   506   506   506   506   506   506   506   506   506   506 
1993 -11.8 -11.9  -7.4   3.4  10.6  18.2  20.7  18.0  10.0   4.8 -15.7 -15.8   506   506   506   506   506   506   506   506   506   506   506   506 
1994 -15.0 -17.2  -6.7   4.8  14.0  21.8  21.0  17.4  10.7   3.7  -1.7  -9.8   506   506   506   506   506   506   506   506   506   506   506   506 
1995 -15.7 -10.6  -7.0   6.8  12.9  16.5  21.1  19.0  11.7   5.9  -1.4 -10.4   506   506   506   506   506   506   506   506   506   506   506   506 
1996 -20.2 -18.4 -11.8   1.9  13.0  19.0  22.0  16.8  11.6   2.1  -6.6 -11.8   506   506   506   506   506   506   506   506   506   506   506   506 
1997 -11.5 -10.9  -2.7  10.6  15.8  18.9  20.2  19.4  13.6   7.4  -9.6 -14.4   506   506   506   506   506   506   506   506   506   506   506   506 
1998 -23.5 -13.2  -8.9   2.8  12.6  19.2  22.2  21.0  11.0   5.6  -8.5 -10.1   506   506   506   506   506   506   506   506   506   506   506   506 
1999 -14.3 -10.4 -15.6   4.3  16.3  17.5  23.0  19.6  11.2   6.2  -6.2  -8.5   506   506   506   506   506   506   506   506   506   506   506   506 
2000 -18.1 -11.2  -5.9   7.7  13.9  18.9  19.7  19.4  12.6   0.9 -10.8 -11.0   506   506   506   506   506   506   506   506   506   506   506   506 
2001 -17.8 -14.6  -3.5   5.1  16.9  19.7  18.6  20.0  11.7   4.0  -0.4 -15.5   506   506   506   506   506   506   506   506   506   506   506   506 
2002  -6.3  -5.7   0.4   4.4  14.2  17.9  18.5  19.0  13.8   3.5  -1.4 -16.8   506   506   506   506   506   506   506   506   506   506   506   506 
2003 -14.1 -13.5  -7.7   3.6  15.2  20.6  18.7  18.7  13.5   3.9  -7.9 -10.7   506   506   506   506   506   506   506   506   506   506   506   506 
2004 -18.6  -9.0  -6.6   4.7  16.2  20.3  20.0  17.6  11.6   6.7  -2.6 -13.9   506   506   506   506   506   506   506   506   506   506   506   506 
2005 -16.8 -20.9  -4.1   5.6  13.9  20.1  22.2  19.3  12.3   6.2  -4.3 -15.4   506   506   506   506   506   506   506   506   506   506   506   506 
2006 -21.8 -15.8  -6.1   3.2  11.8  21.4  20.4  16.7  13.0   4.4  -2.4  -6.8   506   506   506   506   506   506   506   506   506   506   506   506 
2007  -7.9  -9.1  -8.5   9.3  14.5  17.3  22.2  17.7  13.1   4.3  -4.4 -10.7   506   506   506   506   506   506   506   506   506   506   506   506 
2008 -21.3 -14.3   0.6   6.0  15.2  20.8  22.9  18.3  10.0   5.6  -1.0 -13.7   506   506   506   506   506   506   506   506   506   506   506   506 
2009 -14.7 -18.7  -8.5   6.2  14.3  16.2  19.6  18.0  12.3   4.4  -5.4 -15.5   506   506   506   506   506   506   506   506   506   506   506   506 
2010 -25.4 -23.5  -8.3   3.3  11.5  19.6  18.1  18.5  11.9   5.4   0.3 -16.6   506   506   506   506   506   506   506   506   506   506   506   506 
2011 -24.6 -14.9  -9.3   8.5  13.5  20.9  19.8  18.1  12.9   6.9  -7.7 -15.4   506   506   506   506   506   506   506   506   506   506   506   506 
2012 -21.7 -24.7  -7.4   8.8  13.7  22.2  21.9  18.9  13.9   4.6  -5.5 -24.0   506   506   506   506   506   506   506   506   506   506   506   506 
2013 -12.1 -14.3  -3.2   6.3  11.5  16.8  20.0  18.6  11.3   4.8   0.2  -7.1   506   506   506   506   506   506   506   506   506   506   506   506 
2014 -14.4 -19.1  -3.2   7.6  12.3  19.2  20.4  18.9  10.4   3.4  -6.7 -12.3   506   506   506   506   506   506   506   506   506   506   506   506 
2015 -12.8 -12.1  -6.4   4.3  14.8  20.5  21.3  18.7  10.7   5.7  -6.9  -4.7   506   506   506   506   506   506   506   506   506   506   506   506 
2016 -19.7  -9.4  -2.4   8.7  12.7  20.1  21.3  17.8  14.7 -99.0 -99.0 -99.0   506   506   506   506   506   506   506   506   506   -99   -99   -99 
