Number= 977960
Name= TIMIKA
Country= INDONESIA
Lat=   -5.0
Long= -137.5
Height= 3
Start year= 1982
End year= 2020
First Good year= 1982
Source ID= 97
Source file= Jones
Jones data to= 2015
Normals source start year= 1982
Normals source end year= 1990
Normals= -99.0 -99.0 -99.0 -99.0 -99.0 -99.0 -99.0 -99.0 -99.0 -99.0 -99.0 -99.0 
Standard deviations source= Data
Standard deviations source start year= 1982
Standard deviations source end year= 1990
Obs:
1982 -99.0 -99.0 -99.0 -99.0 -99.0 -99.0 -99.0 -99.0 -99.0 -99.0 -99.0 -99.0   -99   -99   -99   -99   -99   -99   -99   -99   -99   -99   -99   -99 
1983 -99.0 -99.0 -99.0 -99.0 -99.0 -99.0 -99.0 -99.0 -99.0 -99.0 -99.0 -99.0   -99   -99   -99   -99   -99   -99   -99   -99   -99   -99   -99   -99 
1984 -99.0 -99.0 -99.0 -99.0 -99.0 -99.0 -99.0 -99.0 -99.0 -99.0 -99.0 -99.0   -99   -99   -99   -99   -99   -99   -99   -99   -99   -99   -99   -99 
1985  26.0  26.4  26.5  26.3  26.4  25.0  24.0  24.4  24.9  25.6  26.5  26.2   506   506   506   506   506   506   506   506   506   506   506   506 
1986  26.6  25.8  26.1  25.9  26.1  25.2  25.2  25.3 -99.0  26.3  26.3  26.6   506   506   506   506   506   506   506   506   -99   506   506   506 
1987  26.1  26.6  26.1  26.5  25.9  25.4  24.9  24.5  25.3  26.5  26.8  27.0   506   506   506   506   506   506   506   506   506   506   506   506 
1988  26.6  26.6  26.9  26.8  26.4  24.7  25.1  25.1  26.1  26.4  27.0  26.3   506   506   506   506   506   506   506   506   506   506   506   506 
1989  26.6  26.2  26.3  26.2  26.3  25.3  24.9  24.7  25.4  26.3  26.9  26.5   506   506   506   506   506   506   506   506   506   506   506   506 
1990  26.1  26.8  26.9  26.6  26.3  25.4  25.1  24.7  24.9  25.8  26.5  26.7   506   506   506   506   506   506   506   506   506   506   506   506 
1991  26.7  26.7  26.4  26.3  25.8  25.1  24.0  24.3  25.6  26.1  26.6  26.6   506   506   506   506   506   506   506   506   506   506   506   506 
1992  26.7  26.7  27.7  26.2  26.2  25.1  24.5  25.0  25.8  25.7  26.1  26.3   506   506   506   506   506   506   506   506   506   506   506   506 
1993  26.4  26.9  26.0  26.0  25.8  24.7  24.1  24.1  24.9  25.9  26.4 -99.0   506   506   506   506   506   506   506   506   506   506   506   -99 
1994  26.0  26.1  26.2  26.1  25.8  24.8  23.9  24.6  25.1  25.9  26.4  27.5   506   506   506   506   506   506   506   506   506   506   506   506 
1995  27.8  26.1 -99.0 -99.0 -99.0 -99.0 -99.0 -99.0  25.4  26.3  26.5 -99.0   506   506   -99   -99   -99   -99   -99   -99   506   506   506   -99 
1996 -99.0  26.1  26.8  26.2  26.3  25.1  24.7  24.9  25.7  25.9  26.4  26.5   -99   506   506   506   506   506   506   506   506   506   506   506 
1997  26.2  26.4  27.4  26.1  26.0  25.4  24.4  25.0  25.7 -99.0  26.8  26.7   506   506   506   506   506   506   506   506   506   -99   506   506 
1998  27.3  27.0  26.9  27.0  27.0  25.9  25.5  25.3  25.9  26.6  27.2  26.8   506   506   506   506   506   506   506   506   506   506   506   506 
1999  26.9  27.0  26.4  26.7  25.9  25.4  24.6  24.4  25.1  26.2  26.6  26.8   506   506   506   506   506   506   506   506   506   506   506   506 
2000 -99.0 -99.0 -99.0 -99.0 -99.0 -99.0 -99.0 -99.0 -99.0 -99.0 -99.0 -99.0   -99   -99   -99   -99   -99   -99   -99   -99   -99   -99   -99   -99 
2001  26.3  27.2  26.7  26.7  26.2  25.3  24.8  24.6  25.7  26.8  26.8  26.9   506   506   506   506   506   506   506   506   506   506   506   506 
2002  26.9  26.8  26.4  26.5  26.3  25.3  24.9  25.1  25.7  26.9  27.1  27.4   506   506   506   506   506   506   506   506   506   506   506   506 
2003  27.5  26.9  26.7  26.6  26.2  26.0  24.5  24.9  25.5  26.7  27.1  26.9   506   506   506   506   506   506   506   506   506   506   506   506 
2004  26.6  26.5  27.0  26.9  26.7  24.9  24.5  24.4  25.1  26.5  27.0  26.9   506   506   506   506   506   506   506   506   506   506   506   506 
2005  27.2  27.0  26.9  26.4  26.0  26.6  25.7  25.7  26.0  27.9  28.3  28.1   506   506   506   506   506   506   506   506   506   506   506   506 
2006  27.5  27.7  27.2  27.3  27.3  26.3  25.2  24.6  25.8  26.7  28.2  29.0   506   506   506   506   506   506   506   506   506   506   506   506 
2007  27.6  27.1  26.5  26.5  26.5  26.0  24.0  24.8  25.4  26.5  27.0  27.3   506   506   506   506   506   506   506   506   506   506   506   506 
2008  27.8  26.9  26.3  26.0  25.7  25.0  24.8  24.9  25.7  26.3  26.7  26.7   506   506   506   506   506   506   506   506   506   506   506   506 
2009  27.9  26.7  26.2  27.0  26.5  25.3  24.5  25.2  26.2  26.7  26.8  27.4   506   506   506   506   506   506   506   506   506   506   506   506 
2010  27.6  27.5  27.1  26.9  27.0  26.1  25.8  25.9  26.7  26.9  27.3  26.6   506   506   506   506   506   506   506   506   506   506   506   506 
2011  26.5  26.4  26.4  26.7  26.0  25.0  24.7  24.7  25.5  26.5  26.9  27.0   506   506   506   506   506   506   506   506   506   506   506   506 
2012  26.8  26.6  26.8  26.6  26.0  25.3  25.1  24.8  25.7  26.6  27.0  27.3   506   506   506   506   506   506   506   506   506   506   506   506 
2013  27.7 -99.0  28.2  27.3  27.2  26.4  25.6  25.4  26.3  26.5  26.8  27.0   506   -99   506   506   506   900   506   506   506   506   506   506 
2014  27.6  26.9  27.2  27.5  27.0  25.9  24.7  24.8  25.3  26.5  27.1  26.8   506   900   900   506   506   506   506   900   900   900   506   900 
2015  26.9  26.9 -99.0  26.6  26.6  25.4  25.1  24.8  25.7  26.3  26.8  27.4   900   900   -99   900   900   900   900   900   900   900   900   900 
2016 -99.0  26.9  27.2 -99.0  27.3  26.3  25.3  25.9  26.2  26.3  27.1 -99.0   -99   900   900   -99   900   900   900   900   900   900   900   -99 
2017 -99.0  26.7 -99.0 -99.0  26.7  25.6 -99.0 -99.0  25.8  26.9  26.9  27.0   -99   900   -99   -99   900   900   -99   -99   900   900   900   902 
2018  26.6  26.9  27.1 -99.0 -99.0  25.2  25.0  25.4  25.5  26.4  27.0  27.4   900   900   900   -99   -99   900   900   900   900   900   900   900 
2019 -99.0  27.1  26.9 -99.0 -99.0 -99.0 -99.0  24.7  25.2  26.3 -99.0 -99.0   -99   900   900   -99   -99   -99   -99   900   900   900   -99   -99 
2020  27.6  27.9  27.1  27.1  26.8  25.8  25.0  25.6  25.9  26.4  26.8  26.9   900   900   900   900   900   900   900   900   900   900   900   900 
