Number= 654690
Name= SALTPOND------------
Country= GHANA--------
Lat=    5.2
Long=    1.1
Height= 47
Start year= 1961
End year= 1990
First Good year= 1961
Source ID= 84
Source file= Jones
Jones data to= 1990
Normals source= Data
Normals source start year= 1961
Normals source end year= 1990
Normals=  26.7  27.6  27.6  27.6  27.0  25.8  24.9  24.3  24.9  26.0  26.9  26.7 
Standard deviations source= Data
Standard deviations source start year= 1961
Standard deviations source end year= 1990
Standard deviations=   0.5   0.6   0.6   0.6   0.6   0.5   0.6   0.6   0.6   0.5   0.5   0.5 
Obs:
1961  27.3  27.9  28.6  28.2  28.1  25.9  24.7  23.9  24.7  26.4  27.2  27.3   506   506   506   506   506   506   506   506   506   506   506   506 
1962  27.2  27.9  27.6  28.2  27.5  25.4  25.9  24.2  24.1  26.4  27.2  27.3   506   506   506   506   506   506   506   506   506   506   506   506 
1963  27.5  27.5  28.2  27.8  27.7  26.7  25.4  25.8  26.2  26.3  27.3  27.7   506   506   506   506   506   506   506   506   506   506   506   506 
1964  27.1  27.9  28.2  27.8  27.1  25.8  24.4  24.4  24.3  25.7  26.5  26.6   506   506   506   506   506   506   506   506   506   506   506   506 
1965  26.5  27.0  27.9  27.6  27.4  26.1  25.1  24.4  25.2  26.3  27.1  27.1   506   506   506   506   506   506   506   506   506   506   506   506 
1966  27.1  27.1  27.5  28.1  27.8  26.5  26.2  24.5  24.7  26.5  27.2  27.4   506   506   506   506   506   506   506   506   506   506   506   506 
1967  26.8  27.9  27.5  28.1  27.3  25.7  24.7  23.7  23.9  25.8  27.2  27.0   506   506   506   506   506   506   506   506   506   506   506   506 
1968  26.5  27.6  27.3  27.7  27.3  26.5  25.8  25.4  25.4  26.5  27.0  27.2   506   506   506   506   506   506   506   506   506   506   506   506 
1969  27.3  28.8  28.5  28.9  27.9  26.7  25.2  24.6  24.7  26.1  27.3  27.4   506   506   506   506   506   506   506   506   506   506   506   506 
1970  27.3  28.4  28.1  28.2  27.4  26.3  25.2  23.8  25.4  26.8  27.6  27.4   506   506   506   506   506   506   506   506   506   506   506   506 
1971  26.7  27.2  27.6  27.6  27.7  25.8  24.9  23.8  24.4  26.2  27.2  26.6   506   506   506   506   506   506   506   506   506   506   506   506 
1972  27.2  27.8  27.6  27.6  27.2  26.0  24.7  23.3  24.6  26.8  27.8  27.9   506   506   506   506   506   506   506   506   506   506   506   506 
1973  27.8  29.2  28.7  28.7  27.8  26.6  25.6  24.9  25.7  26.9  28.1  27.4   506   506   506   506   506   506   506   506   506   506   506   506 
1974  26.8  28.0  28.3  27.9  26.1  25.3  24.5  24.3  24.1  24.9  26.1  26.1   506   506   506   506   506   506   506   506   506   506   506   506 
1975  25.9  26.8  26.9  26.6  26.6  25.4  24.4  23.5  24.1  25.5  26.1  26.1   506   506   506   506   506   506   506   506   506   506   506   506 
1976  26.0  26.4  26.7  26.4  26.1  25.1  23.9  23.0  23.9  25.1  25.9  26.1   506   506   506   506   506   506   506   506   506   506   506   506 
1977  26.3  27.1  27.5  27.3  26.7  25.3  24.5  23.8  24.9  25.9  26.8  26.3   506   506   506   506   506   506   506   506   506   506   506   506 
1978  26.9  27.6  27.1  26.4  26.5  25.0  23.9  23.9  24.5  25.6  26.4  26.4   506   506   506   506   506   506   506   506   506   506   506   506 
1979  27.3  27.4  27.3  27.4  26.5  25.5  24.8  25.0  25.5  25.9  26.5  26.7   506   506   506   506   506   506   506   506   506   506   506   506 
1980  27.0  27.4  27.3  27.5  26.4  25.8  24.4  24.4  25.3  25.5  26.0  25.8   506   506   506   506   506   506   506   506   506   506   506   506 
1981  26.6  27.7  27.4  27.6  26.5  26.1  24.5  24.4  25.1  26.0  26.7  27.0   506   506   506   506   506   506   506   506   506   506   506   506 
1982  26.4  27.3  27.6  27.4  26.1  24.5  23.9  23.7  24.4  25.3  26.6  26.5   506   506   506   506   506   506   506   506   506   506   506   506 
1983  26.6  27.8  27.8  28.3  27.3  25.6  24.3  24.3  24.9  26.3  26.9  26.5   506   506   506   506   506   506   506   506   506   506   506   506 
1984  26.9  27.9  28.2  27.6  27.0  25.9  25.2  25.2  25.1  26.0  27.0  26.3   506   506   506   506   506   506   506   506   506   506   506   506 
1985  26.0  28.6  27.0  27.4  26.6  26.2  24.3  24.7  24.7  25.9  26.8  26.3   506   506   506   506   506   506   506   506   506   506   506   506 
1986  26.4  27.7  27.4  27.4  27.0  25.9  25.5  25.2  24.9  26.0  26.7  26.4   506   506   506   506   506   506   506   506   506   506   506   506 
1987  26.6  27.2  27.2  27.6  27.3  25.7  25.6  25.2  25.7  25.7  26.5  26.1   506   506   506   506   506   506   506   506   506   506   506   506 
1988  26.4  27.6  27.3  27.6  27.1  25.4  24.9  24.5  25.1  25.9  26.6  26.5   506   506   506   506   506   506   506   506   506   506   506   506 
1989  25.9  27.1  26.7  27.1  26.5  25.7  25.3  23.9  24.9  25.6  26.9  26.5   506   506   506   506   506   506   506   506   506   506   506   506 
1990  25.9  26.2  26.2  27.1  26.9  25.7  24.5  24.0  25.2  26.1  27.1  26.4   506   506   506   506   506   506   506   506   506   506   506   506 
