Number= 655280
Name= ODIENNE
Country= COTE D'IVOIRE
Lat=    9.5
Long=    7.6
Height= 433
Start year= 1951
End year= 2019
First Good year= 1951
Source ID= 10
Source file= Jones
Jones data to= 2012
Normals source= Data
Normals source start year= 1961
Normals source end year= 1990
Normals=  24.2  27.0  28.2  28.0  27.1  25.6  24.7  24.4  24.5  25.0  24.9  23.2 
Standard deviations source= Data
Standard deviations source start year= 1951
Standard deviations source end year= 1990
Standard deviations=   1.2   0.8   1.0   0.8   0.7   0.6   0.5   0.5   0.6   0.6   0.8   1.1 
Obs:
1951  25.6  27.5  29.1  29.1  27.8  26.8  25.6  25.5  26.1  25.9  25.8  24.6   506   506   506   506   506   506   506   506   506   506   506   506 
1952  25.2  27.8  29.1  29.3  27.6  26.4  25.2  25.5  25.3  25.8  26.6  24.6   506   506   506   506   506   506   506   506   506   506   506   506 
1953  26.8  28.0  28.8  29.4  28.2  26.1  25.4  25.0  25.4  25.8  26.6  24.9   506   506   506   506   506   506   506   506   506   506   506   506 
1954  25.6  27.8  29.0  27.6  27.4  25.7  24.8  24.2  25.5  25.5  26.2  25.8   506   506   506   506   506   506   506   506   506   506   506   506 
1955  26.3  28.4  29.0  28.3  28.1  26.9  25.3  25.2  25.6  26.4  27.0  24.9   506   506   506   506   506   506   506   506   506   506   506   506 
1956  25.1  28.3  29.1  29.3  28.0  26.6  25.3  25.8 -99.0  26.6  26.8  25.6   506   506   506   506   506   506   506   506   -99   506   506   506 
1957  25.0  27.6  29.3  29.0  28.0  27.3  26.1  25.5  25.6  26.2  26.6  25.8   506   506   506   506   506   506   506   506   506   506   506   506 
1958  27.0  27.7  29.5  29.1  28.1  26.1  24.6  24.4  25.2  25.6  25.6  23.8   506   506   506   506   506   506   506   506   506   506   506   506 
1959  24.4  27.6  29.0  28.6  26.3  25.9  24.5 -99.0  24.7  25.6  25.5  22.8   506   506   506   506   506   506   506   -99   506   506   506   506 
1960  25.3  27.5  28.1  26.8  26.9  25.5  24.7  25.1  25.1  25.7  25.3 -99.0   506   506   506   506   506   506   506   506   506   506   506   -99 
1961  24.9  26.5  28.8  28.4  28.1  26.2  24.8  24.6  25.0  25.5  25.9  24.3   506   506   506   506   506   506   506   506   506   506   506   506 
1962  25.2  28.2  29.0  28.3  27.1  25.0  25.2  24.6  24.7  25.5  25.7  24.2   506   506   506   506   506   506   506   506   506   506   506   506 
1963  25.5  28.5  27.9  28.3  26.9  26.0  25.7  24.7  25.6  25.4  24.9  22.9   506   506   506   506   506   506   506   506   506   506   506   506 
1964  25.1  25.1  29.8  28.4  27.1  25.6  24.6  24.4  23.8  25.4  25.2  24.6   506   506   506   506   506   506   506   506   506   506   506   506 
1965  24.3  27.8  29.1  28.4  26.9  25.8  24.9  24.8  24.1  24.7  24.8  21.8   506   506   506   506   506   506   506   506   506   506   506   506 
1966  22.9  25.2  27.6  28.1  27.7  25.8  25.8  25.2  24.9  25.2  25.0  23.0   506   506   506   506   506   506   506   506   506   506   506   506 
1967  22.0  26.3  27.6  28.1  27.0  26.0  24.9  24.2  24.5  25.0  24.8  22.3   506   506   506   506   506   506   506   506   506   506   506   506 
1968  22.5  26.8  27.2  27.2  26.9  25.5  24.2  24.3  25.1  25.6  26.2  25.0   506   506   506   506   506   506   506   506   506   506   506   506 
1969  24.8  27.8  29.0  28.5  28.6  26.5  24.8  25.1  25.3  25.3  25.0  24.2   506   506   506   506   506   506   506   506   506   506   506   506 
1970  25.0  27.8  29.0  28.2  25.8  26.1  24.9  24.7  25.2  25.9  25.2  23.6   506   506   506   506   506   506   506   506   506   506   506   506 
1971  23.0  26.3  28.2  27.3  26.5  24.9  24.0  23.5  23.7  24.3  25.3  22.8   506   506   506   506   506   506   506   506   506   506   506   506 
1972  23.0  26.7  27.7  26.6  26.0  24.6 -99.0  24.2  24.5  25.0  25.1  23.3   506   506   506   506   506   506   -99   506   506   506   506   506 
1973  24.2  28.0  28.1  28.0  27.6  26.0  25.1  24.2  24.4  24.8  24.4  22.3   506   506   506   506   506   506   506   506   506   506   506   506 
1974  22.7  26.2  27.6  27.3  26.8  25.6  23.9  23.8  23.6  24.6  24.4  22.8   506   506   506   506   506   506   506   506   506   506   506   506 
1975  23.5  26.9  27.9  28.6  26.6  25.6  24.8 -99.0 -99.0  24.5  23.7  23.2   506   506   506   506   506   506   506   -99   -99   506   506   506 
1976  23.5  26.9  27.2  27.1  25.9  24.9  24.2  23.9  24.1  24.0  23.4  22.3   506   506   506   506   506   506   506   506   506   506   506   506 
1977  25.0  26.2  28.0  28.4  27.1  25.3  24.7  24.1  24.3  24.9  24.4  22.9   506   506   506   506   506   506   506   506   506   506   506   506 
1978  25.2  27.7  27.5  26.8  26.2  24.9  24.0  24.2  24.2  24.7  24.4  23.5   506   506   506   506   506   506   506   506   506   506   506   506 
1979  25.5  26.1  28.4  28.1  26.8 -99.0  24.3  24.6  24.2  24.8  25.1  22.5   506   506   506   506   506   -99   506   506   506   506   506   506 
1980  25.9  27.0 -99.0 -99.0 -99.0 -99.0  24.7  24.3  24.4  25.0  24.9  22.9   506   506   -99   -99   -99   -99   506   506   506   506   506   506 
1981  23.5  27.9  28.5  28.4 -99.0 -99.0 -99.0  24.4 -99.0 -99.0 -99.0 -99.0   506   506   506   506   -99   -99   -99   506   -99   -99   -99   -99 
1982 -99.0  27.2  24.4  27.4  27.1  25.4  24.5  24.2 -99.0  24.7  24.3  22.4   -99   506   506   506   506   506   506   506   -99   506   506   506 
1983 -99.0  27.5  28.9  29.3  27.7  25.8  25.0  24.7  24.9  25.3  25.2  23.2   -99   506   506   506   506   506   506   506   506   506   506   506 
1984  24.3 -99.0 -99.0 -99.0  27.1 -99.0  24.1  24.6 -99.0 -99.0  25.2 -99.0   506   -99   -99   -99   506   -99   506   506   -99   -99   506   -99 
1985  25.5 -99.0  29.6 -99.0 -99.0 -99.0 -99.0 -99.0  24.1 -99.0 -99.0 -99.0   506   -99   506   -99   -99   -99   -99   -99   506   -99   -99   -99 
1986 -99.0 -99.0  27.6  28.8  27.2  25.9  24.4  23.9  24.3  24.9  24.1  22.1   -99   -99   506   506   506   506   506   506   506   506   506   506 
1987  25.0 -99.0 -99.0 -99.0 -99.0 -99.0 -99.0 -99.0 -99.0 -99.0 -99.0 -99.0   506   -99   -99   -99   -99   -99   -99   -99   -99   -99   -99   -99 
1988  23.5  27.6  29.3  28.7  28.9 -99.0  24.5 -99.0 -99.0 -99.0  25.2 -99.0   506   506   506   506   506   -99   506   -99   -99   -99   506   -99 
1989 -99.0  26.2 -99.0 -99.0 -99.0 -99.0  24.5 -99.0  23.9 -99.0 -99.0  23.9   -99   506   -99   -99   -99   -99   506   -99   506   -99   -99   506 
1990  24.4  27.1  29.2  28.3  27.1  25.5  24.4  25.1  24.4  24.2  25.3  25.2   506   506   506   506   506   506   506   506   506   506   506   506 
1991  25.5  27.9  28.8  28.2  27.7  26.8  24.7  24.4  24.8  24.2  24.7  23.5   506   506   506   506   506   506   506   506   506   506   506   506 
1992  23.7  28.1  28.5  28.3  26.6  25.2  24.4  24.4  24.2  25.0  24.1  24.0   506   506   506   506   506   506   506   506   506   506   506   506 
1993  23.9  26.9  27.4  28.3  27.6  26.2  25.1  24.6  24.1  25.4  25.4  23.3   506   506   506   506   506   506   506   506   506   506   506   506 
1994  24.3  26.8  28.9  28.4  27.5  26.0  24.5  24.5  24.6  24.3  24.3  22.7   506   506   506   506   506   506   506   506   506   506   506   506 
1995  23.4  26.7  28.6  28.2  27.9  26.7  24.9  24.8  24.9  25.2  24.4  23.9   506   506   506   506   506   506   506   506   506   506   506   506 
1996  25.6  27.9  29.4  28.3  27.8  26.1  25.0  24.8  24.6  25.1  24.8  23.6   506   506   506   506   506   506   506   506   506   506   506   506 
1997  25.8  26.2  28.3  28.0  27.3  25.8  25.4  25.0  24.9  25.5  25.5  23.6   506   506   506   506   506   506   506   506   506   506   506   506 
1998  24.5  28.4  30.0  29.7  28.0  26.5  25.2  24.6  24.9  25.5  25.3  24.0   506   506   506   506   506   506   506   506   506   506   506   506 
1999  25.1  26.6  29.0  28.1  27.5  26.1  24.6  25.0  24.8  24.9  25.7  23.5   506   506   506   506   506   506   506   506   506   506   506   506 
2000  26.0  25.5  28.3  28.6  27.2  25.6  24.7  24.7  24.6  25.5  25.2  25.2   506   506   506   506   506   506   506   506   506   506   506   506 
2001 -99.0  26.1 -99.0  29.0 -99.0 -99.0 -99.0 -99.0 -99.0 -99.0  25.8 -99.0   -99   506   -99   506   -99   -99   -99   -99   -99   -99   506   -99 
2002  24.4 -99.0 -99.0  29.0 -99.0 -99.0  25.4 -99.0 -99.0 -99.0 -99.0 -99.0   506   -99   -99   506   -99   -99   506   -99   -99   -99   -99   -99 
2003 -99.0 -99.0 -99.0 -99.0 -99.0 -99.0 -99.0 -99.0 -99.0 -99.0 -99.0 -99.0   -99   -99   -99   -99   -99   -99   -99   -99   -99   -99   -99   -99 
2004 -99.0 -99.0 -99.0 -99.0 -99.0 -99.0 -99.0 -99.0 -99.0 -99.0 -99.0 -99.0   -99   -99   -99   -99   -99   -99   -99   -99   -99   -99   -99   -99 
2005 -99.0 -99.0 -99.0 -99.0 -99.0 -99.0 -99.0 -99.0 -99.0 -99.0 -99.0 -99.0   -99   -99   -99   -99   -99   -99   -99   -99   -99   -99   -99   -99 
2006 -99.0 -99.0 -99.0 -99.0 -99.0 -99.0 -99.0 -99.0 -99.0 -99.0 -99.0 -99.0   -99   -99   -99   -99   -99   -99   -99   -99   -99   -99   -99   -99 
2007 -99.0 -99.0 -99.0 -99.0 -99.0 -99.0 -99.0 -99.0 -99.0 -99.0 -99.0 -99.0   -99   -99   -99   -99   -99   -99   -99   -99   -99   -99   -99   -99 
2008 -99.0 -99.0 -99.0 -99.0 -99.0 -99.0 -99.0 -99.0 -99.0 -99.0 -99.0 -99.0   -99   -99   -99   -99   -99   -99   -99   -99   -99   -99   -99   -99 
2009 -99.0 -99.0 -99.0 -99.0 -99.0 -99.0 -99.0 -99.0 -99.0 -99.0 -99.0 -99.0   -99   -99   -99   -99   -99   -99   -99   -99   -99   -99   -99   -99 
2010 -99.0 -99.0 -99.0 -99.0 -99.0 -99.0 -99.0 -99.0 -99.0 -99.0 -99.0 -99.0   -99   -99   -99   -99   -99   -99   -99   -99   -99   -99   -99   -99 
2011 -99.0 -99.0 -99.0 -99.0 -99.0 -99.0 -99.0 -99.0 -99.0 -99.0 -99.0 -99.0   -99   -99   -99   -99   -99   -99   -99   -99   -99   -99   -99   -99 
2012 -99.0 -99.0 -99.0 -99.0 -99.0 -99.0 -99.0 -99.0 -99.0 -99.0 -99.0 -99.0   -99   -99   -99   -99   -99   -99   -99   -99   -99   -99   -99   -99 
2013 -99.0 -99.0 -99.0 -99.0 -99.0 -99.0 -99.0 -99.0 -99.0 -99.0 -99.0 -99.0   -99   -99   -99   -99   -99   -99   -99   -99   -99   -99   -99   -99 
2014 -99.0 -99.0 -99.0 -99.0 -99.0 -99.0 -99.0 -99.0 -99.0 -99.0 -99.0 -99.0   -99   -99   -99   -99   -99   -99   -99   -99   -99   -99   -99   -99 
2015 -99.0 -99.0 -99.0 -99.0 -99.0 -99.0 -99.0 -99.0 -99.0 -99.0 -99.0  22.2   -99   -99   -99   -99   -99   -99   -99   -99   -99   -99   -99   900 
2016  23.7  29.0  30.1  29.2 -99.0  26.2  25.1  25.0  24.9  25.7  25.4  24.6   900   900   900   900   -99   900   900   900   900   900   900   900 
2017  23.9  28.1  29.7  29.6  27.3 -99.0  25.2  24.9  25.4  26.3  25.4 -99.0   900   900   900   900   900   -99   900   900   900   900   900   -99 
2018 -99.0 -99.0 -99.0 -99.0 -99.0 -99.0 -99.0 -99.0 -99.0 -99.0 -99.0 -99.0   -99   -99   -99   -99   -99   -99   -99   -99   -99   -99   -99   -99 
2019 -99.0 -99.0  28.6 -99.0 -99.0 -99.0 -99.0 -99.0 -99.0 -99.0 -99.0 -99.0   -99   -99   900   -99   -99   -99   -99   -99   -99   -99   -99   -99 
