Number= 331660
Name= RYL'SK--------------
Country= RUSSIA
Lat=   51.6
Long=  -34.7
Height= 204
Start year= 1959
End year= 2016
First Good year= 1959
Source ID= 43
Source file= Jones
Jones data to= 2016
Normals source= Data
Normals source start year= 1961
Normals source end year= 1990
Normals=  -8.0  -7.0  -1.7   7.3  14.5  17.5  18.7  17.8  12.7   6.3   0.2  -4.5 
Standard deviations source= Data
Standard deviations source start year= 1959
Standard deviations source end year= 1990
Standard deviations=   4.0   3.5   3.0   2.2   2.1   1.8   1.5   1.3   1.5   1.8   2.0   2.9 
Obs:
1959  -5.7  -7.1  -5.8   5.7  13.9  20.1  21.9  18.5   9.9   3.4  -3.4  -8.4   506   506   506   506   506   506   506   506   506   506   506   506 
1960  -6.0  -7.4  -5.5   6.0  14.2  19.7  21.4  17.4  10.7   6.7   0.4   1.4   506   506   506   506   506   506   506   506   506   506   506   506 
1961  -5.6  -3.5   1.6   7.1  12.4  19.6  19.9  18.0  12.4   6.0   0.4  -5.7   506   506   506   506   506   506   506   506   506   506   506   506 
1962  -3.5  -7.2  -2.4   9.2  14.6  16.8  17.7  17.3  12.1   7.7   2.1  -5.3   506   506   506   506   506   506   506   506   506   506   506   506 
1963 -16.9  -7.3  -6.8   4.6  17.7  16.0  21.4  19.9  15.4   7.5   1.6  -9.4   506   506   506   506   506   506   506   506   506   506   506   506 
1964  -8.6 -10.9  -6.5   6.5  12.4  20.5  20.0  16.3  13.0   7.6  -0.1  -0.8   506   506   506   506   506   506   506   506   506   506   506   506 
1965  -7.8  -8.8  -2.3   3.6  12.0  16.9  18.0  17.1  13.4   4.6  -3.5  -0.6   506   506   506   506   506   506   506   506   506   506   506   506 
1966  -3.9  -4.7   1.9  10.6  16.6  16.5  20.3  19.6  11.8   9.6   1.3  -5.6   506   506   506   506   506   506   506   506   506   506   506   506 
1967 -12.3 -10.5  -0.4   8.1  17.8  17.5  19.3  18.8  14.0  10.1   2.4  -7.5   506   506   506   506   506   506   506   506   506   506   506   506 
1968 -12.5  -7.6  -2.5   8.8  14.2  19.2  17.2  18.8  12.8   4.8  -0.9  -3.4   506   506   506   506   506   506   506   506   506   506   506   506 
1969 -11.5 -10.0  -5.7   6.6  13.0  16.2  18.3  17.8  11.7   5.4   3.8  -9.1   506   506   506   506   506   506   506   506   506   506   506   506 
1970  -8.0  -7.0  -1.8   7.8  14.4  16.6  20.6  16.9  12.2   5.7   0.8  -4.0   506   506   506   506   506   506   506   506   506   506   506   506 
1971  -3.9  -7.6  -3.6   5.1  14.9  17.4  17.9  18.5  12.4   5.6   1.1  -2.5   506   506   506   506   506   506   506   506   506   506   506   506 
1972 -13.7  -8.0  -1.7   8.8  15.3  20.5  21.6  21.5  12.8   5.7   1.2  -1.4   506   506   506   506   506   506   506   506   506   506   506   506 
1973  -9.7  -1.4  -1.0   8.9  13.8  17.0  18.4  16.4   9.2   5.1  -0.9  -4.0   506   506   506   506   506   506   506   506   506   506   506   506 
1974  -9.2  -1.9   0.2   4.5  10.9  16.2  17.7  17.2  14.4   9.6   2.0  -1.8   506   506   506   506   506   506   506   506   506   506   506   506 
1975  -2.3  -5.3   1.2  11.8  18.4  20.7  19.3  18.4  16.0   5.3  -2.7  -3.9   506   506   506   506   506   506   506   506   506   506   506   506 
1976  -9.8 -13.1  -3.4   8.7  11.6  15.6  17.0  16.2  11.9   1.6   0.0  -2.8   506   506   506   506   506   506   506   506   506   506   506   506 
1977 -10.6  -4.0   0.1   8.4  15.0  17.0  18.0  16.4  10.9   4.7   2.8  -8.2   506   506   506   506   506   506   506   506   506   506   506   506 
1978  -8.9  -7.5  -0.3   6.6  11.9  15.2  17.1  17.0  11.1   5.5   3.3 -10.1   506   506   506   506   506   506   506   506   506   506   506   506 
1979  -9.2  -8.9  -0.6   5.1  18.0  19.7  16.6  18.3  13.7   4.2  -0.6  -3.0   506   506   506   506   506   506   506   506   506   506   506   506 
1980 -11.1  -8.4  -6.7   6.0  10.3  17.3  18.4  16.2  12.5   6.5  -1.1  -2.7   506   506   506   506   506   506   506   506   506   506   506   506 
1981  -5.4  -4.6  -1.5   3.7  15.2  20.7  21.2  17.8  13.0   8.1  -0.1  -1.8   506   506   506   506   506   506   506   506   506   506   506   506 
1982  -3.5  -8.0  -0.5   6.0  13.1  15.1  17.9  18.4  13.8   6.0   1.9   0.2   506   506   506   506   506   506   506   506   506   506   506   506 
1983  -3.0  -4.7  -0.9  10.6  16.6  16.9  18.7  17.5  13.8   6.8  -0.7  -3.3   506   506   506   506   506   506   506   506   506   506   506   506 
1984  -4.2  -9.8  -1.2   8.4  17.2  15.2  17.4  16.8  13.9   7.6  -1.8  -8.3   506   506   506   506   506   506   506   506   506   506   506   506 
1985 -10.3 -14.8  -5.7   7.0  16.0  16.0  17.2  19.7  11.5   6.3  -3.1  -4.5   506   506   506   506   506   506   506   506   506   506   506   506 
1986  -4.7 -12.1  -1.1   9.8  15.0  19.0  18.5  18.8  11.3   5.4  -0.8  -5.4   506   506   506   506   506   506   506   506   506   506   506   506 
1987 -16.8  -6.6  -7.6   2.7  14.1  17.6  18.4  15.8  11.2   4.6  -0.8  -5.8   506   506   506   506   506   506   506   506   506   506   506   506 
1988  -8.1  -5.9  -0.2   7.0  14.4  18.4  21.0  17.4  12.8   5.7  -3.6  -6.3   506   506   506   506   506   506   506   506   506   506   506   506 
1989  -1.9   0.2   3.8   9.1  14.1  19.7  18.1  18.7  14.0   7.4  -1.4  -3.0   506   506   506   506   506   506   506   506   506   506   506   506 
1990  -3.0   0.5   4.3   9.1  13.1  15.3  17.9  17.2  10.8   6.9   3.0  -3.9   506   506   506   506   506   506   506   506   506   506   506   506 
1991  -3.9  -7.7  -2.0   8.2  10.5  19.3  20.1  18.2  13.5   8.2   0.4  -4.2   506   506   506   506   506   506   506   506   506   506   506   506 
1992  -3.5  -4.4   2.3   5.7  13.3  18.3  19.2  21.3  12.4   4.3  -0.1  -5.3   506   506   506   506   506   506   506   506   506   506   506   506 
1993  -3.7  -3.8  -0.9   6.6  15.3  15.4  17.5  16.6   9.4   5.8  -8.6  -2.7   506   506   506   506   506   506   506   506   506   506   506   506 
1994  -1.6  -9.4  -2.3   9.4  11.9  15.2  19.2  17.9  17.3   6.6  -0.8  -7.7   506   506   506   506   506   506   506   506   506   506   506   506 
1995  -5.9  -0.4   2.2   8.6  14.5  20.0  19.4  18.4  13.5   7.4  -1.3  -7.3   506   506   506   506   506   506   506   506   506   506   506   506 
1996 -10.5  -9.4  -4.8   7.4  17.8  17.4  19.5  18.4  10.7   6.6   4.5  -6.8   506   506   506   506   506   506   506   506   506   506   506   506 
1997  -7.1  -4.2  -0.3   4.8  14.4  18.2  18.4  18.1  10.1   5.0   1.7  -6.8   506   506   506   506   506   506   506   506   506   506   506   506 
1998  -4.1  -3.7  -0.3   7.4  14.3  20.1  20.0  16.8  13.0   6.8  -5.8  -7.2   506   506   506   506   506   506   506   506   506   506   506   506 
1999  -3.5  -3.5   1.1  10.9  11.3  21.7  22.8  17.9  13.5   7.7  -2.6  -1.6   506   506   506   506   506   506   506   506   506   506   506   506 
2000  -6.4  -2.0   0.1  12.6  12.9  16.7  19.2  19.1  11.4   8.1   1.2  -0.4   506   506   506   506   506   506   506   506   506   506   506   506 
2001  -2.1  -4.3   0.3  10.3  12.5  16.2  23.9  20.1  12.7   6.7   1.0  -9.3   506   506   506   506   506   506   506   506   506   506   506   506 
2002  -5.1   1.3   4.1   9.1  14.7  18.5  23.3  19.8  13.4   5.6   1.2 -10.6   506   506   506   506   506   506   506   506   506   506   506   506 
2003  -6.1  -9.4  -2.8   5.1  18.0  16.3  20.3  17.8  12.3   6.0   1.7  -2.7   506   506   506   506   506   506   506   506   506   506   506   506 
2004  -4.4  -4.8   2.1   7.3  11.9  16.1  18.9  19.8  13.5   7.6   0.1  -1.7   506   506   506   506   506   506   506   506   506   506   506   506 
2005  -1.7  -7.5  -4.4   9.4  16.9  16.3  19.6  19.6  14.9   7.6   1.7  -2.6   506   506   506   506   506   506   506   506   506   506   506   506 
2006  -9.5 -10.3  -2.3   7.7  13.7  18.7  19.0  19.4  13.9   8.5   1.2   0.9   506   506   506   506   506   506   506   506   506   506   506   506 
2007  -0.3  -7.1   4.5   6.7  16.8  19.3  19.8  21.4  13.4   8.2  -1.0  -1.9   506   506   506   506   506   506   506   506   506   506   506   506 
2008  -5.7  -1.9   3.3  10.5  13.1  17.3  19.8  20.4  12.8   9.4   2.4  -2.8   506   506   506   506   506   506   506   506   506   506   506   506 
2009  -5.2  -3.5   0.4   8.6  14.1  19.6  20.0  17.2  15.6   7.7   3.5  -5.0   506   506   506   506   506   506   506   506   506   506   506   506 
2010 -12.5  -4.9  -1.1   9.4  17.3  21.3  25.2  24.5  14.1   4.9   6.3  -4.1   506   506   506   506   506   506   506   506   506   506   506   506 
2011  -6.5 -10.0  -1.9   8.2  16.6  20.1  22.3  18.7  13.9   6.5   0.2   0.4   506   506   506   506   506   506   506   506   506   506   506   506 
2012  -5.5 -11.5  -1.0  11.3  17.9  18.6  22.2  19.5  15.1   8.8   2.7  -6.6   506   506   506   506   506   506   506   506   506   506   506   506 
2013  -5.8  -2.4  -3.6   8.7  18.9  20.5  19.4  19.5  11.1   7.7   4.8  -2.3   506   506   506   506   506   506   506   506   506   506   506   506 
2014  -8.1  -2.3   4.2   8.6  17.4  16.8  21.2  20.8  13.8   5.4   0.0  -3.3   506   506   506   506   506   506   506   506   506   506   506   506 
2015  -3.2  -2.7   2.6   8.0  15.3  19.1  20.1  20.3  16.4   4.9   2.6   0.2   506   506   506   506   506   506   506   506   506   506   506   506 
2016  -8.8   0.1   1.9  10.2  14.7  18.8  21.3  20.0  12.9 -99.0 -99.0 -99.0   506   506   506   506   506   506   506   506   506   -99   -99   -99 
