Number= 337770
Name= VOZNESENS'K
Country= UKRAINE
Lat=   47.6
Long=  -31.3
Height= 34
Start year= 2004
End year= 2020
First Good year= 2004
Source ID= 94
Source file= Jones
Jones data to= 2016
Normals source start year= 2004
Normals source end year= 1990
Normals= -99.0 -99.0 -99.0 -99.0 -99.0 -99.0 -99.0 -99.0 -99.0 -99.0 -99.0 -99.0 
Standard deviations source= Data
Standard deviations source start year= 2004
Standard deviations source end year= 1990
Obs:
2004 -99.0 -99.0   5.7  10.7  14.8  18.9  21.8  21.2  16.4  11.1   5.3   2.5   -99   -99   506   506   506   506   506   506   506   506   506   506 
2005   1.4  -2.5   1.1  11.7  17.9  19.1  23.0  22.7  18.2  10.9   4.2   1.7   506   506   506   506   506   506   506   506   506   506   506   506 
2006  -6.9  -4.4   0.3  11.3  15.7  20.7  22.5  23.3  17.3  11.5   4.9   3.0   506   506   506   506   506   506   506   506   506   506   506   506 
2007   3.5  -0.8   6.8  10.1  20.2  23.6  25.8  24.6  17.1  11.7   3.1   0.9   506   506   506   506   506   506   506   506   506   506   506   506 
2008  -2.3   1.4   6.8  11.3  15.8  20.9  22.9  24.1  15.8  12.0   5.3   1.1   506   506   506   506   506   506   506   506   506   506   506   506 
2009  -2.5   1.7   4.0  11.2  16.7  22.6  24.1  21.6  17.7  12.0   6.4  -0.4   506   506   506   506   506   506   506   506   506   506   506   506 
2010  -5.3  -1.2   3.4  10.8  18.0  21.1  25.1  26.2  17.0   7.9  10.7  -0.5   506   506   506   506   506   506   506   506   506   506   506   506 
2011  -2.6  -3.9   2.8  10.7  17.4  21.7  23.9  21.5  17.8   8.9   2.4   2.9   506   506   506   506   506   506   506   506   506   506   506   506 
2012  -2.8  -8.2   3.7  13.3  20.7  23.8  26.4  23.5  19.0  13.4   6.5  -2.2   506   506   506   506   506   506   506   506   506   506   506   506 
2013  -1.3   2.4   2.9  12.6  20.9  22.4  22.3  22.6  14.4  10.1   7.9  -0.2   506   506   506   506   506   506   506   506   506   506   506   506 
2014  -1.9  -0.6   8.1  11.9  17.7  20.0  24.3  23.9  18.0   8.8   3.7   0.1   506   506   506   506   506   506   506   506   506   506   506   506 
2015  -0.1   0.7   5.7  10.1  17.2  21.1  24.0  24.2  21.0   9.1   6.6   2.3   506   506   506   506   506   506   506   506   506   506   506   506 
2016  -4.5   3.8   6.1  13.1  16.1  21.9  23.7  22.9  17.3   7.8   3.2  -1.0   506   506   506   506   506   506   506   900   900   900   900   900 
2017  -4.3  -0.7   7.2  10.0  16.8  22.0  23.0  24.6  18.9  10.5   4.9   4.9   900   900   900   900   900   900   900   900   900   900   900   900 
2018  -1.0  -1.0   0.3  14.4  19.3  22.7  23.6  25.3  17.9  12.4   2.0  -0.4   900   900   900   900   900   900   900   900   900   900   900   900 
2019  -2.7   2.0   5.9  10.9  18.5  24.6  22.5  23.1  18.0  12.0   7.1   4.1   900   900   900   900   900   900   900   900   900   900   900   900 
2020   1.4   3.7   8.2  10.6  14.8  22.7  24.7  24.0  20.3  15.0   5.0   1.8   900   900   900   900   900   900   900   900   900   900   900   900 
