Number= 541860
Name= KUNHUA
Country= CHINA
Lat=   43.4
Long= -128.2
Height= 525
Start year= 1931
End year= 2016
First Good year= 1931
Source ID= 68
Source file= Jones
Jones data to= 2016
Normals source= Data
Normals source start year= 1961
Normals source end year= 1990
Normals= -16.0 -13.0  -4.3   5.6  12.7  17.3  20.7  20.0  13.2   5.5  -4.1 -12.6 
Standard deviations source= Data
Standard deviations source start year= 1941
Standard deviations source end year= 1990
Standard deviations=   2.0   2.2   2.2   1.4   1.0   1.1   1.0   1.0   1.0   1.2   2.1   2.3 
Obs:
1931 -18.6 -17.1  -5.0   1.4   9.3  14.1  17.1  19.5  13.9 -99.0 -99.0  -8.8   506   506   506   506   506   506   506   506   506   -99   -99   506 
1932 -13.6 -14.8  -8.0   3.3  10.6  16.3  19.4  18.3  13.7   4.5  -6.1 -13.2   506   506   506   506   506   506   506   506   506   506   506   506 
1933 -21.8 -19.2  -9.5   3.1  10.7 -99.0  18.1  16.4  12.5   3.9  -6.9 -13.4   506   506   506   506   506   -99   506   506   506   506   506   506 
1934 -19.3 -12.8  -9.7   1.5  12.3  16.5  17.2  18.4  11.7   3.4  -5.5 -11.7   506   506   506   506   506   506   506   506   506   506   506   506 
1935 -16.7 -10.7  -5.3   3.7   9.5  14.2  18.8  18.2  12.2   7.0  -7.7 -18.9   506   506   506   506   506   506   506   506   506   506   506   506 
1936 -22.5 -18.5  -8.3   2.7   9.7  15.4  19.1  17.5  13.2   3.7  -5.4 -15.5   506   506   506   506   506   506   506   506   506   506   506   506 
1937 -18.5 -16.3  -9.3   0.9  10.1  15.6  21.2  19.6  12.3   4.3  -5.8 -19.6   506   506   506   506   506   506   506   506   506   506   506   506 
1938 -21.0 -14.3  -2.5   4.4  10.9  15.3  21.0  20.1  11.0   5.3  -6.3 -18.4   506   506   506   506   506   506   506   506   506   506   506   506 
1939 -20.6 -15.4  -5.9   3.6   9.0  14.6  22.3  20.3  12.2   4.4  -5.6 -12.2   506   506   506   506   506   506   506   506   506   506   506   506 
1940 -20.8 -14.9  -5.4   2.1  10.0  15.6  20.5  18.3  12.8   6.4  -2.4 -12.2   506   506   506   506   506   506   506   506   506   506   506   506 
1941 -99.0 -99.0 -99.0 -99.0 -99.0 -99.0 -99.0 -99.0 -99.0 -99.0 -99.0 -99.0   -99   -99   -99   -99   -99   -99   -99   -99   -99   -99   -99   -99 
1942 -99.0 -99.0 -99.0 -99.0 -99.0 -99.0 -99.0 -99.0 -99.0 -99.0 -99.0 -99.0   -99   -99   -99   -99   -99   -99   -99   -99   -99   -99   -99   -99 
1943 -99.0 -99.0 -99.0 -99.0 -99.0 -99.0 -99.0 -99.0 -99.0 -99.0 -99.0 -99.0   -99   -99   -99   -99   -99   -99   -99   -99   -99   -99   -99   -99 
1944 -99.0 -99.0 -99.0 -99.0 -99.0 -99.0 -99.0 -99.0 -99.0 -99.0 -99.0 -99.0   -99   -99   -99   -99   -99   -99   -99   -99   -99   -99   -99   -99 
1945 -99.0 -99.0 -99.0 -99.0 -99.0 -99.0 -99.0 -99.0 -99.0 -99.0 -99.0 -99.0   -99   -99   -99   -99   -99   -99   -99   -99   -99   -99   -99   -99 
1946 -99.0 -99.0 -99.0 -99.0 -99.0 -99.0 -99.0 -99.0 -99.0 -99.0 -99.0 -99.0   -99   -99   -99   -99   -99   -99   -99   -99   -99   -99   -99   -99 
1947 -99.0 -99.0 -99.0 -99.0 -99.0 -99.0 -99.0 -99.0 -99.0 -99.0 -99.0 -99.0   -99   -99   -99   -99   -99   -99   -99   -99   -99   -99   -99   -99 
1948 -99.0 -99.0 -99.0 -99.0 -99.0 -99.0 -99.0 -99.0 -99.0 -99.0 -99.0 -99.0   -99   -99   -99   -99   -99   -99   -99   -99   -99   -99   -99   -99 
1949 -99.0 -99.0 -99.0 -99.0 -99.0 -99.0 -99.0 -99.0 -99.0 -99.0 -99.0 -99.0   -99   -99   -99   -99   -99   -99   -99   -99   -99   -99   -99   -99 
1950 -99.0 -99.0 -99.0 -99.0 -99.0 -99.0 -99.0 -99.0 -99.0 -99.0 -99.0 -99.0   -99   -99   -99   -99   -99   -99   -99   -99   -99   -99   -99   -99 
1951 -99.0 -99.0 -99.0 -99.0 -99.0 -99.0 -99.0 -99.0 -99.0 -99.0 -99.0 -99.0   -99   -99   -99   -99   -99   -99   -99   -99   -99   -99   -99   -99 
1952 -99.0 -99.0 -99.0 -99.0 -99.0 -99.0 -99.0 -99.0 -99.0 -99.0 -99.0 -99.0   -99   -99   -99   -99   -99   -99   -99   -99   -99   -99   -99   -99 
1953 -19.0 -14.1  -3.4   4.3  11.3  16.8  21.3  18.9  12.6   6.9  -7.8 -12.8   506   506   506   506   506   506   506   506   506   506   506   506 
1954 -16.8 -12.1  -7.1   5.9  10.2  14.9  18.3  20.8  14.1   5.4  -1.4 -17.0   506   506   506   506   506   506   506   506   506   506   506   506 
1955 -16.5 -14.6  -7.0   4.2  11.0  18.0  22.3  20.9  15.1   5.8  -3.1  -8.3   506   506   506   506   506   506   506   506   506   506   506   506 
1956 -17.0 -14.5  -5.9   4.4  13.1  16.8  20.1  20.2  15.4   6.8  -8.5 -18.2   506   506   506   506   506   506   506   506   506   506   506   506 
1957 -16.7 -17.1  -9.5   6.7  12.7  16.8  18.8  19.1  11.8   6.2  -1.2 -11.7   506   506   506   506   506   506   506   506   506   506   506   506 
1958 -16.5 -13.5  -6.3   4.9  11.7  17.4  22.3  19.3  13.8   4.8  -3.6  -9.3   506   506   506   506   506   506   506   506   506   506   506   506 
1959 -17.0  -9.3  -0.5   6.6  13.2  15.9  20.2  20.7  14.6   7.5  -5.9 -12.0   506   506   506   506   506   506   506   506   506   506   506   506 
1960 -17.9  -8.3  -3.7   4.5  11.1  16.7  20.7  19.8  14.7   6.3  -4.3 -14.8   506   506   506   506   506   506   506   506   506   506   506   506 
1961 -17.5 -12.7  -3.2   6.0  12.2  18.1  22.0  20.5  13.9   5.5  -1.7 -12.0   506   506   506   506   506   506   506   506   506   506   506   506 
1962 -13.4 -12.4  -7.2   5.3  12.4  17.4  21.3  19.9  13.6   4.4  -6.0 -10.8   506   506   506   506   506   506   506   506   506   506   506   506 
1963 -20.0 -13.3  -2.7   6.2  13.5  17.8  20.4  21.3  13.1   4.7  -4.3 -10.8   506   506   506   506   506   506   506   506   506   506   506   506 
1964 -14.0 -17.1  -4.4   5.5  13.8  16.2  19.8  20.6  11.9   4.8  -5.2 -12.8   506   506   506   506   506   506   506   506   506   506   506   506 
1965 -15.7 -15.2  -6.5   2.6  11.4  18.2  20.0  20.0  13.4   6.1  -4.2 -14.7   506   506   506   506   506   506   506   506   506   506   506   506 
1966 -16.4 -10.7  -4.3   4.0  13.2  16.9  20.0  20.5  11.2   7.3  -3.3 -16.1   506   506   506   506   506   506   506   506   506   506   506   506 
1967 -14.5 -12.7  -2.2   5.6  14.6  15.9  20.7  21.4  12.8   6.3  -5.5 -16.7   506   506   506   506   506   506   506   506   506   506   506   506 
1968 -16.7 -15.7  -2.0   7.6  12.3  16.9  20.9  18.7  13.4   4.9  -4.8  -9.0   506   506   506   506   506   506   506   506   506   506   506   506 
1969 -17.1 -15.7  -6.2   4.7  10.8  14.8  20.1  19.8  12.3   5.9  -6.5 -15.7   506   506   506   506   506   506   506   506   506   506   506   506 
1970 -19.2 -12.2 -10.2   6.0  14.5  18.4  20.9  20.1  13.6   6.1  -3.2 -13.2   506   506   506   506   506   506   506   506   506   506   506   506 
1971 -15.2 -13.3  -6.6   5.4  12.2  17.5  19.8  18.5  13.0   6.0  -1.3 -12.3   506   506   506   506   506   506   506   506   506   506   506   506 
1972 -14.3 -15.1  -2.8   5.4  11.0  16.9  21.7  17.5  11.9   5.3  -5.7 -10.8   506   506   506   506   506   506   506   506   506   506   506   506 
1973 -12.3 -10.8  -5.3   5.3  11.9  17.3  22.5  20.5  13.5   4.3  -3.8 -12.6   506   506   506   506   506   506   506   506   506   506   506   506 
1974 -14.6 -13.1  -5.0   5.1  12.0  15.4  20.4  19.6  14.5   3.5  -4.7 -13.6   506   506   506   506   506   506   506   506   506   506   506   506 
1975 -13.9 -12.9  -4.1   8.4  13.3  18.1  20.7  20.4  14.8   5.9  -1.4 -14.0   506   506   506   506   506   506   506   506   506   506   506   506 
1976 -15.9 -10.9  -4.3   4.1  12.2  16.1  20.7  18.5  12.9   4.1  -9.4 -15.3   506   506   506   506   506   506   506   506   506   506   506   506 
1977 -20.9 -14.5  -2.7   5.7  14.4  16.7  22.2  18.6  13.1   7.1  -3.6 -11.4   506   506   506   506   506   506   506   506   506   506   506   506 
1978 -15.5 -16.3  -3.4   5.5  12.2  19.6  21.8  19.9  13.5   3.9  -2.6 -11.9   506   506   506   506   506   506   506   506   506   506   506   506 
1979 -14.4 -12.5  -3.3   3.2  13.3  18.5  20.2  19.0  12.3   7.2  -5.6 -10.4   506   506   506   506   506   506   506   506   506   506   506   506 
1980 -18.5 -14.1  -4.4   3.0  13.1  19.3  19.6  18.8  12.1   4.1  -1.0 -14.1   506   506   506   506   506   506   506   506   506   506   506   506 
1981 -17.1 -11.8  -3.0   7.5  12.0  16.9  22.0  18.7  13.3   5.2  -7.9 -10.7   506   506   506   506   506   506   506   506   506   506   506   506 
1982 -15.9 -10.5  -3.5   7.7  12.5  18.0  20.6  21.7  12.8   6.9  -2.8 -12.5   506   506   506   506   506   506   506   506   506   506   506   506 
1983 -13.5 -14.0  -3.4   8.5  13.6  15.4  19.0  20.7  14.8   4.3  -3.7 -12.7   506   506   506   506   506   506   506   506   506   506   506   506 
1984 -16.9 -14.3  -7.3   4.7  13.5  17.8  21.0  20.6  12.5   3.9  -2.9 -12.9   506   506   506   506   506   506   506   506   506   506   506   506 
1985 -18.4 -12.7  -4.9   6.4  13.7  17.3  21.0  21.4  12.9   6.3  -5.5 -16.2   506   506   506   506   506   506   506   506   506   506   506   506 
1986 -17.5 -13.3  -3.4   5.5  12.3  17.2  19.0  19.2  13.4   3.8  -4.6 -10.0   506   506   506   506   506   506   506   506   506   506   506   506 
1987 -17.5 -12.3  -5.8   5.6  12.6  17.5  20.2  20.3  13.4   6.6  -6.1 -10.6   506   506   506   506   506   506   506   506   506   506   506   506 
1988 -12.8 -13.6  -4.7   5.1  11.6  18.0  19.9  21.9  14.6   6.3  -3.6 -11.3   506   506   506   506   506   506   506   506   506   506   506   506 
1989 -12.6  -8.3  -1.6   7.1  12.6  17.4  20.5  19.6  12.8   6.7  -2.6 -11.6   506   506   506   506   506   506   506   506   506   506   506   506 
1990 -18.0  -8.4   0.8   5.9  12.9  17.6  20.7  20.6  14.1   7.7  -0.4 -11.1   506   506   506   506   506   506   506   506   506   506   506   506 
1991 -15.9 -12.6  -6.2   6.3  12.6  17.8  20.4  21.0  13.6   5.9  -3.0 -11.5   506   506   506   506   506   506   506   506   506   506   506   506 
1992 -11.5  -9.8  -2.0   6.2  11.8  16.0  21.2  19.9  12.9   6.4  -4.6 -12.2   506   506   506   506   506   506   506   506   506   506   506   506 
1993 -15.3  -9.8  -1.6   4.8  13.5  16.9  20.4  18.5  13.5   5.4  -3.8 -12.4   506   506   506   506   506   506   506   506   506   506   506   506 
1994 -16.3 -10.4  -4.6   7.6  12.2  19.0  23.3  21.4  14.0   6.1  -2.0 -11.4   506   506   506   506   506   506   506   506   506   506   506   506 
1995 -12.7  -9.6  -2.3   5.4  10.9  17.5  21.0  20.1  13.6   7.6  -2.3 -10.8   506   506   506   506   506   506   506   506   506   506   506   506 
1996 -14.0 -10.5  -3.5   5.5  13.7  18.1  21.0  19.4  14.5   5.4  -5.0 -11.0   506   506   506   506   506   506   506   506   506   506   506   506 
1997 -17.0 -10.0  -2.1   6.3  11.7  18.2  23.4  21.1  12.4   3.9  -2.0 -10.2   506   506   506   506   506   506   506   506   506   506   506   506 
1998 -15.8  -6.7   0.2  10.5  14.7  17.6  19.8  19.1  15.4   8.5  -6.2 -11.0   506   506   506   506   506   506   506   506   506   506   506   506 
1999 -13.0  -9.4  -5.8   6.2  11.3  17.4  22.9  20.3  14.1   6.0  -3.3 -11.8   506   506   506   506   506   506   506   506   506   506   506   506 
2000 -18.0 -13.2  -2.8   5.0  13.7  19.2  21.9  21.6  14.6   5.1  -7.0 -15.1   506   506   506   506   506   506   506   506   506   506   506   506 
2001 -20.1 -14.4  -4.4   7.1  13.8  18.9  21.5  19.9  14.7   8.3  -1.9 -12.9   506   506   506   506   506   506   506   506   506   506   506   506 
2002 -12.4  -6.4   0.0   7.1  13.8  16.9  21.2  19.3  14.1   3.8  -7.9 -13.3   506   506   506   506   506   506   506   506   506   506   506   506 
2003 -14.6  -8.6  -2.0   7.6  13.8  18.5  19.6  19.8  15.2   5.9  -3.3 -10.6   506   506   506   506   506   506   506   506   506   506   506   506 
2004 -14.0  -9.0  -3.4   6.5  13.2  19.8  20.2  19.5  15.2   7.4  -0.7 -12.9   506   506   506   506   506   506   506   506   506   506   506   506 
2005 -15.3 -15.7  -5.2   6.4  11.5  18.6  20.7  20.2  14.5   6.9  -1.6 -16.5   506   506   506   506   506   506   506   506   506   506   506   506 
2006 -15.1 -11.6  -3.8   3.6  13.6  17.1  20.7  21.1  14.5   7.3  -3.8 -11.1   506   506   506   506   506   506   506   506   506   506   506   506 
2007 -12.2  -5.9  -4.4   5.1  12.4  20.1  19.8  21.0  14.6   5.9  -3.7  -9.1   506   506   506   506   506   506   506   506   506   506   506   506 
2008 -15.9 -11.0   0.6   9.5  11.4  17.9  21.9  20.2  14.1   7.8  -3.3 -11.2   506   506   506   506   506   506   506   506   506   506   506   506 
2009 -13.9 -10.1  -3.7   6.6  15.1  16.0  19.9  20.4  13.8   6.6  -5.5 -14.1   506   506   506   506   506   506   506   506   506   506   506   506 
2010 -15.0 -13.3  -8.0   2.4  13.8  21.1  21.3  20.6  14.4   5.7  -3.4 -13.8   506   506   506   506   506   506   506   506   506   506   506   506 
2011 -18.2 -10.0  -4.4   5.1  11.6  17.8  21.9  20.9  13.5   6.8  -3.6 -15.1   506   506   506   506   506   506   506   506   506   506   506   506 
2012 -18.0 -13.2  -5.1   5.9  13.1  17.6  20.7  19.8  14.8   5.5  -4.5 -15.9   506   506   506   506   506   506   506   506   506   506   506   506 
2013 -16.0 -14.3  -5.0   2.7  14.5  19.4  21.8  20.5  14.1   6.9  -2.1 -11.9   506   506   506   506   506   506   506   506   506   506   506   506 
2014 -14.1 -12.4  -1.0   8.0  13.2  19.5  21.9  20.8  14.0   6.6  -1.1 -13.5   506   506   506   506   506   506   506   506   506   506   506   506 
2015 -12.3  -8.9  -1.6   7.6  13.8  18.8  22.0  20.7  15.0   6.0  -4.9 -10.4   506   506   506   506   506   506   506   506   506   506   506   506 
2016 -16.3 -10.8  -1.2   6.9  14.3  18.3  21.8  21.4  16.0   5.2  -7.2  -9.9   506   506   506   506   506   506   506   506   506   506   506   506 
