Number= 543110
Name= WEICHANG
Country= CHINA
Lat=   42.0
Long= -117.8
Height= 893
Start year= 1936
End year= 2016
First Good year= 1936
Source ID= 68
Source file= Jones
Jones data to= 2016
Normals source= Data
Normals source start year= 1961
Normals source end year= 1990
Normals= -12.8 -10.0  -2.5   6.5  13.4  17.7  20.4  18.8  12.9   6.2  -3.0 -10.4 
Standard deviations source= Data
Standard deviations source start year= 1941
Standard deviations source end year= 1990
Standard deviations=   1.5   2.4   2.2   1.4   1.0   0.9   0.8   0.8   0.9   1.1   1.8   2.4 
Obs:
1936 -18.6 -14.5  -5.4   3.2  11.3  18.7  19.6  18.7  12.8   6.0  -3.9 -11.9   506   506   506   506   506   506   506   506   506   506   506   506 
1937 -14.8  -8.9  -6.3   4.1  12.7  17.8  20.5  20.4  13.5   5.7  -3.9 -14.5   506   506   506   506   506   506   506   506   506   506   506   506 
1938 -17.0 -10.8  -2.8   7.3  10.2  16.7  20.6  19.1  11.1   7.3  -4.3 -13.1   506   506   506   506   506   506   506   506   506   506   506   506 
1939 -14.5  -9.6  -3.2   6.7  12.4  17.6  21.1  20.2  12.0   4.6  -6.1 -10.3   506   506   506   506   506   506   506   506   506   506   506   506 
1940 -17.0 -10.1  -2.2   8.2  13.6  16.6  21.1  16.1  15.1   6.6  -3.1 -11.0   506   506   506   506   506   506   506   506   506   506   506   506 
1941 -99.0 -99.0 -99.0 -99.0 -99.0 -99.0 -99.0 -99.0 -99.0 -99.0 -99.0 -99.0   -99   -99   -99   -99   -99   -99   -99   -99   -99   -99   -99   -99 
1942 -99.0 -99.0 -99.0 -99.0 -99.0 -99.0 -99.0 -99.0 -99.0 -99.0 -99.0 -99.0   -99   -99   -99   -99   -99   -99   -99   -99   -99   -99   -99   -99 
1943 -99.0 -99.0 -99.0 -99.0 -99.0 -99.0 -99.0 -99.0 -99.0 -99.0 -99.0 -99.0   -99   -99   -99   -99   -99   -99   -99   -99   -99   -99   -99   -99 
1944 -99.0 -99.0 -99.0 -99.0 -99.0 -99.0 -99.0 -99.0 -99.0 -99.0 -99.0 -99.0   -99   -99   -99   -99   -99   -99   -99   -99   -99   -99   -99   -99 
1945 -99.0 -99.0 -99.0 -99.0 -99.0 -99.0 -99.0 -99.0 -99.0 -99.0 -99.0 -99.0   -99   -99   -99   -99   -99   -99   -99   -99   -99   -99   -99   -99 
1946 -99.0 -99.0 -99.0 -99.0 -99.0 -99.0 -99.0 -99.0 -99.0 -99.0 -99.0 -99.0   -99   -99   -99   -99   -99   -99   -99   -99   -99   -99   -99   -99 
1947 -99.0 -99.0 -99.0 -99.0 -99.0 -99.0 -99.0 -99.0 -99.0 -99.0 -99.0 -99.0   -99   -99   -99   -99   -99   -99   -99   -99   -99   -99   -99   -99 
1948 -99.0 -99.0 -99.0 -99.0 -99.0 -99.0 -99.0 -99.0 -99.0 -99.0 -99.0 -99.0   -99   -99   -99   -99   -99   -99   -99   -99   -99   -99   -99   -99 
1949 -99.0 -99.0 -99.0 -99.0 -99.0 -99.0 -99.0 -99.0 -99.0 -99.0 -99.0 -99.0   -99   -99   -99   -99   -99   -99   -99   -99   -99   -99   -99   -99 
1950 -11.8  -9.5  -1.9   6.7  11.7  16.6  19.8  19.0  11.9   5.8  -5.7 -10.7   506   506   506   506   506   506   506   506   506   506   506   506 
1951 -14.4 -10.7  -4.9   2.9  13.7  18.2  20.1  20.0  10.4   6.0  -2.8  -7.8   506   506   506   506   506   506   506   506   506   506   506   506 
1952 -12.9 -14.0  -3.6   5.6  14.2  17.4  20.2  17.3  12.2   5.2  -4.6 -14.8   506   506   506   506   506   506   506   506   506   506   506   506 
1953 -15.8 -13.2  -2.1   3.3  11.5  16.9  20.6  18.6  12.7   6.7  -4.1 -10.8   506   506   506   506   506   506   506   506   506   506   506   506 
1954 -12.7  -8.5  -4.5   5.7  10.7  16.0  18.4  18.8  12.6   5.0  -1.3 -16.1   506   506   506   506   506   506   506   506   506   506   506   506 
1955 -14.5  -8.8  -5.7   5.7  12.8  17.0  20.8  19.7  14.0   4.9  -2.8  -8.7   506   506   506   506   506   506   506   506   506   506   506   506 
1956 -14.7 -13.2  -5.7   4.5  11.7  16.2  19.9  18.1  12.9   4.8  -7.8 -16.3   506   506   506   506   506   506   506   506   506   506   506   506 
1957 -14.5 -15.8  -6.9   6.9  12.4  17.4  18.7  17.8  10.9   6.0  -2.6 -14.5   506   506   506   506   506   506   506   506   506   506   506   506 
1958 -16.0 -11.5  -3.1   6.0  12.6  17.6  20.7  17.6  13.4   5.2  -3.2  -6.3   506   506   506   506   506   506   506   506   506   506   506   506 
1959 -13.1  -7.4   0.4   6.3  13.4  16.6  19.9  18.4  12.5   7.0  -5.6 -10.4   506   506   506   506   506   506   506   506   506   506   506   506 
1960 -13.5  -6.2  -0.7   6.2  12.1  17.2  20.6  19.1  13.3   6.1  -3.6 -12.2   506   506   506   506   506   506   506   506   506   506   506   506 
1961 -12.6  -7.3   0.0   8.0  13.0  19.0  21.7  18.9  12.8   5.7  -0.3 -10.9   506   506   506   506   506   506   506   506   506   506   506   506 
1962 -11.8 -10.3  -3.9   4.6  12.3  16.4  20.3  19.5  12.8   6.0  -4.1  -7.4   506   506   506   506   506   506   506   506   506   506   506   506 
1963 -13.5  -9.0   0.0   5.6  14.4  18.6  20.8  20.0  13.0   5.4  -3.7 -12.0   506   506   506   506   506   506   506   506   506   506   506   506 
1964 -11.6 -14.8  -3.9   5.8  15.2  17.5  20.3  18.8  12.6   5.5  -1.8  -9.5   506   506   506   506   506   506   506   506   506   506   506   506 
1965 -13.3  -8.6  -3.0   4.8  14.0  17.5  19.6  18.0  12.8   7.6  -3.0 -10.5   506   506   506   506   506   506   506   506   506   506   506   506 
1966 -12.3  -6.7  -1.7   5.8  13.1  17.4  19.7  19.1  12.7   6.5  -3.3 -13.0   506   506   506   506   506   506   506   506   506   506   506   506 
1967 -12.1 -11.1  -1.2   6.6  15.3  16.8  20.2  20.6  12.4   6.7  -4.6 -14.9   506   506   506   506   506   506   506   506   506   506   506   506 
1968 -14.0 -14.3  -1.7   7.2  13.2  18.2  20.9  17.5  13.1   5.4  -2.4  -8.3   506   506   506   506   506   506   506   506   506   506   506   506 
1969 -15.7 -13.0  -4.1   6.2  13.1  17.1  19.7  17.5  12.7   6.0  -5.4 -12.5   506   506   506   506   506   506   506   506   506   506   506   506 
1970 -13.4 -10.2  -7.9   7.0  13.0  17.6  19.5  18.3  12.1   7.1  -3.7 -10.5   506   506   506   506   506   506   506   506   506   506   506   506 
1971 -12.2 -11.1  -6.7   6.3  13.4  17.0  20.2  18.5  12.4   6.1  -0.5 -12.3   506   506   506   506   506   506   506   506   506   506   506   506 
1972 -12.4 -11.8  -2.0   6.9  12.1  18.2  20.8  17.9  12.1   4.9  -4.1  -9.4   506   506   506   506   506   506   506   506   506   506   506   506 
1973 -10.8  -9.5  -1.1   8.2  12.2  17.3  19.7  18.8  13.6   4.7  -2.2  -9.3   506   506   506   506   506   506   506   506   506   506   506   506 
1974 -11.5 -10.0  -3.5   4.9  12.8  16.4  19.8  18.6  12.2   3.8  -3.4 -11.6   506   506   506   506   506   506   506   506   506   506   506   506 
1975 -11.6  -9.4  -0.7   8.0  12.5  17.4  19.8  19.3  14.4   6.8  -1.0 -10.5   506   506   506   506   506   506   506   506   506   506   506   506 
1976 -11.8  -6.4  -3.5   4.5  12.2  16.2  19.3  18.2  12.9   5.6  -5.7 -10.9   506   506   506   506   506   506   506   506   506   506   506   506 
1977 -16.7 -10.4  -1.0   7.7  13.3  16.9  20.4  18.0  13.4   7.1  -3.2  -9.6   506   506   506   506   506   506   506   506   506   506   506   506 
1978 -13.4 -10.4  -2.3   6.4  12.4  17.9  20.3  18.4  13.4   5.4  -1.3  -9.2   506   506   506   506   506   506   506   506   506   506   506   506 
1979 -11.1  -7.3  -1.9   4.0  12.9  17.5  20.2  17.9  11.8   8.3  -4.8  -8.4   506   506   506   506   506   506   506   506   506   506   506   506 
1980 -13.4 -10.2  -2.7   3.1  13.8  18.7  21.6  18.6  11.4   5.0   0.2 -12.0   506   506   506   506   506   506   506   506   506   506   506   506 
1981 -15.4 -10.6  -0.2   8.7  12.8  18.7  22.6  18.6  13.1   4.3  -7.9 -10.2   506   506   506   506   506   506   506   506   506   506   506   506 
1982 -12.7  -7.3  -0.4   8.1  13.9  18.0  19.3  20.2  13.1   7.9  -2.6 -10.8   506   506   506   506   506   506   506   506   506   506   506   506 
1983 -11.3 -11.6  -1.0   7.3  14.6  18.9  20.4  18.8  14.6   6.3  -1.3  -8.0   506   506   506   506   506   506   506   506   506   506   506   506 
1984 -13.8 -11.6  -5.4   6.2  14.4  18.0  21.5  19.6  12.8   6.5  -2.7 -13.1   506   506   506   506   506   506   506   506   506   506   506   506 
1985 -14.3 -11.2  -5.9   6.9  14.2  18.2  20.3  19.4  12.0   7.6  -5.0 -13.4   506   506   506   506   506   506   506   506   506   506   506   506 
1986 -13.0 -10.6  -1.1   6.2  14.7  19.6  18.9  18.5  13.0   4.3  -4.5 -10.0   506   506   506   506   506   506   506   506   506   506   506   506 
1987 -11.8  -9.1  -3.9   7.5  13.5  17.2  20.8  18.7  14.1   6.8  -3.7  -7.6   506   506   506   506   506   506   506   506   506   506   506   506 
1988 -11.1 -10.8  -3.7   6.1  13.2  19.1  22.1  19.5  14.4   8.1  -1.2  -9.2   506   506   506   506   506   506   506   506   506   506   506   506 
1989 -10.9  -6.3  -1.0   9.1  14.3  17.5  19.9  19.2  12.3   7.0  -3.1  -8.5   506   506   506   506   506   506   506   506   506   506   506   506 
1990 -15.2  -7.8   1.3   6.2  13.2  17.2  20.4  19.8  13.2   8.4  -0.5  -9.3   506   506   506   506   506   506   506   506   506   506   506   506 
1991 -11.3  -8.8  -2.6   6.2  13.1  17.2  19.8  20.9  14.0   6.4  -2.8 -10.1   506   506   506   506   506   506   506   506   506   506   506   506 
1992 -10.2  -7.8  -1.5   7.1  14.2  16.7  20.3  18.6  13.2   5.8  -5.1  -9.2   506   506   506   506   506   506   506   506   506   506   506   506 
1993 -12.5  -6.9  -0.1   5.4  14.0  18.4  19.4  18.7  13.6   6.1  -4.3 -10.6   506   506   506   506   506   506   506   506   506   506   506   506 
1994 -11.3  -6.8  -3.0   9.9  13.2  20.1  21.9  20.3  12.9   6.5  -0.1 -10.3   506   506   506   506   506   506   506   506   506   506   506   506 
1995 -10.5  -6.7  -0.8   6.8  12.1  18.3  20.8  19.7  12.9   7.7  -0.1  -9.1   506   506   506   506   506   506   506   506   506   506   506   506 
1996 -11.2  -8.9  -2.3   6.2  14.5  18.4  20.2  18.4  14.1   5.5  -3.8  -7.7   506   506   506   506   506   506   506   506   506   506   506   506 
1997 -12.0  -6.7   1.2   7.0  13.0  18.0  22.4  20.7  12.2   5.8  -1.4  -8.9   506   506   506   506   506   506   506   506   506   506   506   506 
1998 -12.6  -4.7   0.8  10.2  14.2  18.2  21.1  19.1  16.6   8.2  -3.8 -10.3   506   506   506   506   506   506   506   506   506   506   506   506 
1999 -10.6  -6.0  -2.6   8.0  14.0  18.8  22.2  19.0  13.6   6.7  -1.2 -10.0   506   506   506   506   506   506   506   506   506   506   506   506 
2000 -15.2 -10.7  -0.4   6.6  14.6  20.4  24.4  20.0  14.6   5.5  -5.0 -10.1   506   506   506   506   506   506   506   506   506   506   506   506 
2001 -13.6  -8.8  -1.4   8.3  15.4  19.9  22.1  19.8  14.5   8.0  -1.5 -11.5   506   506   506   506   506   506   506   506   506   506   506   506 
2002  -7.4  -3.7   1.6   7.1  15.6  17.8  21.7  20.0  14.7   3.2  -5.3 -10.4   506   506   506   506   506   506   506   506   506   506   506   506 
2003 -11.7  -6.1  -0.5   8.0  14.9  18.2  20.7  19.9  14.5   6.5  -2.8  -7.9   506   506   506   506   506   506   506   506   506   506   506   506 
2004 -10.9  -5.7  -1.2   9.4  13.4  19.3  20.1  18.4  14.0   7.0  -1.4  -8.9   506   506   506   506   506   506   506   506   506   506   506   506 
2005 -11.9 -12.9  -1.9   7.9  12.6  18.7  21.7  19.8  14.4   7.5  -0.9 -12.7   506   506   506   506   506   506   506   506   506   506   506   506 
2006 -10.1  -8.7  -0.9   6.1  14.1  17.8  20.1  20.8  14.7   8.7  -1.8  -9.5   506   506   506   506   506   506   506   506   506   506   506   506 
2007 -10.2  -4.1  -1.1   6.5  14.4  21.3  21.6  20.1  16.1   6.5  -4.1  -9.1   506   506   506   506   506   506   506   506   506   506   506   506 
2008 -13.1  -9.4   0.5   8.3  12.9  18.4  21.6  19.5  14.3   6.9  -2.2  -9.5   506   506   506   506   506   506   506   506   506   506   506   506 
2009 -11.8  -6.6  -1.5   8.3  16.0  18.2  20.9  20.3  14.9   6.8  -5.4 -12.3   506   506   506   506   506   506   506   506   506   506   506   506 
2010 -14.9 -10.0  -4.6   3.2  14.4  19.7  23.0  19.5  14.8   5.6  -2.4 -10.3   506   506   506   506   506   506   506   506   506   506   506   506 
2011 -14.9  -7.0  -2.3   6.6  12.6  19.1  21.1  21.0  13.5   6.6  -1.0 -11.0   506   506   506   506   506   506   506   506   506   506   506   506 
2012 -14.6 -11.2  -2.9   8.7  14.7  17.8  21.1  19.6  13.5   6.3  -4.7 -14.6   506   506   506   506   506   506   506   506   506   506   506   506 
2013 -12.8 -11.0  -1.4   3.7  15.7  18.7  21.7  20.5  13.6   6.3  -2.0  -9.2   506   506   506   506   506   506   506   506   506   506   506   506 
2014  -9.6  -8.9   0.9   9.6  13.8  18.2  22.0  19.4  13.9   7.5  -1.5 -10.6   506   506   506   506   506   506   506   506   506   506   506   506 
2015  -9.5  -7.5  -0.1   7.3  13.3  17.5  20.4  19.7  14.5   7.1  -4.4  -8.9   506   506   506   506   506   506   506   506   506   506   506   506 
2016 -15.1  -9.9   0.2   8.0  14.0  18.1  21.7  21.0  14.7   6.4  -3.7  -8.0   506   506   506   506   506   506   506   506   506   506   506   506 
