Number= 341860
Name= ERSOV---------------
Country= RUSSIA
Lat=   51.3
Long=  -48.3
Height= 111
Start year= 1901
End year= 2020
First Good year= 1901
Source ID= 43
Source file= Jones
Jones data to= 2016
Normals source= Data
Normals source start year= 1961
Normals source end year= 1990
Normals= -11.9 -11.4  -4.9   7.3  15.7  19.5  21.8  20.0  13.9   5.1  -1.8  -8.0 
Standard deviations source= Data
Standard deviations source start year= 1941
Standard deviations source end year= 1990
Standard deviations=   4.1   4.2   3.1   3.0   2.3   2.2   1.8   1.8   1.9   2.0   2.3   3.2 
Obs:
1901 -14.1  -7.2  -3.4  10.3  15.5  22.9  21.8  22.4  11.3   3.1  -2.8  -8.9   506   506   506   506   506   506   506   506   506   506   506   506 
1902  -9.1 -10.5  -6.3   2.8  14.4  22.3  22.6  22.0  11.6   3.0  -7.1 -10.9   506   506   506   506   506   506   506   506   506   506   506   506 
1903  -9.3  -5.7  -8.8   8.7  14.1  20.7  25.2  21.6  12.9   4.5  -2.6 -13.4   506   506   506   506   506   506   506   506   506   506   506   506 
1904 -15.9  -5.5  -9.0   0.5  14.1  16.2  21.8  20.5  11.5   5.9  -1.3  -7.7   506   506   506   506   506   506   506   506   506   506   506   506 
1905 -14.3 -10.5 -12.3   3.6  17.7  21.6  21.1  19.8  15.4 -99.0   0.3 -99.0   506   506   506   506   506   506   506   506   506   -99   506   -99 
1906 -11.4 -15.2  -0.2   9.0  20.6  22.5  24.7  19.5  11.0   5.1  -2.9  -8.3   506   506   506   506   506   506   506   506   506   506   506   506 
1907 -14.1 -13.4  -7.2   5.3  13.7  20.6  25.6  19.1  13.5   5.6  -9.5 -10.1   506   506   506   506   506   506   506   506   506   506   506   506 
1908 -15.3 -13.3 -11.1   1.7  11.6  21.2  21.9  19.8  14.0   3.2  -7.7 -13.4   506   506   506   506   506   506   506   506   506   506   506   506 
1909 -15.7 -12.7  -9.8   5.1  14.7  19.8  22.2  20.1  19.1   7.0   1.5  -7.8   506   506   506   506   506   506   506   506   506   506   506   506 
1910  -9.6 -15.7  -7.2   8.1  16.1  18.8  25.0  21.1  14.1   3.2  -2.1  -5.9   506   506   506   506   506   506   506   506   506   506   506   506 
1911 -16.3 -15.9 -10.3   5.7  16.4  21.0  24.5  20.0  11.7   2.9  -0.1  -8.9   506   506   506   506   506   506   506   506   506   506   506   506 
1912 -10.8 -14.4  -3.7   4.8  13.1  23.6  19.9  20.6  15.4   2.5  -1.1  -6.0   506   506   506   506   506   506   506   506   506   506   506   506 
1913 -10.0 -16.8  -2.1   8.1  11.6  16.6  21.8  23.6  14.8   3.3   1.5  -3.3   506   506   506   506   506   506   506   506   506   506   506   506 
1914  -9.4  -2.9  -1.1   4.4  16.4  19.0  23.3  18.4  12.3   4.1  -6.8 -11.4   506   506   506   506   506   506   506   506   506   506   506   506 
1915  -6.5  -7.4  -6.5   6.5  13.9  17.8  22.0  17.1  13.0   3.1  -1.3  -8.6   506   506   506   506   506   506   506   506   506   506   506   506 
1916  -9.4 -12.0  -8.6   7.0  14.3  19.9  20.1  18.7  11.3   5.3  -4.3 -10.0   506   506   506   506   506   506   506   506   506   506   506   506 
1917 -11.1 -17.1  -7.7   8.4  11.9  20.7  23.6  20.7  14.6   7.3   1.7  -8.1   506   506   506   506   506   506   506   506   506   506   506   506 
1918 -99.0 -99.0 -99.0   4.7   8.5  19.4  22.2  18.7  15.9   9.7  -3.0 -12.7   -99   -99   -99   506   506   506   506   506   506   506   506   506 
1919 -14.7 -12.5  -9.5   8.5  11.4  19.5  23.0  19.9  15.6   8.8  -6.9 -10.1   506   506   506   506   506   506   506   506   506   506   506   506 
1920  -9.5 -15.2 -99.0   9.7  17.0  21.0  24.9  23.6  15.6 -99.0 -99.0 -99.0   506   506   -99   506   506   506   506   506   506   -99   -99   -99 
1921 -99.0 -99.0 -99.0 -99.0 -99.0 -99.0 -99.0 -99.0 -99.0 -99.0 -99.0 -99.0   -99   -99   -99   -99   -99   -99   -99   -99   -99   -99   -99   -99 
1922 -99.0 -99.0 -99.0 -99.0 -99.0 -99.0 -99.0 -99.0 -99.0 -99.0 -99.0 -99.0   -99   -99   -99   -99   -99   -99   -99   -99   -99   -99   -99   -99 
1923 -99.0 -99.0 -99.0 -99.0 -99.0 -99.0 -99.0 -99.0 -99.0 -99.0 -99.0 -99.0   -99   -99   -99   -99   -99   -99   -99   -99   -99   -99   -99   -99 
1924 -99.0 -16.4  -9.0   5.6  17.8  23.1  21.0  19.7  15.1   4.1  -2.2  -8.3   -99   506   506   506   506   506   506   506   506   506   506   506 
1925  -9.4  -5.6   0.1   6.0  16.5  20.9  22.3  21.9  14.0   4.3   0.1  -5.9   506   506   506   506   506   506   506   506   506   506   506   506 
1926 -10.0 -14.0  -5.6   3.2  13.9  19.1  19.5  17.3  12.4   4.8   1.3  -5.9   506   506   506   506   506   506   506   506   506   506   506   506 
1927 -15.6 -13.4  -9.3   6.1  14.2  20.8  21.7  21.6  14.6   7.2  -2.5 -14.2   506   506   506   506   506   506   506   506   506   506   506   506 
1928 -12.3 -14.2 -12.4   2.5  13.8  17.3  20.7  17.1  12.3   4.1  -0.1  -9.5   506   506   506   506   506   506   506   506   506   506   506   506 
1929 -14.6 -20.3  -8.5   0.5  15.4  18.4  23.5  24.1  11.4   7.0  -1.0 -14.4   506   506   506   506   506   506   506   506   506   506   506   506 
1930 -10.8 -13.4   0.0   7.8  16.9  16.0  22.3  24.0  12.2   5.4  -0.9 -13.3   506   506   506   506   506   506   506   506   506   506   506   506 
1931 -16.3 -19.5  -6.8   4.4  16.2  20.8  28.1  19.6  12.9   6.4  -3.7 -99.0   506   506   506   506   506   506   506   506   506   506   506   -99 
1932 -99.0 -99.0 -99.0 -99.0 -99.0  22.2  21.7  22.9  14.6   7.3  -3.4  -7.1   -99   -99   -99   -99   -99   506   506   506   506   506   506   506 
1933 -16.4 -17.3  -8.0   7.2  14.2  19.2  24.0  19.1  16.0   4.4  -1.8 -15.8   506   506   506   506   506   506   506   506   506   506   506   506 
1934 -15.9  -9.4  -8.9   3.8  17.4  16.4  22.9  21.2  12.3   6.5  -1.8 -14.5   506   506   506   506   506   506   506   506   506   506   506   506 
1935 -15.9  -7.6  -7.4   8.8  15.0  18.7  20.3  21.1  14.8   8.9  -5.9 -11.4   506   506   506   506   506   506   506   506   506   506   506   506 
1936 -12.5 -16.3  -9.0   3.4  13.6  23.2  24.3  22.9  12.8   5.3   0.2  -4.9   506   506   506   506   506   506   506   506   506   506   506   506 
1937 -14.9 -12.2  -3.0   7.2  12.4  17.4  22.5  21.6  18.4   7.8  -1.8  -7.0   506   506   506   506   506   506   506   506   506   506   506   506 
1938 -10.6  -9.3  -5.4   8.8  15.3  20.2  24.1  23.0  18.0   8.5   1.0 -16.3   506   506   506   506   506   506   506   506   506   506   506   506 
1939 -16.1 -10.6  -5.1   6.6  16.1  22.8  23.9  20.3  10.7   2.1  -1.0  -7.5   506   506   506   506   506   506   506   506   506   506   506   506 
1940 -21.4 -16.1  -6.9   6.9  12.8  18.4  23.5  25.1  16.6   2.0   0.7  -9.3   506   506   506   506   506   506   506   506   506   506   506   506 
1941 -16.9 -10.6  -6.8   4.3  10.4  15.7  22.3  18.4  13.6   3.4  -7.8 -12.0   506   506   506   506   506   506   506   506   506   506   506   506 
1942 -19.2 -16.3 -11.5   2.0  14.5  17.7  21.0  19.6  12.4   6.4  -6.0 -10.9   506   506   506   506   506   506   506   506   506   506   506   506 
1943 -17.5 -13.8  -7.5   8.8  16.7  19.0  22.4  19.9  12.9   4.5  -2.9  -8.0   506   506   506   506   506   506   506   506   506   506   506   506 
1944  -6.6  -7.7  -1.2   7.0  15.6  18.1  20.4  17.9  16.0   5.1  -3.6 -13.5   506   506   506   506   506   506   506   506   506   506   506   506 
1945 -15.7 -17.8  -5.9   4.0   9.6  19.1  20.6  20.3  12.5   3.1  -5.2 -12.3   506   506   506   506   506   506   506   506   506   506   506   506 
1946 -11.3  -4.6  -5.3   5.6  15.1  21.6  19.6  23.6  15.2   1.3  -3.4 -11.9   506   506   506   506   506   506   506   506   506   506   506   506 
1947 -16.5 -12.2  -2.3   7.4  11.4  19.0  21.9  19.6  13.9   5.7   0.9  -5.3   506   506   506   506   506   506   506   506   506   506   506   506 
1948  -6.0  -9.4  -7.6   2.7  18.5  25.8  20.2  21.1  12.7   5.2  -1.3  -9.8   506   506   506   506   506   506   506   506   506   506   506   506 
1949  -7.9 -12.3  -8.7   3.6  16.7  21.6  22.4  20.0  12.9   4.1  -3.4  -8.4   506   506   506   506   506   506   506   506   506   506   506   506 
1950 -19.9 -12.6  -5.4  10.9  15.9  17.5  19.5  18.2  15.5   5.5  -2.5  -8.6   506   506   506   506   506   506   506   506   506   506   506   506 
1951 -15.9 -19.2  -3.9  12.8  14.0  22.2  22.3  24.6  14.9   3.3  -5.9  -5.4   506   506   506   506   506   506   506   506   506   506   506   506 
1952 -10.7 -10.8  -9.2   2.0  14.4  21.1  23.0  21.2  15.0   6.3  -3.0 -11.9   506   506   506   506   506   506   506   506   506   506   506   506 
1953 -13.3 -14.8  -5.4   7.4  14.2  20.4  22.3  23.4  13.4   3.6  -7.4  -9.1   506   506   506   506   506   506   506   506   506   506   506   506 
1954 -18.4 -23.8 -10.0   4.6  16.0  22.8  26.5  21.8  15.0   7.3  -0.6  -7.1   506   506   506   506   506   506   506   506   506   506   506   506 
1955  -7.9  -6.2  -6.3   5.4  15.8  21.4  22.4  20.1  14.9   9.5  -4.5 -12.8   506   506   506   506   506   506   506   506   506   506   506   506 
1956 -13.5 -21.7 -11.1   5.6  13.9  22.1  19.1  20.4  10.2   7.0  -6.8  -7.1   506   506   506   506   506   506   506   506   506   506   506   506 
1957 -13.5  -6.7  -7.9   6.7  21.0  22.2  22.2  22.3  18.2   5.1  -4.7  -5.3   506   506   506   506   506   506   506   506   506   506   506   506 
1958  -9.9  -7.6  -5.1   4.8  14.7  18.6  19.8  19.9  10.0   5.2  -3.6  -8.8   506   506   506   506   506   506   506   506   506   506   506   506 
1959  -9.7 -13.5  -8.4   7.0  16.1  19.2  22.8  18.1  11.2   2.3  -6.7 -14.0   506   506   506   506   506   506   506   506   506   506   506   506 
1960  -8.6 -11.2  -9.4   6.4  11.5  21.3  23.2  20.4  12.4   3.9  -6.2  -3.9   506   506   506   506   506   506   506   506   506   506   506   506 
1961 -10.9  -8.1  -2.5   6.4  15.2  21.5  21.1  20.4  11.7   5.2  -4.6  -6.1   506   506   506   506   506   506   506   506   506   506   506   506 
1962  -8.4  -9.8  -1.0   8.4  16.6  18.2  23.2  18.7  14.3   5.3  -0.7  -9.5   506   506   506   506   506   506   506   506   506   506   506   506 
1963 -14.2 -11.8 -10.2   4.3  17.0  17.6  20.9  19.2  15.7   7.7   0.0 -10.3   506   506   506   506   506   506   506   506   506   506   506   506 
1964 -11.2 -15.2  -9.0   2.1  13.1  18.4  20.1  18.5  14.8   5.3  -1.2  -5.3   506   506   506   506   506   506   506   506   506   506   506   506 
1965 -11.7 -12.8  -4.3   3.5  14.4  18.9  22.1  19.8  15.4   3.9  -3.7  -3.7   506   506   506   506   506   506   506   506   506   506   506   506 
1966 -11.1  -7.7  -0.3  10.2  16.6  19.0  25.0  23.3  13.5   5.7  -1.5 -13.3   506   506   506   506   506   506   506   506   506   506   506   506 
1967 -14.0 -15.6  -5.4  11.1  18.8  18.2  20.6  22.0  11.6   8.1   0.7  -8.0   506   506   506   506   506   506   506   506   506   506   506   506 
1968 -12.7 -12.2  -4.0   5.7  16.0  18.6  18.3  20.3  13.8   3.8  -3.4 -10.7   506   506   506   506   506   506   506   506   506   506   506   506 
1969 -21.4 -18.2  -9.2   7.8  12.9  19.3  19.8  20.2  14.4   4.2  -0.3  -9.4   506   506   506   506   506   506   506   506   506   506   506   506 
1970 -13.9  -8.7  -4.7   9.0  15.5  17.4  22.9  18.5  13.2   5.3  -1.3 -14.4   506   506   506   506   506   506   506   506   506   506   506   506 
1971  -7.0 -15.6  -8.5   5.0  13.7  19.4  24.8  20.4  18.5   5.0   1.8  -7.4   506   506   506   506   506   506   506   506   506   506   506   506 
1972 -21.1 -12.7  -4.9   9.6  16.0  21.3  25.1  25.4  13.5   6.0  -0.6  -5.3   506   506   506   506   506   506   506   506   506   506   506   506 
1973 -14.2  -6.6  -3.1  10.9  16.6  20.0  19.4  18.1   8.8   4.8  -1.0  -4.7   506   506   506   506   506   506   506   506   506   506   506   506 
1974 -14.7 -10.6  -2.4   6.0  15.6  18.3  21.0  18.6  16.0  10.1  -0.9  -7.2   506   506   506   506   506   506   506   506   506   506   506   506 
1975  -7.0 -11.8  -1.6  13.7  19.0  23.6  23.5  19.3  16.2   3.7  -2.8  -5.0   506   506   506   506   506   506   506   506   506   506   506   506 
1976 -10.4 -17.9 -10.8   8.1  14.7  18.6  18.2  19.5  12.5  -1.8  -2.9 -11.1   506   506   506   506   506   506   506   506   506   506   506   506 
1977 -17.2 -11.4  -0.9   9.6  18.1  21.6  22.0  19.5  12.5   2.2   0.3 -11.0   506   506   506   506   506   506   506   506   506   506   506   506 
1978  -9.1 -11.3  -1.9   6.4  13.1  15.8  19.6  19.2  13.5   4.2  -0.5 -13.7   506   506   506   506   506   506   506   506   506   506   506   506 
1979 -13.8  -9.8  -3.3   3.7  19.1  17.6  21.0  21.3  15.6   4.8  -1.8  -4.3   506   506   506   506   506   506   506   506   506   506   506   506 
1980 -15.0 -12.8  -8.9   6.0  15.5  19.2  21.7  17.2  13.4   4.5  -1.8  -3.9   506   506   506   506   506   506   506   506   506   506   506   506 
1981  -8.2  -8.1  -5.2   4.1  14.0  22.4  24.6  21.7  13.7   7.7  -0.9  -4.4   506   506   506   506   506   506   506   506   506   506   506   506 
1982  -8.4 -13.4  -4.3   9.3  14.6  16.4  22.2  19.7  14.9   4.6  -1.1  -3.2   506   506   506   506   506   506   506   506   506   506   506   506 
1983  -5.8  -3.8  -4.5  12.3  15.2  17.5  21.9  18.7  13.7   6.7  -1.6  -6.2   506   506   506   506   506   506   506   506   506   506   506   506 
1984  -7.8 -15.3  -5.3   5.9  20.1  20.0  24.8  18.8  16.7   6.6  -2.8 -14.2   506   506   506   506   506   506   506   506   506   506   506   506 
1985 -11.7 -12.3  -8.3   6.0  16.8  19.5  20.2  22.5  13.1   4.5  -2.2  -6.3   506   506   506   506   506   506   506   506   506   506   506   506 
1986  -8.5 -15.0  -4.8  10.8  14.2  20.8  21.1  21.6  13.0   5.2  -5.8  -9.9   506   506   506   506   506   506   506   506   506   506   506   506 
1987 -16.9 -10.5  -9.7   1.4  17.3  23.5  21.0  18.3  11.2   2.8  -6.2  -9.9   506   506   506   506   506   506   506   506   506   506   506   506 
1988 -11.7 -12.4  -6.0   4.8  14.4  23.2  24.5  21.2  13.3   5.6  -4.7  -9.0   506   506   506   506   506   506   506   506   506   506   506   506 
1989  -8.0  -6.4  -4.2   7.8  13.7  22.1  21.7  19.8  15.0   6.4  -3.3  -6.3   506   506   506   506   506   506   506   506   506   506   506   506 
1990  -9.8  -5.5   2.0   9.6  13.2  17.5  20.9  17.1  13.0   6.0  -0.5  -6.7   506   506   506   506   506   506   506   506   506   506   506   506 
1991  -7.8 -10.4  -5.7   8.9  16.4  21.8  22.6  19.6  13.4  10.0  -2.5 -11.3   506   506   506   506   506   506   506   506   506   506   506   506 
1992  -7.8  -9.8  -4.9   5.2  13.2  19.5  20.5  19.5  14.5   4.3  -1.5  -8.3   506   506   506   506   506   506   506   506   506   506   506   506 
1993  -6.9 -11.5  -5.7   5.4  15.3  17.4  21.2  19.0   9.6   4.7 -10.1  -8.3   506   506   506   506   506   506   506   506   506   506   506   506 
1994  -8.1 -18.0  -7.6   6.7  14.4  18.2  18.2  18.7  17.0   7.9  -1.8  -9.5   506   506   506   506   506   506   506   506   506   506   506   506 
1995 -10.1  -4.5  -0.5  13.4  17.6  23.8  22.7  20.3  15.4   7.5   0.8  -9.3   506   506   506   506   506   506   506   506   506   506   506   506 
1996 -15.8 -12.2  -9.5   3.6  18.4  20.9  23.7  20.9  13.4   4.9   0.6  -9.7   506   506   506   506   506   506   506   506   506   506   506   506 
1997 -12.4  -9.2  -1.8   7.3  14.8  22.5  20.6  19.5  12.6   7.2  -2.8 -10.8   506   506   506   506   506   506   506   506   506   506   506   506 
1998 -11.3 -11.6  -4.1   4.0  15.8  24.4  25.0  20.9  14.4   7.2  -6.6  -7.6   506   506   506   506   506   506   506   506   506   506   506   506 
1999  -6.8  -5.1  -6.1   9.6  11.9  20.5  23.7  20.6  12.7   7.7  -6.5  -3.0   506   506   506   506   506   506   506   506   506   506   506   506 
2000  -6.9  -4.3  -1.2  11.2  11.2  19.7  23.0  21.7  12.7   5.9  -3.1  -3.7   506   506   506   506   506   506   506   506   506   506   506   506 
2001  -4.3  -8.0  -0.4  10.8  14.9  18.5  24.3  20.1  13.7   4.3   0.3 -11.1   506   506   506   506   506   506   506   506   506   506   506   506 
2002  -6.0  -1.6   2.5   7.0  12.3  18.6  25.4  19.1  16.0   5.7   0.0 -17.8   506   506   506   506   506   506   506   506   506   506   506   506 
2003  -9.1 -13.0  -7.9   5.3  16.4  15.1  21.0  20.7  13.7   7.5  -0.3  -4.0   506   506   506   506   506   506   506   506   506   506   506   506 
2004  -8.4  -9.1   1.0   6.4  14.9  20.2  21.2  22.2  15.9   6.0   0.3  -5.6   506   506   506   506   506   506   506   506   506   506   506   506 
2005  -7.9 -11.9  -6.4   7.4  18.3  19.9  22.0  21.0  15.8   8.4   0.0  -5.8   506   506   506   506   506   506   506   506   506   506   506   506 
2006 -16.0 -13.4  -3.9   8.4  15.0  22.3  20.2  22.8  15.3   7.0  -1.5  -2.9   506   506   506   506   506   506   506   506   506   506   506   506 
2007  -0.7  -9.8  -1.0   6.9  16.7  19.4  22.4  25.8  16.0   6.8  -3.7 -13.0   506   506   506   506   506   506   506   506   506   506   506   506 
2008 -12.9  -9.7   2.3  10.7  15.7  18.1  22.3  22.5  13.0   7.9   2.3  -7.2   506   506   506   506   506   506   506   506   506   506   506   506 
2009 -11.7  -9.0  -1.8   5.7  14.7  23.3  24.0  18.6  16.1   7.7  -0.5  -8.8   506   506   506   506   506   506   506   506   506   506   506   506 
2010 -16.1 -12.0  -5.4   7.0  18.0  24.5  28.0  26.3  16.5   4.3   3.6  -3.0   506   506   506   506   506   506   506   506   506   506   506   506 
2011 -10.8 -16.3  -7.0   5.5  16.4  19.2  26.5  21.6  14.1   6.9  -4.4  -7.1   506   506   506   506   506   506   506   506   506   506   506   506 
2012 -10.5 -16.1  -6.2  13.2  18.6  23.0  23.8  23.2  14.9   9.2   1.2  -7.8   506   506   506   506   506   506   506   506   506   506   506   506 
2013  -9.9  -8.5  -3.9   9.0  19.0  21.5  22.3  21.8  13.2   6.0   2.8  -4.6   506   506   506   506   506   506   506   506   506   506   506   506 
2014 -10.2 -12.4  -2.4   6.0  18.9  19.5  21.8  23.7  14.5   4.9  -3.7  -6.7   506   506   506   506   506   506   506   506   506   506   506   506 
2015 -11.0  -7.8  -3.2   7.3  17.2  24.7  22.0  20.2  18.0   4.1   1.0  -2.1   506   506   506   506   506   506   506   506   506   506   506   506 
2016 -10.7  -2.9   0.7  10.1  15.9  20.5  23.4  25.3  12.6   5.2  -3.5 -10.7   506   506   506   506   506   506   506   506   506   900   900   900 
2017  -9.5  -8.5  -2.0   7.4  14.0  17.4  22.4  23.3  15.8   6.2   0.4  -5.4   900   900   900   900   900   900   900   900   900   900   900   900 
2018 -10.8 -12.1  -9.5   6.4  17.5  19.9  25.1  21.7  17.3   8.5  -3.6  -8.5   900   900   900   900   900   900   900   900   900   900   900   900 
2019 -11.2  -8.3  -1.8   8.9  17.8  22.5  21.4  19.3  12.8   9.5  -2.1  -4.3   900   900   900   900   900   900   900   900   900   900   900   900 
2020  -3.0  -3.6   3.7   6.7  15.2  20.4  25.3  19.7  14.8   8.5  -1.8 -12.7   900   900   900   900   900   900   900   900   900   900   900   900 
