Number= 010740
Name= MEHAMN LUFTHAVN
Country= NORWAY
Lat=   71.0
Long=  -27.8
Height= 13
Start year= 2003
End year= 2017
First Good year= 2003
Source ID= 73
Source file= Jones
Jones data to= 2017
Normals source start year= 2003
Normals source end year= 1990
Normals= -99.0 -99.0 -99.0 -99.0 -99.0 -99.0 -99.0 -99.0 -99.0 -99.0 -99.0 -99.0 
Standard deviations source= Data
Standard deviations source start year= 2003
Standard deviations source end year= 1990
Obs:
2003 -99.0 -99.0 -99.0 -99.0 -99.0 -99.0 -99.0   9.0   4.7   2.1   2.5  -2.5   -99   -99   -99   -99   -99   -99   -99   506   506   506   506   506 
2004  -2.9  -4.1  -0.3   2.7   5.2   8.4  16.5  12.7   9.1   3.8  -0.6  -1.5   506   506   506   506   506   506   506   506   506   506   506   506 
2005  -4.3  -3.2  -3.1   1.3   3.9   9.8  12.4  12.2   8.2   5.5   1.7  -2.8   506   506   506   506   506   506   506   506   506   506   506   506 
2006  -2.4  -4.9  -4.1   1.5   4.9   8.9  10.1  11.0   6.8   0.9  -1.4  -0.4   506   506   506   506   506   506   506   506   506   506   506   506 
2007  -4.1  -7.4   0.3   0.0   3.8   8.3  10.7  10.8   7.0   5.4  -1.8   0.0   506   506   506   506   506   506   506   506   506   506   506   506 
2008  -2.1  -3.8  -4.6  -2.6   2.3   6.5   9.8   8.2   6.6   2.6  -1.7  -0.4   506   506   506   506   506   506   506   506   506   506   506   506 
2009  -3.7  -5.8  -2.9  -0.1   5.5   6.6  10.0  10.4   7.8   1.9  -0.1  -4.1   506   506   506   506   506   506   506   506   506   506   506   506 
2010  -5.1  -7.6  -4.8   0.9   4.8   7.0  11.3   8.7   7.3   3.5  -2.6  -4.3   506   506   506   506   506   506   506   506   506   506   506   506 
2011  -5.7  -7.6  -2.3   2.5   4.1   8.1  11.1 -99.0 -99.0   5.1   2.0  -0.6   506   506   506   506   506   506   506   -99   -99   506   506   506 
2012  -5.4  -4.4  -1.3  -0.4   4.5   7.1  10.3   9.2   7.9   3.6  -0.1  -4.3   506   506   506   506   506   506   506   506   506   506   506   506 
2013  -1.9  -3.4  -6.2  -0.3   6.4  11.3  12.1  12.6   9.6   3.3  -1.3  -1.4   506   506   506   506   506   506   506   506   506   506   506   506 
2014  -4.7  -1.8  -1.4  -0.1   2.7   6.9  11.9  10.5   7.4   1.9   0.9  -2.5   506   506   506   506   506   506   506   506   506   506   506   506 
2015  -5.4  -3.5  -0.1   1.6   4.7   7.3   8.5  11.8   8.4   3.4  -0.1  -1.6   506   506   506   506   506   506   506   506   506   506   506   506 
2016  -5.8  -2.8  -1.5   1.3   7.3   8.2  12.9  10.6   8.9   4.9  -1.1  -0.8   506   506   506   506   506   506   506   506   506   506   506   506 
2017  -2.3  -2.0  -2.2 -99.0 -99.0 -99.0 -99.0 -99.0 -99.0 -99.0 -99.0 -99.0   506   506   506   -99   -99   -99   -99   -99   -99   -99   -99   -99 
