Number= 014870
Name= DONSKI
Country= NORWAY
Lat=   59.9
Long=  -10.5
Height= 59
Start year= 1970
End year= 2003
First Good year= 1970
Source ID= 56
Source file= Jones
Jones data to= 2003
Normals source= Data
Normals source start year= 1970
Normals source end year= 1990
Normals=  -4.7  -4.7  -0.6   4.3  11.2  15.2  16.8  15.1  10.1   5.6   0.0  -3.6 
Standard deviations source= Data
Standard deviations source start year= 1970
Standard deviations source end year= 1990
Standard deviations=   3.7   3.8   2.1   1.2   1.0   1.5   1.1   1.2   1.1   1.2   1.8   2.6 
Obs:
1970 -99.0 -12.8  -1.9   2.7  11.8  18.5  14.7  16.0  10.1   5.6  -1.8  -2.7   -99   506   506   506   506   506   506   506   506   506   506   506 
1971  -3.5  -1.6  -2.6   4.4  11.5  14.6  17.2  14.9  10.3   6.0  -2.3  -1.2   506   506   506   506   506   506   506   506   506   506   506   506 
1972  -6.8  -3.7  -0.9   4.4  11.2  14.4  18.2  14.4   9.1   5.6   0.1   0.4   506   506   506   506   506   506   506   506   506   506   506   506 
1973  -1.2  -1.7   2.1   4.0  10.5  15.9  18.7  14.4   9.4   2.4  -2.1  -4.1   506   506   506   506   506   506   506   506   506   506   506   506 
1974  -1.3  -0.5   0.5   7.3  11.4  14.9  15.2  14.8  10.7   4.8   0.8  -2.5   506   506   506   506   506   506   506   506   506   506   506   506 
1975  -1.0  -6.1  -0.3   3.7  11.3  14.6  18.2  18.1  11.3   6.4   1.9  -0.7   506   506   506   506   506   506   506   506   506   506   506   506 
1976  -5.9  -3.3  -2.0   5.0  11.7  15.9  18.4  17.4   8.9   4.6  -0.1  -5.1   506   506   506   506   506   506   506   506   506   506   506   506 
1977  -5.4  -6.5  -0.2   2.2  11.2  15.0  16.4  15.2   9.6   6.8   1.3  -3.3   506   506   506   506   506   506   506   506   506   506   506   506 
1978  -3.9  -7.7  -1.8   3.5  11.4  16.0  15.1  14.7   8.7   5.5   2.8  -8.7   506   506   506   506   506   506   506   506   506   506   506   506 
1979  -8.8  -8.1  -0.9   3.8   8.3  15.6  15.4  13.6  10.1   4.1  -1.2  -4.8   506   506   506   506   506   506   506   506   506   506   506   506 
1980  -7.9  -8.7  -2.8   5.2  11.9  15.9  17.0  15.1  11.4   4.0  -3.1  -3.1   506   506   506   506   506   506   506   506   506   506   506   506 
1981  -5.5  -4.9  -2.5   4.4  11.9  13.0  16.3  15.2  11.6   4.8  -0.2  -9.3   506   506   506   506   506   506   506   506   506   506   506   506 
1982  -9.1  -4.3   1.2   5.0  10.0  14.0  17.9  15.9  11.7   5.8   1.2  -3.0   506   506   506   506   506   506   506   506   506   506   506   506 
1983  -0.3  -4.8   1.2   5.1  10.4  14.3  17.9  16.1  10.9   6.5   0.2  -2.1   506   506   506   506   506   506   506   506   506   506   506   506 
1984  -5.9  -3.5  -1.7   5.5  12.4  14.8  16.2  16.2   9.8   7.4   2.4   0.0   506   506   506   506   506   506   506   506   506   506   506   506 
1985  -8.9 -10.2  -0.7   2.7  11.6  14.4  16.2  14.5   8.4   6.9  -1.6  -8.3   506   506   506   506   506   506   506   506   506   506   506   506 
1986  -7.7  -8.1  -0.1   2.8  10.8  16.6  16.6  13.0   8.2   5.9   3.2  -2.3   506   506   506   506   506   506   506   506   506   506   506   506 
1987 -12.1  -5.4  -4.7   4.7   9.5  12.2  16.6  13.1   9.1   7.3   0.1  -3.6   506   506   506   506   506   506   506   506   506   506   506   506 
1988   0.2  -1.7  -1.6   3.2  11.9  18.7  16.2  15.0  11.7   4.7  -2.3  -4.5   506   506   506   506   506   506   506   506   506   506   506   506 
1989   1.0   2.1   3.2   5.2  11.0  15.3  17.0  13.9  10.9   6.0   1.8  -4.0   506   506   506   506   506   506   506   506   506   506   506   506 
1990   0.0   3.0   4.3   6.4  12.6  15.5  16.8  16.0  10.1   5.9  -0.3  -1.9   506   506   506   506   506   506   506   506   506   506   506   506 
1991  -4.5  -4.7   1.6   5.4  10.9  12.0  18.6  16.8  10.9   5.8   1.3  -1.0   506   506   506   506   506   506   506   506   506   506   506   506 
1992  -2.1  -0.9   2.7   4.4  13.4  18.1  16.6  14.0  10.5   2.9   0.4  -2.0   506   506   506   506   506   506   506   506   506   506   506   506 
1993  -0.6  -1.5   0.6   6.2  13.1  13.9  15.0  13.0   8.4   3.8  -0.5  -4.2   506   506   506   506   506   506   506   506   506   506   506   506 
1994  -5.0  -8.4  -0.3   5.8  10.9  14.0  20.4  15.8   9.7   4.6   0.9  -0.9   506   506   506   506   506   506   506   506   506   506   506   506 
1995  -4.1  -1.5   0.7   3.8   9.9  15.2  16.5  17.2  10.5   8.3  -0.9  -7.5   506   506   506   506   506   506   506   506   506   506   506   506 
1996  -5.0  -7.1  -1.3   4.5   8.6  14.4  15.8  17.6   9.6   7.1  -0.4  -5.2   506   506   506   506   506   506   506   506   506   506   506   506 
1997  -5.5  -1.1   1.8   5.0   9.4  16.1  19.2  19.9  11.7   4.0   1.3  -1.2   506   506   506   506   506   506   506   506   506   506   506   506 
1998  -1.6   0.7   0.3   4.0  11.5  13.3  15.4  14.2  11.8   5.0  -1.1  -1.5   506   506   506   506   506   506   506   506   506   506   506   506 
1999  -3.2  -3.6   0.1   6.0   9.6  14.1  17.3  15.5  13.5   6.1   3.5  -3.2   506   506   506   506   506   506   506   506   506   506   506   506 
2000  -1.4  -1.7   1.5   5.9  12.3  13.6  16.3  15.1  10.4   9.2   5.6   0.7   506   506   506   506   506   506   506   506   506   506   506   506 
2001  -3.4  -6.6  -2.4   4.1  11.9  14.6  17.7  15.4  11.3   8.3   1.5  -3.6   506   506   506   506   506   506   506   506   506   506   506   506 
2002  -4.2  -0.1   1.6   6.7  12.7  16.3  17.1  19.4  12.3   3.3  -1.5  -6.3   506   506   506   506   506   506   506   506   506   506   506   506 
2003  -5.0  -3.3   0.7   5.6  10.1  15.9  18.6  17.0 -99.0 -99.0 -99.0 -99.0   506   506   506   506   506   506   506   506   -99   -99   -99   -99 
