Number= 700260
Name= BARROW
Country= ALASKA
Lat=   71.3
Long=  156.8
Height= 4
Start year= 1901
End year= 2020
First Good year= 1901
Source ID= 10
Source file= Jones
Jones data to= 2015
Normals source= Data
Normals source start year= 1961
Normals source end year= 1990
Normals= -25.1 -27.6 -26.1 -18.9  -7.0   1.1   4.1   3.3  -0.8 -10.2 -18.8 -23.9 
Standard deviations source= Data
Standard deviations source start year= 1941
Standard deviations source end year= 1990
Standard deviations=   3.5   4.2   2.5   2.6   1.5   1.0   1.2   2.1   1.9   3.0   3.8   3.1 
Obs:
1901 -99.0 -99.0 -99.0 -99.0 -99.0 -99.0 -99.0 -99.0   0.4  -8.9 -21.2 -24.2   -99   -99   -99   -99   -99   -99   -99   -99   506   506   506   506 
1902 -30.1 -21.4 -29.7 -18.7  -5.7   4.6   4.3   3.4  -0.1  -3.6 -16.6 -25.5   506   506   506   506   506   506   506   506   506   506   506   506 
1903 -29.4 -25.9 -21.8 -19.3  -7.7   2.3   3.4   3.6  -1.2 -14.2 -21.7 -22.4   506   506   506   506   506   506   506   506   506   506   506   506 
1904 -31.2 -25.4 -18.5 -16.9 -99.0 -99.0 -99.0 -99.0 -99.0 -99.0 -99.0 -99.0   506   506   506   506   -99   -99   -99   -99   -99   -99   -99   -99 
1905 -99.0 -99.0 -99.0 -99.0 -99.0 -99.0 -99.0 -99.0 -99.0 -99.0 -99.0 -99.0   -99   -99   -99   -99   -99   -99   -99   -99   -99   -99   -99   -99 
1906 -99.0 -99.0 -99.0 -99.0 -99.0 -99.0 -99.0 -99.0 -99.0 -99.0 -99.0 -99.0   -99   -99   -99   -99   -99   -99   -99   -99   -99   -99   -99   -99 
1907 -99.0 -99.0 -99.0 -99.0 -99.0 -99.0 -99.0 -99.0 -99.0 -99.0 -99.0 -99.0   -99   -99   -99   -99   -99   -99   -99   -99   -99   -99   -99   -99 
1908 -99.0 -99.0 -99.0 -99.0 -99.0 -99.0 -99.0 -99.0 -99.0 -99.0 -99.0 -99.0   -99   -99   -99   -99   -99   -99   -99   -99   -99   -99   -99   -99 
1909 -99.0 -99.0 -99.0 -99.0 -99.0 -99.0 -99.0 -99.0 -99.0 -99.0 -99.0 -99.0   -99   -99   -99   -99   -99   -99   -99   -99   -99   -99   -99   -99 
1910 -99.0 -99.0 -99.0 -99.0 -99.0 -99.0 -99.0 -99.0 -99.0  -8.6 -12.3 -25.2   -99   -99   -99   -99   -99   -99   -99   -99   -99   506   506   506 
1911 -30.5 -25.7 -30.1 -99.0 -99.0   3.2   7.5 -99.0 -99.0 -99.0 -99.0 -99.0   506   506   506   -99   -99   506   506   -99   -99   -99   -99   -99 
1912 -99.0 -99.0 -99.0 -99.0 -99.0 -99.0 -99.0 -99.0 -99.0 -99.0 -99.0 -99.0   -99   -99   -99   -99   -99   -99   -99   -99   -99   -99   -99   -99 
1913 -99.0 -99.0 -99.0 -99.0 -99.0 -99.0 -99.0 -99.0 -99.0 -99.0 -99.0 -99.0   -99   -99   -99   -99   -99   -99   -99   -99   -99   -99   -99   -99 
1914 -99.0 -99.0 -99.0 -99.0 -99.0 -99.0 -99.0 -99.0 -99.0 -99.0 -99.0 -99.0   -99   -99   -99   -99   -99   -99   -99   -99   -99   -99   -99   -99 
1915 -99.0 -99.0 -99.0 -99.0 -99.0 -99.0 -99.0 -99.0 -99.0 -99.0 -99.0 -28.9   -99   -99   -99   -99   -99   -99   -99   -99   -99   -99   -99   506 
1916 -22.6 -25.7 -28.5 -17.4  -4.2 -99.0 -99.0   2.1  -0.9  -7.1 -99.0 -29.3   506   506   506   506   506   -99   -99   506   506   506   -99   506 
1917 -31.8 -99.0 -99.0 -99.0 -99.0 -99.0 -99.0 -99.0 -99.0 -99.0 -99.0 -99.0   506   -99   -99   -99   -99   -99   -99   -99   -99   -99   -99   -99 
1918 -99.0 -99.0 -99.0 -99.0 -99.0 -99.0 -99.0 -99.0  -0.6 -99.0 -99.0 -99.0   -99   -99   -99   -99   -99   -99   -99   -99   506   -99   -99   -99 
1919 -99.0 -31.5 -99.0 -99.0 -99.0 -99.0 -99.0 -99.0 -99.0 -99.0 -99.0 -99.0   -99   506   -99   -99   -99   -99   -99   -99   -99   -99   -99   -99 
1920 -99.0 -99.0 -99.0 -99.0 -99.0 -99.0 -99.0 -99.0 -99.0 -10.1 -18.5 -24.7   -99   -99   -99   -99   -99   -99   -99   -99   -99   506   506   506 
1921 -27.6 -28.5 -25.7 -19.0  -7.1   0.1   5.7   4.4  -0.8  -8.9 -14.3 -22.7   506   506   506   506   506   506   506   506   506   506   506   506 
1922 -21.8 -25.8 -26.2 -17.5 -11.2  -0.1   1.8   2.7  -3.7 -12.1 -20.1 -20.9   506   506   506   506   506   506   506   506   506   506   506   506 
1923 -31.1 -25.6 -29.3 -18.5  -5.7   1.2   5.1   6.4  -2.0  -6.2 -15.8 -29.7   506   506   506   506   506   506   506   506   506   506   506   506 
1924 -29.2 -32.6 -22.1 -26.6  -9.8  -0.6   2.7   1.9  -4.5 -15.6 -19.1 -23.1   506   506   506   506   506   506   506   506   506   506   506   506 
1925 -33.9 -35.5 -28.1 -17.9  -7.1   2.6   5.7   5.7   1.0  -5.0 -20.7 -26.2   506   506   506   506   506   506   506   506   506   506   506   506 
1926 -25.5 -29.1 -27.5 -15.5  -8.1   2.6   4.8   4.4   2.0  -4.9 -12.5 -25.6   506   506   506   506   506   506   506   506   506   506   506   506 
1927 -26.8 -29.8 -27.9 -20.8  -4.2   2.5   7.4   2.9  -1.8 -11.6 -17.7 -24.5   506   506   506   506   506   506   506   506   506   506   506   506 
1928 -21.2 -22.2 -29.5 -15.6  -7.0   3.5   6.1   3.4  -0.9  -7.6 -13.5 -24.5   506   506   506   506   506   506   506   506   506   506   506   506 
1929 -24.2 -25.2 -28.4 -15.2  -6.8   0.6   2.3   4.3   2.0  -6.1 -17.8 -22.0   506   506   506   506   506   506   506   506   506   506   506   506 
1930 -14.6 -30.6 -29.1 -18.9  -5.9   3.2   6.4   3.7   0.4  -8.3 -20.7 -23.4   506   506   506   506   506   506   506   506   506   506   506   506 
1931 -28.1 -30.5 -23.7 -15.1  -7.0   1.6   3.3   2.6  -3.3 -13.6 -17.7 -24.0   506   506   506   506   506   506   506   506   506   506   506   506 
1932 -29.8 -30.3 -22.6 -16.0  -5.5   2.1   4.7   0.8  -0.8  -7.9 -20.5 -19.3   506   506   506   506   506   506   506   506   506   506   506   506 
1933 -30.6 -28.1 -25.1 -17.0  -7.6  -0.6   3.9   2.9  -2.8 -11.5 -22.1 -25.7   506   506   506   506   506   506   506   506   506   506   506   506 
1934 -32.6 -23.5 -27.2 -19.9  -8.1   0.8   3.8   2.4  -0.2  -6.6 -17.0 -19.3   506   506   506   506   506   506   506   506   506   506   506   506 
1935 -23.1 -24.1 -22.7 -16.3 -10.1  -0.1   3.9   3.1  -0.8  -6.8 -21.8 -26.1   506   506   506   506   506   506   506   506   506   506   506   506 
1936 -26.3 -32.7 -27.3 -16.2 -10.0   3.0   4.2   6.2  -2.0 -12.2 -18.2 -24.1   506   506   506   506   506   506   506   506   506   506   506   506 
1937 -20.2 -25.6 -26.0 -19.5  -5.8   2.6   3.8   2.8   0.7  -6.0 -12.7 -20.4   506   506   506   506   506   506   506   506   506   506   506   506 
1938 -27.9 -29.1 -27.7 -19.8  -6.4   2.3   5.8   4.7  -0.6  -3.7 -12.6 -23.6   506   506   506   506   506   506   506   506   506   506   506   506 
1939 -28.5 -28.5 -26.2 -11.6  -7.8   0.8   3.0   3.6   0.6  -6.8 -22.1 -17.9   506   506   506   506   506   506   506   506   506   506   506   506 
1940 -22.8 -28.2 -23.5 -14.1  -4.7  -0.6   5.8   4.2   2.0  -4.7 -12.3 -20.8   506   506   506   506   506   506   506   506   506   506   506   506 
1941 -25.6 -23.6 -28.0 -18.6  -6.1   0.7   1.4   3.8  -0.1 -10.8 -19.5 -20.3   506   506   506   506   506   506   506   506   506   506   506   506 
1942 -19.8 -23.0 -28.5 -16.4  -7.1   1.2   5.7   3.6   0.2  -7.9 -19.2 -24.7   506   506   506   506   506   506   506   506   506   506   506   506 
1943 -30.6 -26.0 -25.0 -17.8  -3.1   2.4   3.4   3.1  -0.8  -6.8 -14.1 -22.5   506   506   506   506   506   506   506   506   506   506   506   506 
1944 -26.0 -23.1 -24.1 -17.5  -7.0   2.3   4.0   2.1  -1.1  -6.3 -20.3 -23.7   506   506   506   506   506   506   506   506   506   506   506   506 
1945 -26.0 -29.1 -28.1 -15.5  -8.3  -0.8   2.9   0.6  -1.7  -9.3 -22.8 -23.7   506   506   506   506   506   506   506   506   506   506   506   506 
1946 -26.7 -26.4 -25.2 -23.3  -6.6   1.1   4.1   3.8  -2.6  -7.7 -14.8 -28.2   506   506   506   506   506   506   506   506   506   506   506   506 
1947 -29.0 -27.7 -25.6 -17.0  -8.2  -1.2   4.3   3.0  -0.1  -8.7 -15.1 -21.3   506   506   506   506   506   506   506   506   506   506   506   506 
1948 -27.6 -23.9 -26.2 -16.3  -9.5  -1.1   4.7   2.2  -4.0 -11.8 -20.6 -29.1   506   506   506   506   506   506   506   506   506   506   506   506 
1949 -25.0 -28.6 -20.8 -23.0  -8.6  -0.7   3.4   5.4   1.2  -4.4 -14.2 -23.2   506   506   506   506   506   506   506   506   506   506   506   506 
1950 -19.5 -30.9 -24.2 -16.4  -6.5   0.9   4.1   4.1   0.1  -5.9  -9.2 -23.2   506   506   506   506   506   506   506   506   506   506   506   506 
1951 -33.1 -29.8 -26.5 -15.8  -7.2   1.1   6.7   6.6   0.3  -5.1 -11.4 -21.9   506   506   506   506   506   506   506   506   506   506   506   506 
1952 -26.3 -29.8 -26.6 -20.5  -9.2  -0.2   4.9   3.7  -1.6  -8.2 -14.8 -23.5   506   506   506   506   506   506   506   506   506   506   506   506 
1953 -27.0 -29.2 -26.7 -16.3  -6.5   1.4   3.3   1.3  -0.6 -12.8 -18.3 -27.1   506   506   506   506   506   506   506   506   506   506   506   506 
1954 -27.1 -30.7 -23.3 -16.2  -8.6   1.1   4.1   8.1   2.1  -6.1 -17.4 -26.3   506   506   506   506   506   506   506   506   506   506   506   506 
1955 -25.5 -32.3 -28.0 -18.7  -8.8   0.2   3.6   0.1  -2.5 -13.3 -24.3 -27.4   506   506   506   506   506   506   506   506   506   506   506   506 
1956 -27.3 -33.0 -25.9 -17.2  -6.3  -0.7   3.8  -0.2   0.1 -12.2 -23.6 -23.0   506   506   506   506   506   506   506   506   506   506   506   506 
1957 -20.1 -31.6 -26.6 -13.8  -6.9   0.8   4.1   5.6  -1.6  -7.1 -20.4 -29.3   506   506   506   506   506   506   506   506   506   506   506   506 
1958 -27.0 -27.0 -24.3 -17.7  -8.0   1.2   3.5   5.9   1.9  -6.9 -16.2 -22.5   506   506   506   506   506   506   506   506   506   506   506   506 
1959 -27.3 -22.4 -32.5 -19.1  -6.8   1.1   2.5   2.8  -0.9  -8.5 -20.9 -30.6   506   506   506   506   506   506   506   506   506   506   506   506 
1960 -31.5 -22.3 -22.9 -20.2  -6.2   0.8   3.1   1.2  -4.0 -11.2 -23.0 -22.1   506   506   506   506   506   506   506   506   506   506   506   506 
1961 -23.8 -32.6 -29.2 -21.8  -5.7   1.4   3.4   1.9   1.0  -8.9 -16.7 -26.6   506   506   506   506   506   506   506   506   506   506   506   506 
1962 -19.0 -21.0 -25.2 -18.7  -8.5   1.4   4.7   5.8  -1.0  -8.1 -16.0 -22.6   506   506   506   506   506   506   506   506   506   506   506   506 
1963 -22.7 -27.0 -28.6 -15.0  -3.5   1.0   2.7   2.5  -1.2 -11.2 -20.6 -19.9   506   506   506   506   506   506   506   506   506   506   506   506 
1964 -28.9 -33.6 -30.6 -23.6  -7.8   0.0   3.4   1.6  -2.7 -10.5 -18.5 -30.2   506   506   506   506   506   506   506   506   506   506   506   506 
1965 -29.3 -32.3 -22.5 -16.5  -8.3  -0.6   3.5   3.4  -1.4 -12.5 -10.6 -24.6   506   506   506   506   506   506   506   506   506   506   506   506 
1966 -26.4 -30.1 -30.4 -20.5  -8.7   1.7   3.0   1.6  -0.5  -7.4 -14.1 -24.5   506   506   506   506   506   506   506   506   506   506   506   506 
1967 -24.3 -26.7 -22.5 -14.3  -5.4   0.8   3.1   2.3  -3.6 -10.6 -18.8 -22.5   506   506   506   506   506   506   506   506   506   506   506   506 
1968 -23.0 -31.7 -24.2 -20.7  -5.6   0.6   5.7   5.3   0.4  -8.2 -19.7 -24.8   506   506   506   506   506   506   506   506   506   506   506   506 
1969 -24.7 -28.4 -24.1 -16.6  -6.3   0.8   1.5   0.0  -1.1  -8.8 -23.1 -22.0   506   506   506   506   506   506   506   506   506   506   506   506 
1970 -24.6 -27.1 -27.9 -19.3  -7.1   0.5   3.2   1.7  -3.4 -17.4 -20.0 -23.3   506   506   506   506   506   506   506   506   506   506   506   506 
1971 -28.5 -32.2 -27.8 -20.2  -8.0   1.7   4.7   0.8  -0.1  -9.8 -18.0 -24.0   506   506   506   506   506   506   506   506   506   506   506   506 
1972 -26.7 -28.3 -28.6 -20.1  -7.6   0.3   6.1   4.8  -0.3  -6.0 -16.9 -19.3   506   506   506   506   506   506   506   506   506   506   506   506 
1973 -25.2 -25.0 -29.2 -19.2  -7.1   0.7   4.3   4.3   1.1  -6.9 -13.3 -20.7   506   506   506   506   506   506   506   506   506   506   506   506 
1974 -23.6 -33.4 -28.8 -22.1  -7.6  -1.0   3.9   5.7   0.5 -14.2 -21.9 -32.5   506   506   506   506   506   506   506   506   506   506   506   506 
1975 -32.3 -25.2 -21.7 -20.2  -7.1   0.9   3.0   1.5  -4.4 -14.8 -24.0 -29.8   506   506   506   506   506   506   506   506   506   506   506   506 
1976 -28.2 -30.4 -26.2 -18.8  -8.1   0.8   3.6   3.1   0.1 -10.1 -16.3 -26.8   506   506   506   506   506   506   506   506   506   506   506   506 
1977 -22.1 -26.8 -30.0 -21.2  -7.1   1.2   3.8   6.9   2.1  -6.5 -20.4 -21.9   506   506   506   506   506   506   506   506   506   506   506   506 
1978 -21.0 -25.6 -23.5 -16.8  -8.6   0.6   4.3   2.6   0.8 -13.7 -14.7 -25.4   506   506   506   506   506   506   506   506   506   506   506   506 
1979 -19.1 -28.8 -26.9 -18.2  -6.7   0.2   6.1   7.8   2.5  -7.1 -12.4 -24.3   506   506   506   506   506   506   506   506   506   506   506   506 
1980 -25.4 -23.4 -24.1 -19.8  -8.2   2.8   2.1   1.1  -3.7  -9.6 -20.5 -26.3   506   506   506   506   506   506   506   506   506   506   506   506 
1981 -18.3 -26.5 -23.8 -17.2  -4.7   1.4   4.3   0.9  -3.6  -9.9 -18.1 -22.3   506   506   506   506   506   506   506   506   506   506   506   506 
1982 -23.9 -21.4 -24.7 -18.3  -8.6   1.1   3.3   2.6  -1.3 -13.9 -23.4 -22.9   506   506   506   506   506   506   506   506   506   506   506   506 
1983 -28.4 -26.3 -25.2 -16.3  -8.4   1.4   3.4   1.3  -4.5 -13.9 -17.1 -17.4   506   506   506   506   506   506   506   506   506   506   506   506 
1984 -26.3 -36.1 -26.9 -23.7  -8.6   3.3   5.0   3.6   1.2  -8.2 -22.3 -25.3   506   506   506   506   506   506   506   506   506   506   506   506 
1985 -21.8 -27.3 -24.9 -21.4  -5.2   2.1   3.9   3.7  -1.7 -12.0 -16.3 -21.6   506   506   506   506   506   506   506   506   506   506   506   506 
1986 -26.1 -22.7 -27.6 -22.1  -6.6   1.4   5.6   4.2   2.7  -8.7 -17.6 -21.3   506   506   506   506   506   506   506   506   506   506   506   506 
1987 -25.0 -28.9 -24.3 -20.4  -6.6   1.2   3.8   3.8  -2.1  -5.1 -20.8 -22.7   506   506   506   506   506   506   506   506   506   506   506   506 
1988 -23.6 -25.8 -24.8 -17.0  -6.8   0.9   3.8   2.1  -2.1 -16.7 -25.3 -22.9   506   506   506   506   506   506   506   506   506   506   506   506 
1989 -31.1 -12.6 -24.4 -14.4  -8.1   2.5   7.5   8.2   1.9  -7.8 -24.8 -23.1   506   506   506   506   506   506   506   506   506   506   506   506 
1990 -30.6 -30.7 -24.1 -13.6  -3.1   3.2   5.7   2.9  -0.3  -8.4 -21.6 -26.5   506   506   506   506   506   506   506   506   506   506   506   506 
1991 -25.2 -27.9 -27.6 -15.9  -2.2   2.7   3.3   2.3  -1.2  -7.7 -21.3 -25.9   506   506   506   506   506   506   506   506   506   506   506   506 
1992 -28.1 -29.1 -22.9 -17.3  -6.3   2.2   4.3   3.9  -3.9 -10.8 -18.4 -22.6   506   506   506   506   506   506   506   506   506   506   506   506 
1993 -24.8 -23.9 -24.7 -14.2  -5.0   2.4   7.3   2.7   0.2  -4.9 -14.9 -22.2   506   506   506   506   506   506   506   506   506   506   506   506 
1994 -22.7 -22.7 -27.9 -17.8  -7.4   0.3   5.3   6.5  -2.5 -13.1 -22.5 -26.7   506   506   506   506   506   506   506   506   506   506   506   506 
1995 -24.4 -26.8 -27.1 -13.4  -3.1   2.6   4.6   2.5   1.9  -7.5 -15.6 -24.4   506   506   506   506   506   506   506   506   506   506   506   506 
1996 -21.7 -27.8 -20.6 -17.8  -3.4   3.5   6.1   2.2  -2.3 -14.7 -12.6 -20.2   506   506   506   506   506   506   506   506   506   506   506   506 
1997 -27.1 -25.7 -25.1 -15.1  -6.3   1.3   5.1   5.7   1.7  -6.9 -11.6 -24.3   506   506   506   506   506   506   506   506   506   506   506   506 
1998 -26.0 -25.9 -19.3 -11.1  -4.5   3.4   7.0   6.0   3.3  -3.8  -9.3 -19.0   506   506   506   506   506   506   506   506   506   506   506   506 
1999 -28.3 -26.2 -26.6 -18.9  -5.0   2.0   5.9   5.8   0.9  -7.8 -18.1 -27.1   506   506   506   506   506   506   506   506   506   506   506   506 
2000 -25.5 -26.4 -24.3 -18.1  -9.7   3.0   3.9   3.7  -0.2  -8.2 -17.6 -20.7   506   506   506   506   506   506   506   506   506   506   506   506 
2001 -23.8 -19.3 -26.5 -16.8 -11.2   1.9   3.8   1.9   0.1 -12.5 -17.4 -22.4   506   506   506   506   506   506   506   506   506   506   506   506 
2002 -27.1 -27.7 -18.6 -16.6  -3.9   1.0   4.2   2.8   2.3  -4.6 -14.1 -18.8   506   506   506   506   506   506   506   506   506   506   506   506 
2003 -23.9 -26.6 -23.5 -13.1  -5.7   1.4   5.1   2.2  -0.1  -4.6 -16.1 -22.2   506   506   506   506   506   506   506   506   506   506   506   506 
2004 -22.3 -30.5 -26.2 -17.0  -4.7   4.0   6.2   7.0   0.6  -5.8 -16.6 -22.6   506   506   506   506   506   506   506   506   506   506   506   506 
2005 -22.2 -24.7 -22.0 -16.5  -5.3   1.2   4.0   6.0   0.9  -5.6 -18.5 -19.8   506   506   506   506   506   506   506   506   506   506   506   506 
2006 -24.3 -22.4 -27.7 -19.9  -4.4   3.3   4.0   2.6   2.5  -3.3 -14.4 -19.4   506   506   506   506   506   506   506   506   506   506   506   506 
2007 -26.6 -23.4 -26.0 -13.0  -8.4   2.3   6.9   7.2   3.3  -4.8 -10.1 -18.0   506   506   506   506   506   506   506   506   506   506   506   506 
2008 -26.5 -25.6 -26.6 -13.1  -5.3   3.0   4.7   3.2   1.2  -5.1 -15.5 -17.6   506   506   506   506   506   506   506   506   506   506   506   506 
2009 -24.9 -26.5 -26.3 -16.3  -3.4   1.9   6.7   5.6   1.6  -3.9 -17.4 -19.6   506   506   506   506   506   506   506   506   506   506   506   506 
2010 -27.6 -23.1 -23.2 -13.3  -6.9   1.1   5.6   6.1   3.0  -5.2 -11.7 -22.8   506   506   506   506   506   506   506   506   506   506   506   506 
2011 -23.0 -21.1 -21.2 -18.2  -5.2   1.8   5.5   5.6   2.6  -5.0 -17.8 -23.0   506   506   506   506   506   506   506   506   506   506   506   506 
2012 -29.1 -24.5 -29.7 -15.1  -5.7   2.9   6.6   7.4   1.5  -2.5 -14.4 -23.0   506   506   506   506   506   506   506   506   506   506   506   506 
2013 -22.6 -27.9 -21.9 -17.3  -5.1   3.9   6.9   4.2  -0.4  -4.0 -13.5 -19.1   506   506   506   506   506   506   506   506   506   506   506   506 
2014 -21.3 -21.5 -20.3 -15.6  -3.1   1.0   3.3   3.2   0.8  -5.8 -12.3 -21.5   506   506   506   506   506   506   506   506   506   506   506   506 
2015 -23.4 -21.3 -23.8 -14.0  -2.2   4.5   4.8   3.4  -0.5  -6.3 -16.1 -23.6   506   506   506   506   506   506   506   506   506   506   506   900 
2016 -17.8 -19.9 -21.7 -12.0  -1.8   3.2   6.5   4.3   1.4  -1.0 -10.3 -17.6   900   900   900   900   900   900   900   900   900   900   900   900 
2017 -17.9 -21.1 -21.0 -14.0  -5.1   1.5   7.8   4.6   1.7  -4.3  -9.7 -14.5   900   900   900   900   900   900   900   900   900   900   900   900 
2018 -20.1 -14.9 -18.1 -14.5  -5.6   0.9   6.2   2.8   1.7  -3.2 -13.1 -20.8   900   900   900   900   900   900   900   900   900   900   900   902 
2019 -22.6 -15.1 -14.4 -13.6  -2.3   2.8   9.1   5.9   4.9  -1.7  -8.2 -18.1   900   900   900   900   900   900   900   900   900   900   900   900 
2020 -24.9 -32.2 -20.7 -13.2  -5.2   2.7   3.5   5.5   1.9  -3.3  -9.2 -20.2   900   900   900   900   900   900   900   900   900   900   900   900 
