Number= 701740
Name= BETTLES-------------
Country= USA---------
Lat=   66.9
Long=  151.5
Height= 196
Start year= 1944
End year= 2020
First Good year= 1944
Source ID= 54
Source file= Jones
Jones data to= 2015
Normals source= Data
Normals source start year= 1961
Normals source end year= 1990
Normals= -24.8 -22.9 -16.3  -6.4   6.2  14.1  15.3  11.8   5.0  -7.3 -18.6 -22.8 
Standard deviations source= Data
Standard deviations source start year= 1944
Standard deviations source end year= 1990
Standard deviations=   6.0   5.1   4.2   2.8   2.4   1.5   1.5   2.0   1.9   2.8   4.6   5.6 
Obs:
1944 -99.0 -99.0 -99.0 -99.0   5.1  13.8 -99.0   8.9   2.0  -4.9 -15.9 -20.4   -99   -99   -99   -99   506   506   -99   506   506   506   506   506 
1945 -16.1 -19.4 -18.1  -9.7   0.7  10.6  13.8   7.7   3.4  -7.4 -24.9 -18.5   506   506   506   506   506   506   506   506   506   506   506   506 
1946 -21.1 -20.9 -23.0  -9.3   4.3  13.3  15.4   8.6   2.3  -5.0 -21.5 -33.9   506   506   506   506   506   506   506   506   506   506   506   506 
1947 -35.3 -20.3 -16.4  -8.9   4.9  12.7  14.4   8.2   2.4  -8.4 -13.6 -16.0   506   506   506   506   506   506   506   506   506   506   506   506 
1948 -20.2 -24.0 -20.4  -9.7   3.1  12.6  11.6   7.0   0.6  -8.1 -23.8 -28.4   506   506   506   506   506   506   506   506   506   506   506   506 
1949 -22.3 -25.8 -10.9 -12.3   1.5   8.6  13.9   9.9   5.8  -6.2 -10.3 -26.2   506   506   506   506   506   506   506   506   506   506   506   506 
1950 -24.7 -30.2 -11.9  -6.9   4.7  10.8  16.0  11.6   4.6  -5.7 -22.7 -19.7   506   506   506   506   506   506   506   506   506   506   506   506 
1951 -30.2 -25.7 -22.6  -6.0   6.2  11.8  12.9  10.6   4.3  -9.8 -12.8 -25.4   506   506   506   506   506   506   506   506   506   506   506   506 
1952 -27.1 -22.3 -18.9  -8.9   0.1  13.4  14.0  10.1   2.7  -5.2 -10.2 -18.2   506   506   506   506   506   506   506   506   506   506   506   506 
1953 -29.9 -20.1 -19.1  -4.3   7.7  14.5  14.1  10.2   4.2  -7.1 -16.9 -20.0   506   506   506   506   506   506   506   506   506   506   506   506 
1954 -28.2 -29.7 -14.8  -8.4   7.2  12.8  13.1  11.2   2.9  -3.8 -12.2 -32.7   506   506   506   506   506   506   506   506   506   506   506   506 
1955 -19.3 -30.5 -17.3 -11.7   4.5  10.8  15.4   9.1   3.2  -8.1 -26.7 -25.5   506   506   506   506   506   506   506   506   506   506   506   506 
1956 -29.0 -27.7 -16.9  -5.9   5.7  12.7  13.7  10.1   2.8 -11.9 -25.9 -33.7   506   506   506   506   506   506   506   506   506   506   506   506 
1957 -19.5 -24.5 -12.6  -4.4   5.2  15.0  13.6  12.2   3.8  -5.2 -13.5 -27.5   506   506   506   506   506   506   506   506   506   506   506   506 
1958 -19.9 -21.1 -13.9  -6.4   4.8  14.9  14.8  11.8   3.4 -13.1 -20.5 -21.6   506   506   506   506   506   506   506   506   506   506   506   506 
1959 -27.4 -16.4 -26.7  -9.3   4.4  14.9  10.1  11.4   4.1  -7.1 -15.9 -24.1   506   506   506   506   506   506   506   506   506   506   506   506 
1960 -23.2 -17.8 -19.8 -10.0   7.7  11.8  15.0  11.0   2.6  -6.7 -21.2 -14.1   506   506   506   506   506   506   506   506   506   506   506   506 
1961 -18.0 -24.0 -22.0  -9.7   7.2  13.0  12.8  10.1   4.8  -9.6 -22.6 -30.6   506   506   506   506   506   506   506   506   506   506   506   506 
1962 -22.5 -17.5 -18.4  -7.6   2.3  13.3  15.2  12.3   2.7  -4.8 -17.1 -22.2   506   506   506   506   506   506   506   506   506   506   506   506 
1963 -20.6 -20.2 -20.3  -6.6   6.8  11.8  14.0  10.6   5.7  -6.4 -23.6 -15.6   506   506   506   506   506   506   506   506   506   506   506   506 
1964 -28.8 -21.8 -23.7  -9.4   0.8  14.3  15.6  12.5   5.7  -2.8 -16.6 -33.7   506   506   506   506   506   506   506   506   506   506   506   506 
1965 -23.9 -27.4  -8.0  -6.4   2.0  13.3  14.5   9.7   7.0 -12.4 -14.5 -24.5   506   506   506   506   506   506   506   506   506   506   506   506 
1966 -30.9 -23.7 -21.2  -8.4   4.8  15.0  14.3  11.5   7.1  -6.3 -18.7 -27.2   506   506   506   506   506   506   506   506   506   506   506   506 
1967 -27.3 -22.7 -14.9  -4.5   4.1  14.0  13.6  11.1   7.1  -6.6 -17.7 -21.0   506   506   506   506   506   506   506   506   506   506   506   506 
1968 -27.8 -23.2 -13.7  -7.6   3.7  14.2  17.5  14.1   3.1  -8.6 -17.3 -27.5   506   506   506   506   506   506   506   506   506   506   506   506 
1969 -30.9 -23.3 -16.2  -1.4   8.2  16.2  13.7   7.5   7.4  -1.1 -20.9 -11.9   506   506   506   506   506   506   506   506   506   506   506   506 
1970 -27.6 -17.2 -12.9  -4.5   7.3  12.6  14.9  11.2   0.5 -11.9 -17.6 -25.0   506   506   506   506   506   506   506   506   506   506   506   506 
1971 -36.7 -27.2 -22.5  -7.1   5.2  16.4  14.6  11.4   4.1  -9.6 -19.9 -21.9   506   506   506   506   506   506   506   506   506   506   506   506 
1972 -31.5 -28.9 -25.0 -10.4   6.1  14.5  17.0  13.5   3.6  -5.7 -17.7 -21.0   506   506   506   506   506   506   506   506   506   506   506   506 
1973 -31.5 -22.0 -17.6  -4.8   7.6  14.7  13.8  10.3   6.0  -7.8 -22.1 -17.6   506   506   506   506   506   506   506   506   506   506   506   506 
1974 -28.6 -33.2 -17.6  -4.8   8.6  13.2  15.4  14.0   8.4  -7.9 -23.0 -28.1   506   506   506   506   506   506   506   506   506   506   506   506 
1975 -29.8 -21.2 -14.5  -7.8   7.4  14.3  16.9  12.2   3.6  -7.8 -23.4 -28.3   506   506   506   506   506   506   506   506   506   506   506   506 
1976 -25.4 -29.0 -15.4  -3.3   6.6  13.8  14.7  14.7   6.9  -7.2 -11.0 -22.9   506   506   506   506   506   506   506   506   506   506   506   506 
1977 -14.9 -15.1 -20.9  -9.7   6.3  14.6  17.6  16.0   6.0  -5.5 -22.5 -25.9   506   506   506   506   506   506   506   506   506   506   506   506 
1978 -16.6 -18.8 -14.0  -3.3   7.3  11.9  17.0  13.6   7.6  -9.1 -13.2 -20.1   506   506   506   506   506   506   506   506   506   506   506   506 
1979 -20.6 -32.6 -15.4  -5.6   8.9  13.2  14.9  14.3   6.1  -2.5  -8.4 -30.4   506   506   506   506   506   506   506   506   506   506   506   506 
1980 -25.9 -15.1 -13.2  -4.4   8.9  13.1  15.9  10.9   2.2  -4.5 -15.1 -33.0   506   506   506   506   506   506   506   506   506   506   506   506 
1981  -8.9 -18.8  -8.1  -5.6   9.2  13.1  12.2  10.7   4.3  -4.8 -16.4 -22.4   506   506   506   506   506   506   506   506   506   506   506   506 
1982 -26.1 -22.7 -14.5  -8.2   4.2  13.9  15.8  11.8   6.1 -12.5 -18.2 -19.0   506   506   506   506   506   506   506   506   506   506   506   506 
1983 -27.3 -19.1 -15.2  -2.9   6.3  14.7  16.2   9.3   1.1 -10.0 -13.1 -21.7   506   506   506   506   506   506   506   506   506   506   506   506 
1984 -26.8 -31.3 -12.8  -9.6   4.7  15.7  14.5   9.4   5.8  -6.3 -21.1 -22.3   506   506   506   506   506   506   506   506   506   506   506   506 
1985 -12.1 -25.8 -14.0 -11.9   5.1  13.5  15.7  11.9   3.7  -9.7 -21.4 -14.0   506   506   506   506   506   506   506   506   506   506   506   506 
1986 -20.8 -17.6 -19.2 -12.1   5.3  15.3  15.4   9.7   4.9  -8.3 -20.5 -14.8   506   506   506   506   506   506   506   506   506   506   506   506 
1987 -20.4 -20.6 -14.4  -6.1   7.3  14.7  16.0  11.7   2.9  -3.4 -15.7 -20.7   506   506   506   506   506   506   506   506   506   506   506   506 
1988 -20.6 -17.8 -13.1  -3.4   8.7  15.2  16.7  11.6   4.6 -12.7 -20.7 -17.6   506   506   506   506   506   506   506   506   506   506   506   506 
1989 -35.3 -14.3 -17.4  -3.1   5.4  13.6  15.0  13.3   6.2  -6.9 -23.1 -17.4   506   506   506   506   506   506   506   506   506   506   506   506 
1990 -27.0 -34.1 -11.7  -1.5  10.6  15.1  16.9  14.0   3.7  -7.7 -24.9 -25.9   506   506   506   506   506   506   506   506   506   506   506   506 
1991 -22.3 -21.3 -16.4  -2.9   9.2  16.7  15.0  10.9   7.1  -6.5 -20.9 -21.9   506   506   506   506   506   506   506   506   506   506   506   506 
1992 -20.4 -24.6 -12.4  -7.0   1.1  15.5  17.2  11.6  -1.5 -10.2 -17.9 -25.1   506   506   506   506   506   506   506   506   506   506   506   506 
1993 -24.2 -18.1 -11.9  -0.3   7.8  16.0  17.5  10.7   2.7  -4.1 -17.7 -16.8   506   506   506   506   506   506   506   506   506   506   506   506 
1994 -17.4 -22.4 -18.3  -4.4   8.8  12.8  16.8  12.2   4.1  -7.7 -24.5 -23.5   506   506   506   506   506   506   506   506   506   506   506   506 
1995 -22.2 -19.5 -19.2   1.0  10.2  13.3  15.7  11.5   8.5  -5.0 -22.8 -24.2   506   506   506   506   506   506   506   506   506   506   506   506 
1996 -28.9 -23.2 -13.7  -5.9   6.2  13.8  14.7   7.3   3.1 -17.4 -22.8 -22.8   506   506   506   506   506   506   506   506   506   506   506   506 
1997 -26.1 -14.9 -19.1  -3.3   7.3  16.2  15.8  12.5   7.7 -11.2 -13.4 -20.5   506   506   506   506   506   506   506   506   506   506   506   506 
1998 -25.1 -17.4  -9.7   1.2  10.2  13.2  16.5  10.2   5.6  -4.6 -15.6 -20.7   506   506   506   506   506   506   506   506   506   506   506   506 
1999 -28.8 -27.8 -16.7  -4.3   7.9  16.4  16.0  13.5   6.2  -8.6 -21.1 -26.9   506   506   506   506   506   506   506   506   506   506   506   506 
2000 -25.5 -14.6 -12.3  -5.7   3.1  15.3  13.6   9.3   3.2  -9.3 -13.7 -17.6   506   506   506   506   506   506   506   506   506   506   506   506 
2001 -14.9 -16.0 -17.0  -5.2   2.1  14.7  13.9  12.1   6.9  -7.7 -17.7 -22.2   506   506   506   506   506   506   506   506   506   506   506   506 
2002 -19.1 -19.8 -13.6  -9.3   6.5  12.7  14.2   9.5   6.2  -4.3  -9.1 -16.4   506   506   506   506   506   506   506   506   506   506   506   506 
2003 -21.2 -14.3 -16.8  -4.9   4.1  15.1  12.8  11.2   2.1  -1.4 -18.2 -23.2   506   506   506   506   506   506   506   506   506   506   506   506 
2004 -25.7 -19.4 -18.8  -2.2   8.1  17.5  17.2  13.9   0.7  -5.3 -16.6 -22.2   506   506   506   506   506   506   506   506   506   506   506   506 
2005 -25.3 -20.0 -11.7  -6.0   9.8  16.0  15.0  12.2   6.1  -5.4 -22.8 -15.6   506   506   506   506   506   506   506   506   506   506   506   506 
2006 -30.8 -15.9 -19.9  -8.0   7.8  12.4  13.9  10.8   8.4  -2.5 -21.9 -18.8   506   506   506   506   506   506   506   506   506   506   506   506 
2007 -19.8 -23.1 -24.7   0.6   9.0  15.9  18.0  14.1   6.8  -7.1 -10.3 -20.7   506   506   506   506   506   506   506   506   506   506   506   506 
2008 -21.5 -21.8 -14.5  -5.5   6.6  14.4  14.2  10.4   5.1 -12.3 -16.1 -22.9   506   506   506   506   506   506   506   506   506   506   506   506 
2009 -26.3 -20.7 -18.5  -6.3   7.2  14.0  16.7  10.0   6.1  -3.6 -22.8 -20.6   506   506   506   506   506   506   506   506   506   506   506   506 
2010 -28.1 -19.2 -15.7  -1.5  10.0  15.6  14.5  13.4   5.2  -4.6 -14.1 -29.7   506   506   506   506   506   506   506   506   506   506   506   506 
2011 -22.9 -23.2 -15.6  -7.4   8.1  14.2  14.5  11.3   7.0  -3.6 -22.9 -18.7   506   506   506   506   506   506   506   506   506   506   506   506 
2012 -37.5 -17.0 -20.6  -2.0   6.2  15.9  14.5  11.2   5.0  -7.4 -22.9 -26.4   506   506   506   506   506   506   506   506   506   506   506   506 
2013 -19.9 -21.0 -17.1 -11.3   2.4  16.2  15.0  11.4   3.9  -0.4 -18.8 -23.3   506   506   506   506   506   506   506   506   506   506   506   506 
2014 -15.7 -20.9 -12.9  -4.4   6.4  12.2  13.3  12.4   4.7  -5.7 -14.1 -15.5   506   506   506   506   506   506   506   506   506   506   506   506 
2015 -24.7 -17.7 -14.3  -2.4  10.9  14.2  16.0  10.7   2.6  -3.8 -13.6 -22.1   506   506   506   506   506   506   506   506   506   506   506   900 
2016 -14.9 -13.9 -11.1  -0.8   9.2  13.6  15.9  13.3   4.3  -4.9 -17.8 -21.5   900   900   900   900   900   900   900   900   900   900   900   900 
2017 -24.0 -20.1 -21.4  -2.5   8.6  15.5  18.0  10.9   7.1  -4.1 -18.0 -11.8   900   900   900   900   900   900   900   900   900   900   900   900 
2018 -22.9 -18.9 -12.8  -4.8   7.4  13.6  16.4  10.5   6.2  -1.6 -12.6 -99.0   900   900   900   900   900   900   900   900   900   900   900   -99 
2019 -22.5 -15.0  -7.6  -2.9   8.2  16.4  17.6  11.2   6.2  -4.1 -14.4 -24.9   900   900   900   900   900   900   900   900   900   900   900   900 
2020 -29.4 -26.2 -17.5  -3.7   9.4  15.2  14.4  14.1   6.2  -5.4 -17.0 -16.5   900   900   900   900   900   900   900   900   900   900   900   900 
