Number= 702911
Name= TOK
Country= UNITED STATES
Lat=   63.3
Long=  143.0
Height= 495
Start year= 1954
End year= 2015
First Good year= 1954
Source ID= 99
Source file= Jones
Jones data to= 2015
Normals source= Data
Normals source start year= 1961
Normals source end year= 1990
Normals= -27.8 -21.4 -12.2  -1.6   7.0  12.5  14.2  11.8   5.3  -5.4 -18.9 -23.9 
Standard deviations source= Data
Standard deviations source start year= 1954
Standard deviations source end year= 1990
Standard deviations=   6.4   5.2   4.0   2.2   1.5   1.4   1.7   1.5   1.2   2.2   4.3   4.8 
Obs:
1954 -99.0 -99.0 -99.0 -99.0 -99.0 -99.0 -99.0 -99.0   5.5  -1.5  -9.6 -29.8   -99   -99   -99   -99   -99   -99   -99   -99   506   506   506   506 
1955 -99.0 -99.0 -13.2  -4.7   4.3  10.4  14.7  10.1   4.9  -5.7 -26.2 -26.7   -99   -99   506   506   506   506   506   506   506   506   506   506 
1956 -32.6 -24.8 -14.6  -1.8   6.1  11.6  14.4  11.6   4.1  -8.0 -17.7 -34.4   506   506   506   506   506   506   506   506   506   506   506   506 
1957 -22.2 -20.6 -99.0  -1.8   6.6  14.1  13.3  13.9   5.1  -3.6 -10.6 -27.4   506   506   -99   506   506   506   506   506   506   506   506   506 
1958 -23.3 -21.8 -11.3   0.4 -99.0 -99.0  15.6  11.6   5.4 -10.0 -18.5 -25.7   506   506   506   506   -99   -99   506   506   506   506   506   506 
1959 -31.8 -16.7 -18.2  -2.7   7.1  14.1  12.7  11.6   6.3  -6.8 -17.0 -23.8   506   506   506   506   506   506   506   506   506   506   506   506 
1960 -22.6 -14.4 -16.2  -2.6   9.2  10.0  12.1  10.9   4.9  -3.4 -18.5 -20.0   506   506   506   506   506   506   506   506   506   506   506   506 
1961 -24.7 -22.0 -18.4  -4.7   7.1 -99.0  13.8  12.1   5.9  -6.0 -21.2 -32.8   506   506   506   506   506   -99   506   506   506   506   506   506 
1962 -24.2 -16.7 -13.9  -1.1   5.7  12.4  15.4  13.0   4.6  -1.5 -15.2 -22.7   506   506   506   506   506   506   506   506   506   506   506   506 
1963 -20.8 -15.8 -99.0 -99.0   8.8 -99.0  16.2  14.8 -99.0  -4.2 -25.5 -23.7   506   506   -99   -99   506   -99   506   506   -99   506   506   506 
1964 -29.0 -13.3 -17.4 -99.0 -99.0  11.1   7.7 -99.0 -99.0 -99.0 -15.8 -33.2   506   506   506   -99   -99   506   506   -99   -99   -99   506   506 
1965 -33.5 -29.3  -1.2  -0.9   8.4 -99.0 -99.0 -99.0 -99.0 -99.0 -99.0 -99.0   506   506   506   506   506   -99   -99   -99   -99   -99   -99   -99 
1966 -35.5 -99.0 -99.0 -99.0 -99.0 -99.0 -99.0 -99.0 -99.0 -99.0 -99.0 -99.0   506   -99   -99   -99   -99   -99   -99   -99   -99   -99   -99   -99 
1967 -99.0 -99.0 -99.0 -99.0 -99.0 -99.0 -99.0 -99.0 -99.0  -4.6 -12.9 -22.5   -99   -99   -99   -99   -99   -99   -99   -99   -99   506   506   506 
1968 -24.9 -18.5 -10.7  -2.9   7.0  11.7  15.0  11.2   4.1  -7.5 -18.0 -31.1   506   506   506   506   506   506   506   506   506   506   506   506 
1969 -37.4 -23.9 -11.2   0.7   6.5  13.7  12.5   7.5   5.9  -2.0 -19.3 -21.4   506   506   506   506   506   506   506   506   506   506   506   506 
1970 -31.2 -15.8  -5.7  -2.3   6.5  10.1  13.0  11.3   3.5  -9.2 -15.1 -27.2   506   506   506   506   506   506   506   506   506   506   506   506 
1971 -38.7 -20.4 -18.5  -3.6   4.1  12.2  14.4  11.0   5.0  -5.7 -20.8 -24.8   506   506   506   506   506   506   506   506   506   506   506   506 
1972 -33.4 -26.8 -19.1  -6.6 -99.0  12.1 -99.0  12.0   2.6  -4.4 -18.2 -23.7   506   506   506   506   -99   506   -99   506   506   506   506   506 
1973 -32.3 -24.2 -11.8   0.6 -99.0  11.6  13.8  10.6 -99.0  -6.7 -25.7 -25.4   506   506   506   506   -99   506   506   506   -99   506   506   506 
1974 -32.9 -26.0 -15.2  -2.2   6.1 -99.0  13.7  11.9   6.0  -6.6 -19.8 -99.0   506   506   506   506   506   -99   506   506   506   506   506   -99 
1975 -32.4 -25.1 -13.3  -2.9 -99.0 -99.0 -99.0 -99.0   6.5  -5.9 -23.3 -30.3   506   506   506   506   -99   -99   -99   -99   506   506   506   506 
1976 -26.2 -99.0 -13.4  -1.0   5.8 -99.0  14.8  12.9   4.8  -7.1 -14.1 -99.0   506   -99   506   506   506   -99   506   506   506   506   506   -99 
1977 -99.0 -14.9 -12.8  -1.2   6.4  12.2  14.0  14.7   6.4  -5.4 -24.7 -99.0   -99   506   506   506   506   506   506   506   506   506   506   -99 
1978 -99.0 -19.1 -99.0  -0.8   6.6 -99.0  15.2  12.5   6.6  -6.7 -18.2 -20.3   -99   506   -99   506   506   -99   506   506   506   506   506   506 
1979 -99.0 -36.8 -99.0  -0.7 -99.0 -99.0 -99.0  13.3   5.6  -2.5 -11.1 -27.2   -99   506   -99   506   -99   -99   -99   506   506   506   506   506 
1980 -99.0 -16.7  -9.8  -0.2   7.0 -99.0  14.2  10.9   3.9  -3.2 -15.3 -99.0   -99   506   506   506   506   -99   506   506   506   506   506   -99 
1981 -15.7 -99.0  -7.7  -3.8   9.9  11.0  13.4  11.4   3.8  -5.4 -15.2 -25.4   506   -99   506   506   506   506   506   506   506   506   506   506 
1982 -34.6 -22.9 -14.3  -4.1   5.0  12.0  14.7  10.7   6.7  -9.5 -19.5 -20.7   506   506   506   506   506   506   506   506   506   506   506   506 
1983 -28.3 -18.9 -13.0  -0.4   6.5  13.1  13.8  10.6   3.5  -5.4 -17.3 -26.0   506   506   506   506   506   506   506   506   506   506   506   506 
1984 -23.0 -21.7  -6.2   0.3   5.0  12.8  13.6  11.9   6.3  -6.2 -16.6 -23.5   506   506   506   506   506   506   506   506   506   506   506   506 
1985 -13.4 -24.0 -11.0  -4.8   6.7  11.1  13.7  10.8   5.3  -7.8 -23.1 -15.8   506   506   506   506   506   506   506   506   506   506   506   506 
1986 -19.9 -18.8 -13.8  -5.3   8.4  14.4  14.2   9.7   6.1  -2.7 -23.7 -14.2   506   506   506   506   506   506   506   506   506   506   506   506 
1987 -19.9 -14.5 -12.6   0.8   7.8  13.4  16.2  13.1   6.0  -2.4 -15.4 -21.4   506   506   506   506   506   506   506   506   506   506   506   506 
1988 -24.5 -18.2  -8.2   1.2   8.2  14.8  17.3  11.1   3.9 -99.0 -18.4 -19.6   506   506   506   506   506   506   506   506   506   -99   506   506 
1989 -31.7 -21.3 -15.3   2.8   7.0  12.8  16.0  12.7   8.6  -4.0 -21.0 -17.5   506   506   506   506   506   506   506   506   506   506   506   506 
1990 -99.0 -29.5 -10.1   2.3  10.7  14.1  14.9  13.1 -99.0  -6.5 -24.6 -23.9   -99   506   506   506   506   506   506   506   -99   506   506   506 
1991 -23.1 -16.4 -11.6 -99.0   8.3 -99.0 -99.0  11.4   8.3  -6.3 -19.6 -25.0   506   506   506   -99   506   -99   -99   506   506   506   506   506 
1992 -20.1 -21.6 -99.0  -3.5 -99.0  14.7 -99.0  10.3  -0.4  -8.5 -15.9 -24.1   506   506   -99   506   -99   506   -99   506   506   506   506   506 
1993 -99.0 -17.9  -8.8   2.7  11.6  15.0  16.3  12.4   6.5  -2.4 -15.9 -22.3   -99   506   506   506   506   506   506   506   506   506   506   506 
1994 -21.1 -25.7  -8.5   1.4   6.2 -99.0  15.0  17.4   5.5  -5.0 -19.5 -25.4   506   506   506   506   506   -99   506   506   506   506   506   506 
1995 -24.0 -15.7 -19.1   2.4 -99.0 -99.0  15.1  12.3 -99.0  -3.9 -22.3 -99.0   506   506   506   506   -99   -99   506   506   -99   506   506   -99 
1996 -99.0 -18.1 -10.6 -99.0 -99.0 -99.0  17.0  10.7   4.0 -11.9 -22.2 -30.0   -99   506   506   -99   -99   -99   506   506   506   506   506   506 
1997 -29.5 -14.0 -15.6  -0.7   8.1  14.0  17.2  11.9   6.5 -10.6 -13.2 -21.3   506   506   506   506   506   506   506   506   506   506   506   506 
1998 -24.8 -17.0  -9.9   2.1   8.8  13.7  15.6  11.4   5.9  -7.7 -16.3 -26.1   506   506   506   506   506   506   506   506   506   506   506   506 
1999 -28.8 -27.0 -13.3   0.1   6.0  14.3  15.3  13.5   6.1  -4.7 -20.2 -22.8   506   506   506   506   506   506   506   506   506   506   506   506 
2000 -25.9 -12.6  -7.7  -1.0   6.0  13.8  14.9   9.8   5.2  -7.8 -14.6 -21.2   506   506   506   506   506   506   506   506   506   506   506   506 
2001 -18.0 -16.7 -11.2   2.5   5.8  14.3  14.8  13.3   6.8  -5.6 -99.0 -26.6   506   506   506   506   506   506   506   506   506   506   -99   506 
2002 -18.3 -20.0 -15.2  -4.7   7.8  13.4  15.7  11.5   6.5  -0.4 -99.0 -17.4   506   506   506   506   506   506   506   506   506   506   -99   506 
2003 -20.6 -11.9 -13.0  -0.8   7.2  12.8  16.4  11.9   3.1  -3.3 -16.0 -25.7   506   506   506   506   506   506   506   506   506   506   506   506 
2004 -29.9 -16.3 -13.5   0.6  10.3  17.0  16.7  14.2   1.9  -3.8 -16.4 -21.8   506   506   506   506   506   506   506   506   506   506   506   506 
2005 -24.4 -19.9  -6.6   0.6  10.9  13.0  14.6  12.7   6.8  -3.7 -20.3 -18.8   506   506   506   506   506   506   506   506   506   506   506   506 
2006 -27.8 -18.5 -17.3  -2.2   7.3  12.9  14.7  10.7   7.1  -2.9 -27.3 -21.7   506   506   506   506   506   506   506   506   506   506   506   506 
2007 -22.7 -22.6 -21.5  -0.3   7.5  14.4  15.9  13.4   6.1  -6.4 -13.1 -24.1   506   506   506   506   506   506   506   506   506   506   506   506 
2008 -25.2 -23.5  -9.7  -0.6   6.5  12.2  12.5   9.9 -99.0  -8.9 -18.5 -27.3   506   506   506   506   506   506   506   506   -99   506   506   506 
2009 -27.6 -20.4 -15.0  -0.3   8.5  13.2  17.1  12.2   6.5  -3.2 -19.3 -99.0   506   506   506   506   506   506   506   506   506   506   506   -99 
2010 -22.1 -16.7 -11.3   1.1   9.2  12.8  14.8  13.6   5.4  -3.8 -11.6 -25.6   506   506   506   506   506   506   506   506   506   506   506   506 
2011 -24.8 -21.4 -17.1  -1.3   8.7  12.8  14.2  10.7   6.1  -4.3 -22.3 -16.9   506   506   506   506   506   506   506   506   506   506   506   506 
2012 -31.8 -15.2 -14.0   2.4   6.3  13.1  13.9  12.3   7.4  -7.2 -24.9 -31.2   506   506   506   506   506   506   506   506   506   506   506   506 
2013 -21.3 -18.4 -14.2  -9.3   5.4  15.4  15.6 -99.0   5.5   0.6 -17.1 -26.8   506   506   506   506   506   506   506   -99   506   506   506   506 
2014 -15.7 -23.6 -12.3  -1.0   8.2  11.1  14.1  11.5   5.2  -5.7 -16.0 -99.0   506   506   506   506   506   506   506   506   506   506   506   -99 
2015 -24.0 -20.6 -10.2   1.3  10.7  13.7  14.8  10.7   5.0  -1.8 -99.0 -99.0   506   506   506   506   506   506   506   506   506   506   -99   -99 
