Number= 590070
Name= GUANGNAN
Country= CHINA
Lat=   24.1
Long= -105.1
Height= 1249
Start year= 1953
End year= 2016
First Good year= 1953
Source ID= 68
Source file= Jones
Jones data to= 2016
Normals source= Data
Normals source start year= 1961
Normals source end year= 1990
Normals=   9.6  11.8  16.2  20.1  22.3  23.1  23.6  22.9  21.2  18.2  14.2  10.8 
Standard deviations source= Data
Standard deviations source start year= 1953
Standard deviations source end year= 1990
Standard deviations=   1.8   1.9   1.7   1.2   1.1   0.6   0.5   0.6   0.8   0.9   1.4   1.4 
Obs:
1953 -99.0 -99.0 -99.0 -99.0 -99.0 -99.0 -99.0  24.3  19.8  19.5  15.1  12.0   -99   -99   -99   -99   -99   -99   -99   506   506   506   506   506 
1954  12.1  13.7  12.9  21.4  23.1  23.3  24.5  22.9  21.7  17.3  15.2   9.2   506   506   506   506   506   506   506   506   506   506   506   506 
1955   7.0  13.4  17.2  17.9  22.2  23.2  23.5  22.7  22.4  17.4  11.9  10.9   506   506   506   506   506   506   506   506   506   506   506   506 
1956   7.3  13.1  17.2  20.1  21.0  23.3  22.9  22.7  20.5  17.2  13.0  10.7   506   506   506   506   506   506   506   506   506   506   506   506 
1957  12.5   8.8  16.3  20.7  21.7  21.7  23.9  23.1  21.2  17.4  16.3  12.7   506   506   506   506   506   506   506   506   506   506   506   506 
1958   9.3  10.3  19.2  22.1  23.8  23.0  23.6  22.5  20.1  17.1  13.3  11.7   506   506   506   506   506   506   506   506   506   506   506   506 
1959   8.1  12.4  15.4  20.5  20.9  23.5  23.2  23.1  20.1  18.0  15.1  11.1   506   506   506   506   506   506   506   506   506   506   506   506 
1960  11.2  12.7  18.1  19.2  22.4  23.6  22.9  23.0  21.5  17.4  15.5   9.6   506   506   506   506   506   506   506   506   506   506   506   506 
1961   9.2  10.1  15.6  20.0  21.6  23.2  24.3  22.9  21.4  19.4  15.0  11.8   506   506   506   506   506   506   506   506   506   506   506   506 
1962   6.3  12.1  15.5  19.9  22.9  22.5  24.5  23.2  21.4  18.3  13.9  11.8   506   506   506   506   506   506   506   506   506   506   506   506 
1963   7.9  10.1  15.9  21.6  25.4  22.6  23.5  23.3  23.0  17.3  16.3  11.1   506   506   506   506   506   506   506   506   506   506   506   506 
1964   9.7   9.4  16.9  22.4  22.6  23.2  23.7  23.4  22.0  19.2  13.4   9.2   506   506   506   506   506   506   506   506   506   506   506   506 
1965  10.9  14.0  14.8  20.3  22.3  22.3  23.8  22.7  21.4  19.4  14.9  11.1   506   506   506   506   506   506   506   506   506   506   506   506 
1966  12.9  14.9  18.3  21.7  21.3  22.1  23.9  22.8  20.0  18.3  14.2  12.1   506   506   506   506   506   506   506   506   506   506   506   506 
1967   7.1   9.3  17.0  18.8  23.4  23.6  23.9 -99.0 -99.0 -99.0 -99.0 -99.0   506   506   506   506   506   506   506   -99   -99   -99   -99   -99 
1968 -99.0 -99.0 -99.0 -99.0 -99.0 -99.0 -99.0 -99.0 -99.0 -99.0 -99.0 -99.0   -99   -99   -99   -99   -99   -99   -99   -99   -99   -99   -99   -99 
1969  11.0  11.3  16.7  21.3  24.0  22.8  23.8  22.6  20.9  19.3  12.1  10.4   506   506   506   506   506   506   506   506   506   506   506   506 
1970   8.4  14.0  14.7  18.4  22.0  22.0  23.0  22.9  21.3  17.2  14.3  10.9   506   506   506   506   506   506   506   506   506   506   506   506 
1971   7.9  11.7  16.7  20.5  21.1  23.4  22.9  21.6  21.4  16.2  13.4  11.1   506   506   506   506   506   506   506   506   506   506   506   506 
1972   9.6  11.7  17.3  18.2  22.6  23.4  23.4  22.7  21.1  19.3  14.4  11.3   506   506   506   506   506   506   506   506   506   506   506   506 
1973   9.2  16.6  17.8  21.0  23.1  23.3  23.2  22.5  21.5  17.4  13.4  10.4   506   506   506   506   506   506   506   506   506   506   506   506 
1974  10.1   9.6  13.9  19.1  22.0  22.3  23.2  21.7  21.9  18.1  15.0  11.1   506   506   506   506   506   506   506   506   506   506   506   506 
1975  10.9  12.2  17.7  20.9  22.3  22.8  23.5  22.6  22.3  18.7  13.1   7.8   506   506   506   506   506   506   506   506   506   506   506   506 
1976   8.9  12.8  15.3  19.5  20.9  22.3  22.8  22.4  20.2  18.2  10.6  10.5   506   506   506   506   506   506   506   506   506   506   506   506 
1977   6.7   8.7  16.1  20.5  23.5  23.7  23.1  22.6  20.2  18.6  12.3  13.1   506   506   506   506   506   506   506   506   506   506   506   506 
1978   9.8  10.6  17.0  19.8  20.9  22.7  23.5  22.8  19.5  17.1  14.1  11.9   506   506   506   506   506   506   506   506   506   506   506   506 
1979  11.4  14.4  16.4  20.1  21.3  23.0  24.4  23.2  21.3  16.7  12.4  12.7   506   506   506   506   506   506   506   506   506   506   506   506 
1980  11.5   9.7  19.1  21.3  22.2  24.1  23.8  23.2  20.4  18.7  16.5  10.8   506   506   506   506   506   506   506   506   506   506   506   506 
1981  10.9  12.9  17.7  20.5  21.0  22.9  23.7  24.3  22.1  18.7  14.9   8.8   506   506   506   506   506   506   506   506   506   506   506   506 
1982  11.3  11.2  18.0  17.3  22.4  22.9  24.2  23.6  20.9  19.6  15.0   9.1   506   506   506   506   506   506   506   506   506   506   506   506 
1983   7.9  11.0  13.4  20.9  23.2  23.9  25.0  23.4  22.2  19.0  13.9   8.3   506   506   506   506   506   506   506   506   506   506   506   506 
1984   6.6  10.8  16.2  21.1  21.2  23.2  23.8  22.7  21.1  16.8  16.2   8.5   506   506   506   506   506   506   506   506   506   506   506   506 
1985   8.5  12.4  12.2  17.8  22.5  23.0  23.4  23.2  20.7  18.6  15.0  10.5   506   506   506   506   506   506   506   506   506   506   506   506 
1986  10.3  10.4  16.2  20.6  21.8  23.4  22.9  22.5  20.3  17.6  14.7  12.3   506   506   506   506   506   506   506   506   506   506   506   506 
1987  11.7  14.8  18.9  20.1  23.9  24.2  24.0  23.4  20.0  19.0  14.8   9.2   506   506   506   506   506   506   506   506   506   506   506   506 
1988  11.8  11.8  13.4  18.9  22.9  23.5  23.7  23.1  20.2  17.2  14.2  12.4   506   506   506   506   506   506   506   506   506   506   506   506 
1989   8.3  10.4  15.0  20.0  21.4  23.5  23.0  22.7  21.7  17.8  14.3  10.9   506   506   506   506   506   506   506   506   506   506   506   506 
1990  11.4  12.0  15.3  19.8  20.5  22.8  23.4  24.3  21.8  18.3  16.4  12.7   506   506   506   506   506   506   506   506   506   506   506   506 
1991  10.8  12.4  18.3  20.5  22.4  23.7  24.0  23.3  21.4  17.6  13.7  11.7   506   506   506   506   506   506   506   506   506   506   506   506 
1992   8.2   9.6  14.7  20.2  22.2  23.6  22.8  22.9  22.1  16.5  12.8  12.3   506   506   506   506   506   506   506   506   506   506   506   506 
1993   8.1  13.0  16.4  20.1  22.1  23.7  24.0  23.2  20.8  16.3  14.9   9.9   506   506   506   506   506   506   506   506   506   506   506   506 
1994  11.3  14.2  13.8  22.1  22.2  22.9  23.3  22.6  20.8  16.9  16.0  12.1   506   506   506   506   506   506   506   506   506   506   506   506 
1995   9.3   9.6  16.0  20.8  22.2  23.6  23.3  22.7  21.4  19.1  13.1   9.4   506   506   506   506   506   506   506   506   506   506   506   506 
1996   9.9   9.2  16.2  17.0  21.1  23.5  23.4  22.9  21.1  18.3  15.1  10.6   506   506   506   506   506   506   506   506   506   506   506   506 
1997  10.5   9.7  15.9  19.2  22.5  23.2  23.1  23.3  19.4  19.2  16.5  11.9   506   506   506   506   506   506   506   506   506   506   506   506 
1998  11.1  13.3  17.2  20.8  23.2  23.9  24.2  24.0  21.5  18.7  15.2  12.6   506   506   506   506   506   506   506   506   506   506   506   506 
1999  11.2  13.8  17.1  20.6  20.4  24.1  24.0  22.7  21.8  19.0  15.2   9.2   506   506   506   506   506   506   506   506   506   506   506   506 
2000  10.8   9.8  15.1  20.0  21.4  22.7  23.8  23.5  20.9  19.0  14.5  12.0   506   506   506   506   506   506   506   506   506   506   506   506 
2001  11.9  12.0  17.6  21.4  20.9  23.0  24.1  23.0  21.7  19.5  13.7  11.5   506   506   506   506   506   506   506   506   506   506   506   506 
2002  10.2  14.5  17.6  21.8  21.7  24.0  23.4  22.4  20.4  18.5  14.9  12.0   506   506   506   506   506   506   506   506   506   506   506   506 
2003   9.9  15.2  16.8  21.9  23.1  23.1  24.8  23.9  21.6  18.6  15.8  11.1   506   506   506   506   506   506   506   506   506   506   506   506 
2004  10.5  12.4  16.3  20.0  22.1  23.1  23.5  24.1  22.1  18.0  15.4  10.8   506   506   506   506   506   506   506   506   506   506   506   506 
2005   9.4  13.4  15.2  20.2  25.1  24.6  24.4  23.3  22.2  19.0  16.1   9.9   506   506   506   506   506   506   506   506   506   506   506   506 
2006  10.8  12.6  16.7  21.5  21.6  24.1  24.7  23.3  21.3  20.5  17.0  11.0   506   506   506   506   506   506   506   506   506   506   506   506 
2007   8.6  15.2  17.5  18.3  22.0  24.6  24.3  23.7  20.8  18.9  14.1  12.8   506   506   506   506   506   506   506   506   506   506   506   506 
2008   8.9   6.2  16.9  21.5  22.4  23.5  23.8  23.7  22.8  20.2  14.1  10.8   506   506   506   506   506   506   506   506   506   506   506   506 
2009   9.2  17.8  17.7  20.1  22.4  23.8  24.3  24.1  22.5  19.5  13.9  12.6   506   506   506   506   506   506   506   506   506   506   506   506 
2010  13.3  16.4  18.9  20.9  24.6  23.6  25.1  23.9  22.8  18.0  14.1  12.2   506   506   506   506   506   506   506   506   506   506   506   506 
2011   4.5  12.9  12.0  19.8  21.5  24.1  24.7  23.7  22.2  18.0  15.9   9.7   506   506   506   506   506   506   506   506   506   506   506   506 
2012   8.3  11.6  16.2  22.2  23.6  23.5  24.1  23.8  21.0  19.8  17.8  12.2   506   506   506   506   506   506   506   506   506   506   506   506 
2013   9.0  15.9  19.0  21.3  23.1  24.0  24.6  23.8  21.2  17.1  15.4   9.0   506   506   506   506   506   506   506   506   506   506   506   506 
2014  11.0  12.2  17.5  21.8  24.3  24.1  24.5  23.5  23.3  20.1  15.3   9.9   506   506   506   506   506   506   506   506   506   506   506   506 
2015  10.9  13.6  18.6  20.4  24.9  25.1  23.6  23.1  22.8  19.5  17.6  11.1   506   506   506   506   506   506   506   506   506   506   506   506 
2016  11.3   9.9  16.9  22.2  23.7  24.8  25.2  24.2  22.2  20.3  16.1  13.3   506   506   506   506   506   506   506   506   506   506   506   506 
