Number= 590410
Name= LIUCHENG
Country= CHINA
Lat=   24.7
Long= -109.3
Height= 108
Start year= 1959
End year= 2016
First Good year= 1959
Source ID= 68
Source file= Jones
Jones data to= 2016
Normals source= Data
Normals source start year= 1961
Normals source end year= 1990
Normals=  10.5  11.6  15.7  20.6  25.0  27.5  29.2  29.0  27.0  22.7  17.2  12.5 
Standard deviations source= Data
Standard deviations source start year= 1959
Standard deviations source end year= 1990
Standard deviations=   1.5   2.4   1.6   1.1   1.1   0.8   0.7   0.8   0.8   0.9   1.2   1.7 
Obs:
1959 -99.0  11.2  16.9  21.8  23.2  27.4  28.9  28.4  26.4  22.8  16.5  11.8   -99   506   506   506   506   506   506   506   506   506   506   506 
1960  10.8  14.5  18.9  20.1  22.5  29.1  27.7  29.0  27.8  22.0  17.4  11.7   506   506   506   506   506   506   506   506   506   506   506   506 
1961  10.2  11.2  15.3  21.4  25.4  27.7  29.5  28.5  27.0  23.1  18.3  12.9   506   506   506   506   506   506   506   506   506   506   506   506 
1962   9.5  15.2  15.9  19.5  24.2  26.6  29.9  28.6  27.6  22.4  16.0  12.7   506   506   506   506   506   506   506   506   506   506   506   506 
1963  10.6  11.3  16.4  20.4  27.2  28.6  29.2  29.6  29.7  22.1  18.2  13.0   506   506   506   506   506   506   506   506   506   506   506   506 
1964  10.4   7.3  15.6  22.9  25.3  27.2  29.6  29.5  27.5  23.0  17.5  11.4   506   506   506   506   506   506   506   506   506   506   506   506 
1965  13.6  13.7  15.2  20.4  24.9  26.7  29.5  28.3  26.5  22.5  17.9  11.6   506   506   506   506   506   506   506   506   506   506   506   506 
1966  12.3  15.0  17.6  19.8  24.5  25.9  28.7  29.8  27.3  23.4  17.4  10.3   506   506   506   506   506   506   506   506   506   506   506   506 
1967  10.4  10.4  16.4  19.8  27.1  28.6  29.3  28.8  25.6  21.3  16.4   9.8   506   506   506   506   506   506   506   506   506   506   506   506 
1968  10.9   7.7  15.9  19.3  24.4  26.0  28.9  28.9  27.7  21.9  18.8  17.0   506   506   506   506   506   506   506   506   506   506   506   506 
1969  11.1   9.7  16.0  20.2  26.3  27.3  29.9  28.3  28.0  23.5  15.6  13.0   506   506   506   506   506   506   506   506   506   506   506   506 
1970   9.4  13.2  12.1  20.1  25.5  26.9  28.2  29.0  27.2  22.5  16.5  13.0   506   506   506   506   506   506   506   506   506   506   506   506 
1971  10.8  11.7  15.3  20.9  24.6  27.6  28.9  26.8  26.6  21.3  17.8  11.9   506   506   506   506   506   506   506   506   506   506   506   506 
1972  11.6   8.7  18.2  18.5  25.2  28.4  29.4  28.5  26.4  22.9  17.5  11.5   506   506   506   506   506   506   506   506   506   506   506   506 
1973   9.6  15.8  16.1  21.9  24.5  27.2  28.9  28.7  26.9  22.2  17.3  12.7   506   506   506   506   506   506   506   506   506   506   506   506 
1974   8.9  11.2  15.6  21.7  25.8  26.9  27.4  28.2  27.5  24.0  18.7  11.4   506   506   506   506   506   506   506   506   506   506   506   506 
1975  11.6  13.7  16.3  21.7  22.9  28.1  29.3  29.0  27.9  22.6  15.1   9.6   506   506   506   506   506   506   506   506   506   506   506   506 
1976  10.8  14.0  13.4  18.9  25.7  26.7  28.3  29.0  26.5  22.1  14.8  12.9   506   506   506   506   506   506   506   506   506   506   506   506 
1977   6.1  10.3  18.2  22.4  26.1  27.0  28.7  28.8  26.4  23.3  16.9  14.7   506   506   506   506   506   506   506   506   506   506   506   506 
1978  11.9  13.0  16.4  21.0  24.5  27.2  30.5  29.7  26.1  23.1  15.9  13.9   506   506   506   506   506   506   506   506   506   506   506   506 
1979  11.4  15.8  15.4  20.5  23.2  27.7  30.4  28.3  26.2  22.7  16.6  15.2   506   506   506   506   506   506   506   506   506   506   506   506 
1980  10.4   9.1  14.1  19.3  25.2  28.2  29.1  28.0  26.5  23.9  19.9  13.1   506   506   506   506   506   506   506   506   506   506   506   506 
1981   9.8  12.7  17.6  22.1  23.5  27.6  28.5  30.3  27.2  21.1  15.4  11.8   506   506   506   506   506   506   506   506   506   506   506   506 
1982  12.1  10.5  16.2  19.2  25.3  26.6  29.6  29.1  26.1  24.4  17.4  10.4   506   506   506   506   506   506   506   506   506   506   506   506 
1983   9.0  10.4  14.7  22.0  25.7  27.8  29.5  29.1  27.5  23.3  17.5  11.0   506   506   506   506   506   506   506   506   506   506   506   506 
1984   7.1   8.2  15.1  19.8  23.6  28.2  29.4  28.9  26.2  20.7  18.2  10.0   506   506   506   506   506   506   506   506   506   506   506   506 
1985   9.6  11.8  12.0  20.6  25.8  28.2  30.2  29.9  26.6  23.1  17.2  11.5   506   506   506   506   506   506   506   506   506   506   506   506 
1986  11.3  10.7  16.3  21.2  25.6  27.5  28.7  29.8  27.2  21.3  16.1  14.7   506   506   506   506   506   506   506   506   506   506   506   506 
1987  13.6  15.7  18.0  21.3  25.0  27.3  29.0  28.7  26.5  23.0  17.4  12.3   506   506   506   506   506   506   506   506   506   506   506   506 
1988  10.8   8.7  13.1  19.7  25.4  28.9  29.6  28.2  26.9  22.7  18.0  15.0   506   506   506   506   506   506   506   506   506   506   506   506 
1989   9.9  10.0  15.5  21.3  24.7  28.1  29.0  29.7  27.4  23.5  17.9  13.6   506   506   506   506   506   506   506   506   506   506   506   506 
1990  11.0  11.9  16.7  20.5  24.2  28.2  28.5  30.7  28.3  23.1  19.1  13.0   506   506   506   506   506   506   506   506   506   506   506   506 
1991   9.2  13.5  15.1  21.4  24.5  28.0  29.1  29.7  28.1  21.7  17.0  13.6   506   506   506   506   506   506   506   506   506   506   506   506 
1992  10.6  10.7  13.9  22.2  24.1  27.3  28.3  30.3  27.8  21.7  18.0  15.2   506   506   506   506   506   506   506   506   506   506   506   506 
1993   8.7  13.7  16.1  20.7  24.5  27.3  28.6  28.8  27.1  21.3  17.3  12.0   506   506   506   506   506   506   506   506   506   506   506   506 
1994  11.4  11.6  13.5  22.5  26.3  27.2  28.5  28.3  26.2  20.3  19.0  14.2   506   506   506   506   506   506   506   506   506   506   506   506 
1995   9.4  11.8  15.0  21.4  25.1  28.0  29.9  28.7  27.1  23.0  17.2  12.2   506   506   506   506   506   506   506   506   506   506   506   506 
1996   9.7  11.9  14.1  18.0  24.4  28.0  28.5  28.8  27.5  23.2  18.5  13.5   506   506   506   506   506   506   506   506   506   506   506   506 
1997  12.3  12.5  16.7  20.8  25.1  27.0  27.4  28.8  24.5  23.0  17.7  11.8   506   506   506   506   506   506   506   506   506   506   506   506 
1998   9.4  13.1  15.0  24.3  25.5  27.0  29.1  30.1  27.8  24.3  19.1  15.0   506   506   506   506   506   506   506   506   506   506   506   506 
1999  11.8  15.1  16.0  21.8  23.9  28.2  29.0  28.7  27.2  23.8  18.3  12.8   506   506   506   506   506   506   506   506   506   506   506   506 
2000  11.2   9.9  15.8  20.2  25.3  27.7  29.7  29.3  27.2  22.3  15.8  13.5   506   506   506   506   506   506   506   506   506   506   506   506 
2001  11.4  12.7  17.4  20.0  25.1  27.1  29.2  28.6  27.8  23.8  17.7  10.9   506   506   506   506   506   506   506   506   506   506   506   506 
2002  13.2  15.1  17.0  21.6  25.3  28.0  28.5  27.7  26.0  22.0  17.8  12.2   506   506   506   506   506   506   506   506   506   506   506   506 
2003  11.5  15.1  16.3  22.4  25.8  27.5  30.5  29.8  27.3  22.6  18.1  12.4   506   506   506   506   506   506   506   506   506   506   506   506 
2004  10.1  14.5  15.7  22.7  25.2  28.2  27.8  29.2  27.7  22.7  19.1  13.1   506   506   506   506   506   506   506   506   506   506   506   506 
2005   8.3   9.3  15.3  22.4  27.6  28.0  30.1  29.3  28.4  23.7  19.5  11.5   506   506   506   506   506   506   506   506   506   506   506   506 
2006  10.9  11.5  15.8  23.0  25.6  27.7  29.6  29.4  26.8  25.3  18.7  12.9   506   506   506   506   506   506   506   506   506   506   506   506 
2007   9.8  17.3  16.8  19.9  25.9  28.0  29.8  29.8  25.6  23.6  17.8  13.5   506   506   506   506   506   506   506   506   506   506   506   506 
2008   7.8   9.7  17.6  21.4  25.1  27.4  28.8  28.7  27.6  24.2  17.2  12.9   506   506   506   506   506   506   506   506   506   506   506   506 
2009  10.2  17.6  16.1  21.2  24.6  28.0  28.9  30.4  29.1  24.3  16.0  12.4   506   506   506   506   506   506   506   506   506   506   506   506 
2010  11.6  13.9  16.7  18.7  25.0  25.6  30.0  29.7  27.0  22.4  17.8  13.2   506   506   506   506   506   506   506   506   506   506   506   506 
2011   6.1  14.0  12.9  21.1  24.7  28.8  30.3  29.7  27.2  22.1  21.1  11.8   506   506   506   506   506   506   506   506   506   506   506   506 
2012   8.0   9.2  15.7  23.2  26.0  27.9  29.5  29.7  26.4  24.1  16.7  11.9   506   506   506   506   506   506   506   506   506   506   506   506 
2013  10.5  14.4  19.8  20.7  25.9  28.1  29.9  29.5  26.6  22.9  19.0  12.0   506   506   506   506   506   506   506   506   506   506   506   506 
2014  12.8  10.9  15.9  21.5  25.5  28.7  30.0  29.1  28.6  25.1  18.4  12.0   506   506   506   506   506   506   506   506   506   506   506   506 
2015  12.9  14.1  16.4  23.3  26.6  28.9  28.4  28.8  27.0  23.6  18.4  12.1   506   506   506   506   506   506   506   506   506   506   506   506 
2016  11.0  12.7  16.4  22.9  25.3  28.7  30.2  29.8  27.8  25.1  18.3  14.6   506   506   506   506   506   506   506   506   506   506   506   506 
