Number= 271130
Name= CEREPOVEC
Country= RUSSIA
Lat=   59.3
Long=  -38.0
Height= 114
Start year= 1893
End year= 2008
First Good year= 1893
Source ID= 54
Source file= Jones
Jones data to= 2008
Normals source= Data
Normals source start year= 1961
Normals source end year= 1990
Normals= -12.0 -10.3  -4.4   2.7  10.6  15.0  17.0  14.8   9.4   3.4  -3.1  -8.6 
Standard deviations source= Data
Standard deviations source start year= 1941
Standard deviations source end year= 1990
Standard deviations=   4.9   4.4   2.9   2.0   2.2   2.0   1.6   1.2   1.6   2.0   2.2   3.9 
Obs:
1893 -99.0 -99.0  -5.8  -1.4   8.5  13.7  17.3  14.7   8.5   5.0  -5.2  -9.0   -99   -99   506   506   506   506   506   506   506   506   506   506 
1894  -8.8  -6.5  -6.3   3.7  12.6  14.5  15.9  16.3   6.1   0.0  -2.6  -9.9   506   506   506   506   506   506   506   506   506   506   506   506 
1895 -11.6 -16.2  -6.3  -0.1  10.1  16.3  17.4  13.9   8.4   5.8  -2.8 -10.8   506   506   506   506   506   506   506   506   506   506   506   506 
1896 -14.7 -13.9  -4.9   0.6   8.4  16.6  18.2  15.8  10.8   6.7  -6.1 -10.7   506   506   506   506   506   506   506   506   506   506   506   506 
1897 -12.3 -11.9  -6.6   3.9 -99.0 -99.0 -99.0 -99.0 -99.0 -99.0 -99.0 -99.0   506   506   506   506   -99   -99   -99   -99   -99   -99   -99   -99 
1898 -99.0 -99.0 -99.0 -99.0 -99.0 -99.0 -99.0 -99.0   8.8  -0.5  -0.1  -7.6   -99   -99   -99   -99   -99   -99   -99   -99   506   506   506   506 
1899  -8.9 -12.2 -11.5   2.4   8.7  11.7  19.0  12.0  10.7   3.8  -1.1 -99.0   506   506   506   506   506   506   506   506   506   506   506   -99 
1900 -99.0 -99.0 -99.0 -99.0 -99.0 -99.0 -99.0 -99.0 -99.0 -99.0  -4.1  -9.7   -99   -99   -99   -99   -99   -99   -99   -99   -99   -99   506   506 
1901  -5.6 -10.9 -99.0   2.5   9.5  18.4  17.6 -99.0   9.4   3.7  -5.4 -14.4   506   506   -99   506   506   506   506   -99   506   506   506   506 
1902 -99.0  -9.3  -5.7  -1.7   8.8  13.0  16.4  14.0   7.7  -0.4  -8.0 -12.9   -99   506   506   506   506   506   506   506   506   506   506   506 
1903  -9.7  -5.9  -3.4   6.4  10.7  17.2  17.1  14.9   9.2  -0.6  -1.1  -6.6   506   506   506   506   506   506   506   506   506   506   506   506 
1904 -99.0  -8.1  -6.9   3.4   8.2  11.9  13.4  14.3   8.8   4.8  -4.7 -11.0   -99   506   506   506   506   506   506   506   506   506   506   506 
1905 -99.0 -99.0 -99.0 -99.0 -99.0 -99.0 -99.0 -99.0 -99.0 -99.0 -99.0 -99.0   -99   -99   -99   -99   -99   -99   -99   -99   -99   -99   -99   -99 
1906 -99.0 -99.0 -99.0 -99.0 -99.0 -99.0 -99.0 -99.0 -99.0 -99.0 -99.0 -99.0   -99   -99   -99   -99   -99   -99   -99   -99   -99   -99   -99   -99 
1907 -99.0 -99.0 -99.0 -99.0 -99.0 -99.0 -99.0 -99.0 -99.0 -99.0 -99.0 -99.0   -99   -99   -99   -99   -99   -99   -99   -99   -99   -99   -99   -99 
1908 -99.0 -99.0 -99.0 -99.0 -99.0 -99.0 -99.0 -99.0   9.1   1.6  -6.3  -8.6   -99   -99   -99   -99   -99   -99   -99   -99   506   506   506   506 
1909 -99.0 -99.0 -99.0 -99.0 -99.0 -99.0 -99.0 -99.0 -99.0 -99.0 -99.0 -99.0   -99   -99   -99   -99   -99   -99   -99   -99   -99   -99   -99   -99 
1910 -99.0 -99.0 -99.0 -99.0 -99.0 -99.0 -99.0 -99.0 -99.0 -99.0 -99.0 -99.0   -99   -99   -99   -99   -99   -99   -99   -99   -99   -99   -99   -99 
1911 -99.0 -99.0 -99.0 -99.0 -99.0 -99.0 -99.0 -99.0 -99.0 -99.0 -99.0 -99.0   -99   -99   -99   -99   -99   -99   -99   -99   -99   -99   -99   -99 
1912 -99.0 -99.0 -99.0 -99.0 -99.0 -99.0 -99.0 -99.0 -99.0 -99.0 -99.0 -99.0   -99   -99   -99   -99   -99   -99   -99   -99   -99   -99   -99   -99 
1913 -10.2 -12.9  -3.7   6.8   7.3  13.5  17.7  17.0   9.4   0.4  -0.1  -7.4   506   506   506   506   506   506   506   506   506   506   506   506 
1914 -13.6  -5.4  -4.4   0.5  11.2  15.5  18.1  12.5   8.4   0.9  -5.0  -4.9   506   506   506   506   506   506   506   506   506   506   506   506 
1915  -8.6  -7.9 -11.0   1.0   8.8  11.4  17.3  13.0   9.4   1.5  -5.9 -15.5   506   506   506   506   506   506   506   506   506   506   506   506 
1916  -7.7  -5.1  -6.8   2.8   6.4  13.7  17.3  12.1   6.6   1.3  -1.3  -7.6   506   506   506   506   506   506   506   506   506   506   506   506 
1917 -13.4 -20.3 -12.9   3.3   5.6  18.0  15.7  16.6  10.1   5.6  -2.3  -9.4   506   506   506   506   506   506   506   506   506   506   506   506 
1918 -12.0  -9.6  -7.4   3.9   4.3  13.2  16.4  12.3   9.0   6.3  -1.4  -8.4   506   506   506   506   506   506   506   506   506   506   506   506 
1919  -9.9 -12.6  -9.9   2.5   7.6  16.6  17.9  12.9  11.2   3.8  -8.5 -11.5   506   506   506   506   506   506   506   506   506   506   506   506 
1920 -99.0  -8.9  -1.9   7.7  13.8  13.3  18.9  16.6  10.7  -1.1  -2.2  -7.0   -99   506   506   506   506   506   506   506   506   506   506   506 
1921 -99.0 -99.0 -99.0 -99.0 -99.0 -99.0 -99.0 -99.0 -99.0 -99.0 -99.0 -99.0   -99   -99   -99   -99   -99   -99   -99   -99   -99   -99   -99   -99 
1922 -99.0 -99.0 -99.0 -99.0 -99.0 -99.0 -99.0 -99.0 -99.0 -99.0 -99.0 -99.0   -99   -99   -99   -99   -99   -99   -99   -99   -99   -99   -99   -99 
1923 -99.0 -99.0 -99.0 -99.0 -99.0  13.2  15.4  11.8  10.6   5.9   1.1  -7.9   -99   -99   -99   -99   -99   506   506   506   506   506   506   506 
1924 -14.5 -11.1  -6.0   1.1  10.0  14.0  15.1  14.9  11.7   4.0  -1.6  -7.2   506   506   506   506   506   506   506   506   506   506   506   506 
1925  -6.4  -4.5  -4.4   4.9  10.2  13.1  18.6  15.1   9.1   1.2  -4.8  -8.8   506   506   506   506   506   506   506   506   506   506   506   506 
1926 -15.5 -12.7  -6.9  -1.0  11.1  15.4  14.6  12.3   9.7   1.1  -0.2 -11.9   506   506   506   506   506   506   506   506   506   506   506   506 
1927 -15.1  -8.8  -4.8   2.3   8.0  14.8  18.5  17.5   9.4   0.8  -5.0 -12.8   506   506   506   506   506   506   506   506   506   506   506   506 
1928  -7.7 -11.9  -7.1   1.1  10.4  10.9  14.0  14.0  10.2   3.3   0.7  -7.0   506   506   506   506   506   506   506   506   506   506   506   506 
1929 -13.0 -20.0  -8.6  -3.7  12.3  12.9  17.2  15.4   8.6   5.8   0.0  -4.6   506   506   506   506   506   506   506   506   506   506   506   506 
1930  -5.1 -11.9  -4.7   2.8   9.9  11.8  15.9  17.3   6.9   3.1  -1.6 -11.7   506   506   506   506   506   506   506   506   506   506   506   506 
1931 -11.9 -15.1  -7.0   1.5  11.4  12.3  18.3  15.8   7.8   2.6  -3.5  -9.1   506   506   506   506   506   506   506   506   506   506   506   506 
1932  -5.5 -15.0  -8.8   3.2  11.4  15.1  18.5  17.7   9.9   4.4  -3.1  -1.8   506   506   506   506   506   506   506   506   506   506   506   506 
1933 -13.6 -12.4  -4.9   3.5   7.7  14.2  18.8  12.8   9.8   3.7  -5.4 -14.7   506   506   506   506   506   506   506   506   506   506   506   506 
1934  -6.5 -10.7  -3.7   3.5  12.8  11.9  19.6  15.2  10.7   5.2   1.2  -8.9   506   506   506   506   506   506   506   506   506   506   506   506 
1935 -11.6  -5.5  -4.5   2.6   7.1  15.7  13.9  15.8   9.5   6.5  -2.4  -6.0   506   506   506   506   506   506   506   506   506   506   506   506 
1936  -6.4 -14.4  -3.1   2.4  10.6  17.6  20.2  14.9   8.3   0.6  -0.6  -2.7   506   506   506   506   506   506   506   506   506   506   506   506 
1937 -10.1  -8.4  -2.9   6.7   8.6  17.0  16.6  16.7  11.1   4.6  -1.7 -14.0   506   506   506   506   506   506   506   506   506   506   506   506 
1938 -11.0  -7.0  -2.6   1.2   9.7  13.9  21.2  19.0  12.6   3.4   0.9 -10.6   506   506   506   506   506   506   506   506   506   506   506   506 
1939  -9.9  -6.8  -4.6   0.0   8.2  15.6  17.6  16.5   6.1   0.4  -1.4  -8.7   506   506   506   506   506   506   506   506   506   506   506   506 
1940 -21.7 -14.8  -8.0   0.4  10.4  13.8  18.1  16.9  11.0   1.2  -1.7  -8.7   506   506   506   506   506   506   506   506   506   506   506   506 
1941 -16.8 -13.2  -8.5  -2.2   5.1  10.5  19.4  16.2   7.6   0.4  -6.4 -16.7   506   506   506   506   506   506   506   506   506   506   506   506 
1942 -21.1 -13.4 -11.9   1.2   9.5  13.5  16.6  15.3   9.5   5.0  -4.1  -7.7   506   506   506   506   506   506   506   506   506   506   506   506 
1943 -15.7  -6.0  -2.9   3.8  10.8  15.2  18.3  15.3   9.0   4.6  -1.3  -4.6   506   506   506   506   506   506   506   506   506   506   506   506 
1944  -4.9  -7.8  -4.6  -0.7   9.9  13.8  16.6  14.7  11.6   4.2  -3.1  -8.9   506   506   506   506   506   506   506   506   506   506   506   506 
1945 -10.7  -9.4  -8.1   0.4   6.0  14.2  16.6  16.9   8.8   0.9  -4.9 -13.1   506   506   506   506   506   506   506   506   506   506   506   506 
1946  -8.7 -13.3  -5.9   1.6   8.5  16.9  18.1  16.1  10.2  -1.1  -4.0  -7.5   506   506   506   506   506   506   506   506   506   506   506   506 
1947 -10.5 -18.8  -7.9   2.1   7.7  16.3  16.6  15.2  10.8   2.7  -3.2  -6.7   506   506   506   506   506   506   506   506   506   506   506   506 
1948 -10.5 -12.5  -6.3   2.4  13.4  17.5  14.5  15.3  10.1   3.3  -2.0  -5.0   506   506   506   506   506   506   506   506   506   506   506   506 
1949  -4.5  -8.6  -5.2   2.2  11.8  15.2  15.7  15.1  11.0   2.7  -2.5  -5.7   506   506   506   506   506   506   506   506   506   506   506   506 
1950 -19.1  -9.5  -4.3   5.7   9.0  14.3  14.4  13.1  10.3   4.3  -2.2  -6.6   506   506   506   506   506   506   506   506   506   506   506   506 
1951 -99.0 -99.0 -99.0 -99.0 -99.0 -99.0 -99.0 -99.0 -99.0 -99.0 -99.0 -99.0   -99   -99   -99   -99   -99   -99   -99   -99   -99   -99   -99   -99 
1952 -99.0 -99.0 -99.0 -99.0 -99.0 -99.0 -99.0 -99.0 -99.0 -99.0 -99.0 -99.0   -99   -99   -99   -99   -99   -99   -99   -99   -99   -99   -99   -99 
1953 -99.0 -99.0 -99.0 -99.0 -99.0 -99.0 -99.0 -99.0 -99.0 -99.0 -99.0 -99.0   -99   -99   -99   -99   -99   -99   -99   -99   -99   -99   -99   -99 
1954 -99.0 -99.0 -99.0 -99.0 -99.0 -99.0 -99.0 -99.0 -99.0 -99.0 -99.0 -99.0   -99   -99   -99   -99   -99   -99   -99   -99   -99   -99   -99   -99 
1955 -99.0 -99.0  -8.5  -1.2   7.4  12.6  16.7  16.0  13.6   5.6  -4.6 -20.0   -99   -99   506   506   506   506   506   506   506   506   506   506 
1956 -13.0 -19.5  -4.9  -0.6   8.9  18.0  13.5  13.2   7.3   2.7  -6.8  -5.6   506   506   506   506   506   506   506   506   506   506   506   506 
1957  -6.8  -2.9  -9.0   2.7  11.7  13.9  18.6 -99.0 -99.0 -99.0  -1.6  -5.1   506   506   506   506   506   506   506   -99   -99   -99   506   506 
1958  -9.6 -11.2  -9.5   0.7 -99.0 -99.0 -99.0 -99.0 -99.0 -99.0 -99.0 -99.0   506   506   506   506   -99   -99   -99   -99   -99   -99   -99   -99 
1959  -6.0  -6.0 -99.0 -99.0 -99.0 -99.0 -99.0  16.4   7.5  -0.6  -5.4 -10.3   506   506   -99   -99   -99   -99   -99   506   506   506   506   506 
1960 -13.8 -11.0  -6.0   2.9  10.4  16.5  21.0  15.8   8.9   1.4  -4.7  -2.0   506   506   506   506   506   506   506   506   506   506   506   506 
1961  -7.7  -3.5  -2.0  -0.3  10.1  18.0  17.6  15.2   8.5   6.1  -4.4  -9.5   506   506   506   506   506   506   506   506   506   506   506   506 
1962  -6.2  -8.4  -8.5   4.3  11.0  11.9  16.0  13.0   9.5   4.2  -0.3  -8.2   506   506   506   506   506   506   506   506   506   506   506   506 
1963 -18.5 -13.0 -12.2   2.6  14.8  11.9  17.0  16.0  12.7   4.5  -1.7  -9.1   506   506   506   506   506   506   506   506   506   506   506   506 
1964  -8.6 -11.0  -7.6   1.7  10.0  16.0  18.3  14.9   9.6   5.8  -5.0  -6.2   506   506   506   506   506   506   506   506   506   506   506   506 
1965 -11.5 -12.9  -5.0   1.1   7.1  15.4  15.2  14.5  12.4   3.2  -8.1  -4.0   506   506   506   506   506   506   506   506   506   506   506   506 
1966 -17.0 -16.4  -3.4   2.6  12.3  16.1  17.8  14.9   8.0   3.5  -1.0 -12.6   506   506   506   506   506   506   506   506   506   506   506   506 
1967 -15.7 -11.3  -0.8   4.1  12.8  15.1  17.0  17.8  10.2   6.5  -0.1 -11.9   506   506   506   506   506   506   506   506   506   506   506   506 
1968 -18.9  -9.8  -2.8   2.1   9.8  16.5  14.3  16.4   9.4   0.9  -4.2  -7.1   506   506   506   506   506   506   506   506   506   506   506   506 
1969 -19.3 -16.5  -9.1   3.1   7.5  12.8  16.5  15.0   9.2   3.4  -0.3 -10.0   506   506   506   506   506   506   506   506   506   506   506   506 
1970 -12.5 -10.6  -3.5   3.5  10.1  15.2  18.4  15.3  10.2   4.1  -4.1  -8.1   506   506   506   506   506   506   506   506   506   506   506   506 
1971  -4.6 -12.9  -5.9   1.4   9.8  14.6 -99.0 -99.0 -99.0 -99.0 -99.0 -99.0   506   506   506   506   506   506   -99   -99   -99   -99   -99   -99 
1972 -99.0 -99.0 -99.0 -99.0 -99.0 -99.0 -99.0 -99.0 -99.0 -99.0 -99.0 -99.0   -99   -99   -99   -99   -99   -99   -99   -99   -99   -99   -99   -99 
1973 -11.9  -6.8  -3.7   4.7  11.6  17.4  18.2  14.6   6.0   1.2  -4.7  -9.4   506   506   506   506   506   506   506   506   506   506   506   506 
1974 -14.1  -2.6  -2.2   1.3   6.7  16.3  19.0  15.1  11.9   6.7   0.0  -3.1   506   506   506   506   506   506   506   506   506   506   506   506 
1975  -5.0  -9.1  -0.8   6.1  13.9  14.4  18.0  13.6  11.6   2.4  -3.8  -6.1   506   506   506   506   506   506   506   506   506   506   506   506 
1976 -15.7 -12.9  -5.0   2.1   9.5  11.8  15.5  12.9   8.2  -2.6  -3.2  -6.8   506   506   506   506   506   506   506   506   506   506   506   506 
1977 -12.7  -9.9  -4.3   3.4  12.0  15.7  17.7  15.0   7.9   1.3  -0.9  -9.7   506   506   506   506   506   506   506   506   506   506   506   506 
1978  -9.4 -13.0  -1.4   0.9   9.2  13.2  15.6  13.8   8.5   1.7  -0.2 -19.4   506   506   506   506   506   506   506   506   506   506   506   506 
1979 -13.5 -12.6  -3.4  -0.3  13.7  14.5  16.2  16.2   8.8   1.8  -2.0  -7.9   506   506   506   506   506   506   506   506   506   506   506   506 
1980 -12.9  -8.4  -8.3   3.6   7.0  17.8  15.8  13.2   9.3   3.8  -4.0  -6.6   506   506   506   506   506   506   506   506   506   506   506   506 
1981  -7.1  -8.0  -7.3   0.3  11.0  16.7  20.0  16.4   9.3   6.4  -1.6  -7.0   506   506   506   506   506   506   506   506   506   506   506   506 
1982 -15.0  -9.8  -2.8   2.9  10.4  11.6  17.7  14.7  10.6   2.1   1.1  -3.2   506   506   506   506   506   506   506   506   506   506   506   506 
1983  -6.6 -10.4  -4.0   6.3  13.1  14.5  18.3  14.1  10.4   4.4  -4.0  -4.9   506   506   506   506   506   506   506   506   506   506   506   506 
1984  -7.1 -12.9  -5.4   3.7  13.6  14.2  16.4  13.1   9.6   4.3  -4.2 -12.3   506   506   506   506   506   506   506   506   506   506   506   506 
1985 -17.6 -19.2  -4.4   0.8  10.1  12.3  15.7  17.3   8.6   3.9  -5.5 -11.3   506   506   506   506   506   506   506   506   506   506   506   506 
1986 -10.6 -17.6  -2.4   3.7  10.2  15.9  16.2  13.4   6.2   2.9  -0.4 -12.1   506   506   506   506   506   506   506   506   506   506   506   506 
1987 -23.5  -9.1  -7.0   0.7  10.5  15.7  15.1  13.2   7.8   2.9  -7.8 -10.2   506   506   506   506   506   506   506   506   506   506   506   506 
1988 -12.0  -8.0  -2.6   1.7  11.6  16.9  19.9  14.7   9.8   3.7  -7.2 -10.3   506   506   506   506   506   506   506   506   506   506   506   506 
1989  -4.1  -2.7   0.1   4.7  11.2  18.6  17.4  14.5  10.3   3.6  -3.9  -8.2   506   506   506   506   506   506   506   506   506   506   506   506 
1990 -10.1  -0.5  -1.0   5.7   7.6  13.1  15.9  14.5   7.3   2.9  -4.7  -5.3   506   506   506   506   506   506   506   506   506   506   506   506 
1991  -9.9  -9.1  -4.5   3.9  11.2  16.7  15.8  13.8   8.6   4.7   0.6  -6.0   506   506   506   506   506   506   506   506   506   506   506   506 
1992  -8.5  -6.2  -0.8   2.3   9.8  13.5  16.4  14.6  11.6  -2.0  -5.9  -4.9   506   506   506   506   506   506   506   506   506   506   506   506 
1993  -6.5  -7.0  -5.6   1.7  11.5  12.4  15.6  13.0   5.2   2.4 -11.2  -7.1   506   506   506   506   506   506   506   506   506   506   506   506 
1994  -7.2 -15.8  -5.3   4.3   7.5  13.5  15.8  13.4  11.3   3.6  -6.6  -8.5   506   506   506   506   506   506   506   506   506   506   506   506 
1995  -8.4  -2.6  -1.3   5.3  11.9  17.5  14.7  14.3  10.6   5.0  -5.5 -13.6   506   506   506   506   506   506   506   506   506   506   506   506 
1996 -12.2 -13.1  -5.8   1.9   9.8  14.2  16.4  14.5   6.7   3.6   1.9  -8.4   506   506   506   506   506   506   506   506   506   506   506   506 
1997 -11.7  -7.2  -3.1   1.7   8.0  16.2  16.6  15.3   7.5   1.5  -3.4 -10.0   506   506   506   506   506   506   506   506   506   506   506   506 
1998  -7.0 -12.9  -4.3   0.2  11.3  17.4  17.3  13.5   9.2   4.5 -10.3  -7.8   506   506   506   506   506   506   506   506   506   506   506   506 
1999 -10.9  -9.8  -4.3   6.4   6.2  19.2  19.6  13.9  10.0   5.9  -8.2  -3.7   506   506   506   506   506   506   506   506   506   506   506   506 
2000  -8.9  -5.1  -2.8   6.0   8.9  14.4  19.0  14.1   7.7   5.5  -2.1  -7.4   506   506   506   506   506   506   506   506   506   506   506   506 
2001  -7.4 -11.5  -6.3   7.5   9.2  14.9  20.2  13.5  10.3   3.0  -3.0 -15.0   506   506   506   506   506   506   506   506   506   506   506   506 
2002  -7.4  -3.4  -0.9   4.2   9.6  14.9  19.9  14.4   8.9  -0.4  -5.8 -16.0   506   506   506   506   506   506   506   506   506   506   506   506 
2003 -13.0 -10.4  -4.9   2.1  12.1  11.7  19.5  15.6  10.1   4.0  -0.3  -3.6   506   506   506   506   506   506   506   506   506   506   506   506 
2004 -11.7  -9.4  -1.5   2.0   9.9  13.6  17.8  15.7  11.1   3.9  -3.1  -4.9   506   506   506   506   506   506   506   506   506   506   506   506 
2005  -5.1 -12.3  -8.2   4.3  12.6  15.0  17.9  15.5  11.1   4.0   1.2  -7.9   506   506   506   506   506   506   506   506   506   506   506   506 
2006 -12.1 -17.1  -7.6   3.4  10.8  16.9  16.1  15.6  12.0   3.9  -1.0   0.3   506   506   506   506   506   506   506   506   506   506   506   506 
2007  -6.4 -16.9   0.4   3.9  12.6  13.5  17.2  18.1   9.9   5.6  -3.7  -2.9   506   506   506   506   506   506   506   506   506   506   506   506 
2008  -8.1  -4.0  -1.4   5.1   9.6  13.6  17.3  15.3   8.8   6.8   1.0  -2.7   506   506   506   506   506   506   506   506   506   506   506   506 
