Number= 420830
Name= SIMLA
Country= INDIA
Lat=   31.1
Long=  -77.2
Height= 2202
Start year= 1891
End year= 1990
First Good year= 1891
Source ID= 10
Source file= Jones
Jones data to= 1990
Normals source= Extrapolated
Normals source start year= 1961
Normals source end year= 1990
Normals=   5.5   7.1  10.9  15.1  18.0  20.6  18.2  17.7  16.8  14.8  10.7   8.2 
Standard deviations source= Data
Standard deviations source start year= 1941
Standard deviations source end year= 1990
Standard deviations=   1.4   1.7   1.7   1.8   1.8   0.8   0.7   0.6   0.7   0.9   0.8   1.4 
Obs:
1891   6.7   3.7   7.2  15.3  17.3  20.9  20.6  17.3  17.1  12.1  11.0   8.6   506   506   506   506   506   506   506   506   506   506   506   506 
1892   6.9   6.2  12.8  19.6  20.2  20.2  18.9  16.9  16.3  13.1   9.2   7.1   506   506   506   506   506   506   506   506   506   506   506   506 
1893   1.9   0.8   6.8  15.1  17.2  18.0  17.2  17.4  16.1  13.7   9.3   7.9   506   506   506   506   506   506   506   506   506   506   506   506 
1894   3.9   6.3   9.4  15.9  19.3  20.0  17.4  16.9  16.1  14.2   9.2   5.2   506   506   506   506   506   506   506   506   506   506   506   506 
1895   3.6   6.2  10.7  14.0  20.7  18.6  17.9  17.1  16.7  12.9  11.2   7.3   506   506   506   506   506   506   506   506   506   506   506   506 
1896   6.3   5.2  11.0  16.3  20.4  20.2  18.8  17.6  16.6  13.8  10.1   7.1   506   506   506   506   506   506   506   506   506   506   506   506 
1897   5.2   5.8   9.4  14.0  19.3  19.5  18.2  17.4  16.3  14.0  11.2   6.9   506   506   506   506   506   506   506   506   506   506   506   506 
1898   7.4   4.3  11.6  17.7  18.5  20.2  17.7  17.6  15.8  14.1  10.3   6.1   506   506   506   506   506   506   506   506   506   506   506   506 
1899   3.1   6.0  12.2  13.9  18.8  19.6  18.4  17.8  16.9  14.6  10.8   7.7   506   506   506   506   506   506   506   506   506   506   506   506 
1900   3.8   5.1  12.1  12.6  17.6  20.8  18.7  17.6  16.0  13.3  11.3   5.9   506   506   506   506   506   506   506   506   506   506   506   506 
1901   2.4   3.7  10.0  13.9  17.6  20.9  19.2  17.5  15.7  15.1  10.9   7.2   506   506   506   506   506   506   506   506   506   506   506   506 
1902   7.4   7.9  11.0  14.4  18.4  18.9  17.6  17.3  16.1  12.7   9.8   7.3   506   506   506   506   506   506   506   506   506   506   506   506 
1903   4.8   5.2   7.6  13.5  17.5  20.9  19.6  17.3  16.5  14.2  10.0   8.1   506   506   506   506   506   506   506   506   506   506   506   506 
1904   4.2   7.7   9.1  15.6  18.0  19.4  17.4  16.9  16.0  13.6   9.1   6.8   506   506   506   506   506   506   506   506   506   506   506   506 
1905   2.5  -0.8   5.5  12.3  19.1  20.4  17.7  17.6  16.6  14.2  10.2   6.3   506   506   506   506   506   506   506   506   506   506   506   506 
1906   4.0   2.9   7.6  14.7  19.9  19.3  18.3  16.4  16.2  13.7  11.3   8.2   506   506   506   506   506   506   506   506   506   506   506   506 
1907   7.6   3.3   6.2  12.9  17.2  19.6  19.1  17.2  16.4  15.0  11.7   8.3   506   506   506   506   506   506   506   506   506   506   506   506 
1908   6.6   6.3  10.1  15.6  18.6  21.3  18.0  16.8  16.4  14.1   9.6   6.7   506   506   506   506   506   506   506   506   506   506   506   506 
1909   3.7   5.0  11.6  13.6  18.8  17.9  17.5  16.8  16.6  14.4  11.4   6.5   506   506   506   506   506   506   506   506   506   506   506   506 
1910   5.6   5.7  10.1  14.3  18.9  19.2  17.1  17.1  16.4  13.6   9.6   6.7   506   506   506   506   506   506   506   506   506   506   506   506 
1911   5.1   7.2   7.1  14.7  20.3  19.5  19.5  17.9  15.9  13.8   7.5   7.3   506   506   506   506   506   506   506   506   506   506   506   506 
1912   5.4   7.6   9.6  14.0  18.4  20.4  18.3  17.2  15.8  14.3   9.1   7.4   506   506   506   506   506   506   506   506   506   506   506   506 
1913   6.6   5.0   7.3  15.4  16.9  17.3  17.3  17.3  16.6  14.1   9.4   5.5   506   506   506   506   506   506   506   506   506   506   506   506 
1914   7.3   5.1   8.8  13.6  18.0  19.1  17.8  16.9  15.9  11.7  10.0   6.7   506   506   506   506   506   506   506   506   506   506   506   506 
1915   6.1   5.2  10.4  14.7  20.6  19.6  18.6  17.3  16.7  15.8  11.4   7.4   506   506   506   506   506   506   506   506   506   506   506   506 
1916   5.9   5.0  12.8  15.6  18.4  17.9  17.3  17.3  16.2  13.7  10.6   6.9   506   506   506   506   506   506   506   506   506   506   506   506 
1917   5.3   6.0   8.6  10.8  13.9  17.8  17.4  17.1  15.6  13.3  11.1   6.9   506   506   506   506   506   506   506   506   506   506   506   506 
1918   4.9   6.7   9.4  12.5  20.1  18.1  17.9  17.3  16.3  13.9   9.9   5.6   506   506   506   506   506   506   506   506   506   506   506   506 
1919   4.1   5.6   9.4  12.9  16.8  20.1  17.6  17.2  15.8  14.1  10.4   6.4   506   506   506   506   506   506   506   506   506   506   506   506 
1920   7.8   4.3   8.6  14.2  15.0  18.4  17.7  16.9  15.8  14.7  11.2   9.8   506   506   506   506   506   506   506   506   506   506   506   506 
1921   5.2   7.4  13.1  17.6  21.8  20.4  18.7  16.6  15.3  12.4   9.9   7.5   506   506   506   506   506   506   506   506   506   506   506   506 
1922   3.8   7.6  11.4  14.2  19.1  18.4  17.6  16.5  15.8  13.1  10.3   5.5   506   506   506   506   506   506   506   506   506   506   506   506 
1923   5.7   4.7  11.6  16.5  18.1  20.5  17.8  17.1  15.7  12.6  10.1   6.7   506   506   506   506   506   506   506   506   506   506   506   506 
1924   4.3   6.1  11.9  15.8  15.2  21.8  18.3  16.8  15.2  14.6  10.3   8.3   506   506   506   506   506   506   506   506   506   506   506   506 
1925   3.7   5.3  10.9  17.2  17.7  17.6  17.1  17.2  16.3  13.8   9.1   8.6   506   506   506   506   506   506   506   506   506   506   506   506 
1926   5.6   7.1   7.7  11.6  16.1  20.9  18.9  17.3  16.4  14.1   8.3   7.4   506   506   506   506   506   506   506   506   506   506   506   506 
1927   4.6   3.3   8.9  14.1  17.3  19.9  18.0  16.7  16.3  13.8  10.4   8.8   506   506   506   506   506   506   506   506   506   506   506   506 
1928   4.8   6.7  10.3  14.3  21.7  19.3  18.4  17.6  16.6  14.6   9.9   7.2   506   506   506   506   506   506   506   506   506   506   506   506 
1929   4.7   5.1  12.3  15.4  19.5  19.7  17.8  16.4  16.2  13.4  10.9   3.9   506   506   506   506   506   506   506   506   506   506   506   506 
1930   4.3   5.7  11.0  14.0  17.9  18.3  17.3  16.7  16.4  12.9   9.6   8.2   506   506   506   506   506   506   506   506   506   506   506   506 
1931   7.4   3.1  10.0  16.6  18.2  20.7  18.3  18.1  15.7  13.7  10.6   8.2   506   506   506   506   506   506   506   506   506   506   506   506 
1932   8.1   5.1  11.1  15.4  17.5  21.4  18.3  16.9  16.1  14.3  11.6   7.7   506   506   506   506   506   506   506   506   506   506   506   506 
1933   4.6   6.2  10.2  12.3  15.9  19.8  17.6  16.7  15.3  13.3  10.4   8.6   506   506   506   506   506   506   506   506   506   506   506   506 
1934   2.5   9.3   9.6  15.6  17.5  19.5  17.9  16.7  17.3  14.4  10.7   6.3   506   506   506   506   506   506   506   506   506   506   506   506 
1935   2.8   6.0  10.4  11.2  19.4  21.6  18.3  16.9  15.9  13.8  10.4   6.3   506   506   506   506   506   506   506   506   506   506   506   506 
1936   4.3   5.2  10.2  14.6  20.3  17.8  17.8  17.3  15.8  13.8  10.8   5.4   506   506   506   506   506   506   506   506   506   506   506   506 
1937   5.2   5.4   9.2  13.4  18.4  20.3  17.8  17.6  16.1  13.3   9.3   6.7   506   506   506   506   506   506   506   506   506   506   506   506 
1938   4.9   4.3  11.4  16.0  20.7  18.7  18.4  17.3  17.6  14.8   8.7   9.5   506   506   506   506   506   506   506   506   506   506   506   506 
1939   6.4   5.9   7.7  13.5  20.3  18.3  17.9  17.6  15.8  14.4  11.4   9.0   506   506   506   506   506   506   506   506   506   506   506   506 
1940   5.9   5.2   7.4  13.1  19.1  19.2  18.2  16.9  15.4  14.3  11.2   6.3   506   506   506   506   506   506   506   506   506   506   506   506 
1941   4.3   7.1  12.8  17.8  19.7  18.7  18.3  17.4  16.3  14.8  10.7   9.9   506   506   506   506   506   506   506   506   506   506   506   506 
1942   4.4   6.3  12.7  16.3  18.6  21.1  17.6  16.4  15.7  14.6  11.5   7.1   506   506   506   506   506   506   506   506   506   506   506   506 
1943   4.0   7.7  10.9  13.6  18.2  19.8  17.8  16.2  16.7  14.6  12.2   8.9   506   506   506   506   506   506   506   506   506   506   506   506 
1944   3.5   4.4   8.8  14.2  20.3  19.1  18.1  17.1  16.0  14.5  10.8   8.4   506   506   506   506   506   506   506   506   506   506   506   506 
1945   3.1   5.0  10.9  12.8  18.8  20.7  17.8  17.2  15.9  12.8  10.9   6.6   506   506   506   506   506   506   506   506   506   506   506   506 
1946   8.0   8.9   9.8  16.7  18.2  19.3  18.2  17.7  16.7  13.3  10.6   7.0   506   506   506   506   506   506   506   506   506   506   506   506 
1947   4.6   7.1  10.8  16.6  19.9  22.2  19.1  17.3  15.9  12.9  10.8   7.8   506   506   506   506   506   506   506   506   506   506   506   506 
1948   6.4   4.3   8.9  17.8  20.7  20.7  18.3  16.5  15.9  13.3   9.4   6.1   506   506   506   506   506   506   506   506   506   506   506   506 
1949   7.4   5.0  11.0  16.7  20.1  20.1  17.4  16.9  16.7  14.4   9.8   6.2   506   506   506   506   506   506   506   506   506   506   506   506 
1950 -99.0 -99.0 -99.0 -99.0 -99.0 -99.0 -99.0 -99.0 -99.0 -99.0 -99.0 -99.0   -99   -99   -99   -99   -99   -99   -99   -99   -99   -99   -99   -99 
1951   4.2   7.4  10.9  12.2  18.4  20.8  19.4  18.2  17.0  16.4  11.8   9.2   506   506   506   506   506   506   506   506   506   506   506   506 
1952   6.8   8.5   8.9  16.9  19.5  19.5  18.1  17.4  17.5  13.3  11.7   8.4   506   506   506   506   506   506   506   506   506   506   506   506 
1953   3.8   9.3  14.2  16.1  19.8  20.6  18.2  17.8  16.8  14.7  11.7   9.9   506   506   506   506   506   506   506   506   506   506   506   506 
1954   4.0   6.6  11.8  16.7  19.2  19.7  18.4  17.9  17.3  13.0  10.6   6.3   506   506   506   506   506   506   506   506   506   506   506   506 
1955   4.7   7.4  12.7  13.0  16.6  21.2  18.3  17.1  16.5  13.6  11.8   6.8   506   506   506   506   506   506   506   506   506   506   506   506 
1956   4.9   8.2  10.3  16.6  21.3  19.7  17.4  17.2  16.9  13.6  10.7   6.2   506   506   506   506   506   506   506   506   506   506   506   506 
1957   4.0   5.7   9.1  13.5  17.1  19.5  19.0  17.8  16.1  14.9  11.9   7.9   506   506   506   506   506   506   506   506   506   506   506   506 
1958   6.9   6.9  11.3  17.7  18.6  21.3  18.0  18.0  17.0  15.1  12.5   9.3   506   506   506   506   506   506   506   506   506   506   506   506 
1959   6.2   5.6  12.5  15.8  18.0  21.1  17.7  18.1  17.1  14.9  10.9   9.1   506   506   506   506   506   506   506   506   506   506   506   506 
1960   4.9  11.3   9.3  14.1  19.7  21.1  18.7  18.1  17.5  14.9  10.7  10.3   506   506   506   506   506   506   506   506   506   506   506   506 
1961 -99.0 -99.0 -99.0 -99.0 -99.0 -99.0 -99.0 -99.0 -99.0 -99.0 -99.0 -99.0   -99   -99   -99   -99   -99   -99   -99   -99   -99   -99   -99   -99 
1962 -99.0 -99.0 -99.0 -99.0 -99.0 -99.0 -99.0 -99.0 -99.0 -99.0 -99.0 -99.0   -99   -99   -99   -99   -99   -99   -99   -99   -99   -99   -99   -99 
1963 -99.0 -99.0 -99.0 -99.0 -99.0 -99.0 -99.0 -99.0 -99.0 -99.0 -99.0 -99.0   -99   -99   -99   -99   -99   -99   -99   -99   -99   -99   -99   -99 
1964 -99.0 -99.0 -99.0 -99.0 -99.0 -99.0 -99.0 -99.0 -99.0 -99.0 -99.0 -99.0   -99   -99   -99   -99   -99   -99   -99   -99   -99   -99   -99   -99 
1965 -99.0 -99.0 -99.0 -99.0 -99.0 -99.0 -99.0 -99.0 -99.0 -99.0 -99.0 -99.0   -99   -99   -99   -99   -99   -99   -99   -99   -99   -99   -99   -99 
1966 -99.0 -99.0 -99.0 -99.0 -99.0 -99.0 -99.0 -99.0 -99.0 -99.0 -99.0 -99.0   -99   -99   -99   -99   -99   -99   -99   -99   -99   -99   -99   -99 
1967 -99.0 -99.0 -99.0 -99.0 -99.0 -99.0 -99.0 -99.0 -99.0 -99.0 -99.0 -99.0   -99   -99   -99   -99   -99   -99   -99   -99   -99   -99   -99   -99 
1968 -99.0 -99.0 -99.0 -99.0 -99.0 -99.0 -99.0 -99.0 -99.0 -99.0 -99.0 -99.0   -99   -99   -99   -99   -99   -99   -99   -99   -99   -99   -99   -99 
1969 -99.0 -99.0 -99.0 -99.0 -99.0 -99.0 -99.0 -99.0 -99.0 -99.0 -99.0 -99.0   -99   -99   -99   -99   -99   -99   -99   -99   -99   -99   -99   -99 
1970 -99.0 -99.0 -99.0 -99.0 -99.0 -99.0 -99.0 -99.0 -99.0 -99.0 -99.0 -99.0   -99   -99   -99   -99   -99   -99   -99   -99   -99   -99   -99   -99 
1971 -99.0 -99.0 -99.0 -99.0 -99.0 -99.0 -99.0 -99.0 -99.0 -99.0 -99.0 -99.0   -99   -99   -99   -99   -99   -99   -99   -99   -99   -99   -99   -99 
1972 -99.0 -99.0 -99.0 -99.0 -99.0 -99.0 -99.0 -99.0 -99.0 -99.0 -99.0 -99.0   -99   -99   -99   -99   -99   -99   -99   -99   -99   -99   -99   -99 
1973 -99.0 -99.0 -99.0 -99.0 -99.0 -99.0 -99.0 -99.0 -99.0 -99.0 -99.0 -99.0   -99   -99   -99   -99   -99   -99   -99   -99   -99   -99   -99   -99 
1974 -99.0 -99.0 -99.0 -99.0 -99.0 -99.0 -99.0 -99.0 -99.0 -99.0 -99.0 -99.0   -99   -99   -99   -99   -99   -99   -99   -99   -99   -99   -99   -99 
1975 -99.0 -99.0 -99.0 -99.0 -99.0 -99.0 -99.0 -99.0 -99.0 -99.0 -99.0 -99.0   -99   -99   -99   -99   -99   -99   -99   -99   -99   -99   -99   -99 
1976 -99.0 -99.0 -99.0 -99.0 -99.0 -99.0 -99.0 -99.0 -99.0 -99.0 -99.0 -99.0   -99   -99   -99   -99   -99   -99   -99   -99   -99   -99   -99   -99 
1977 -99.0 -99.0 -99.0 -99.0 -99.0 -99.0 -99.0 -99.0 -99.0 -99.0 -99.0 -99.0   -99   -99   -99   -99   -99   -99   -99   -99   -99   -99   -99   -99 
1978 -99.0 -99.0 -99.0 -99.0 -99.0 -99.0 -99.0 -99.0 -99.0 -99.0 -99.0 -99.0   -99   -99   -99   -99   -99   -99   -99   -99   -99   -99   -99   -99 
1979 -99.0 -99.0 -99.0 -99.0 -99.0 -99.0 -99.0 -99.0 -99.0 -99.0 -99.0 -99.0   -99   -99   -99   -99   -99   -99   -99   -99   -99   -99   -99   -99 
1980 -99.0 -99.0 -99.0 -99.0 -99.0 -99.0 -99.0 -99.0 -99.0 -99.0 -99.0 -99.0   -99   -99   -99   -99   -99   -99   -99   -99   -99   -99   -99   -99 
1981   4.7   8.1   9.1  15.9  18.7  20.5  17.6  17.7  17.2  15.0  10.4   7.1   506   506   506   506   506   506   506   506   506   506   506   506 
1982   5.7   4.6   7.0  13.3  15.1  19.3  19.0  17.7  17.3  14.1  10.4   7.3   506   506   506   506   506   506   506   506   506   506   506   506 
1983   5.0   4.3   8.3  11.7  16.1  18.9  17.7  17.7  17.4  14.1  11.2   6.9   506   506   506   506   506   506   506   506   506   506   506   506 
1984   4.0   4.7  13.0  15.1  21.8  19.7  16.9  16.9  15.6  14.3   9.7   6.9   506   506   506   506   506   506   506   506   506   506   506   506 
1985   4.3   7.8  13.3  14.7  19.4  19.8  17.2  17.1  15.8  13.8  10.5   7.6   506   506   506   506   506   506   506   506   506   506   506   506 
1986   6.2   6.1   9.4  14.6  16.6  19.7  17.8  17.4  16.9  13.8  11.4   6.8   506   506   506   506   506   506   506   506   506   506   506   506 
1987   6.9   7.7  10.7  15.4  14.7  20.9  20.2  18.5  18.4  15.5  12.9  11.2   506   506   506   506   506   506   506   506   506   506   506   506 
1988   7.7   8.7   9.8  17.1  21.3  20.2  18.0  17.6 -99.0 -99.0 -99.0 -99.0   506   506   506   506   506   506   506   506   -99   -99   -99   -99 
1989 -99.0 -99.0 -99.0 -99.0 -99.0 -99.0 -99.0 -99.0 -99.0 -99.0 -99.0 -99.0   -99   -99   -99   -99   -99   -99   -99   -99   -99   -99   -99   -99 
1990 -99.0 -99.0 -99.0 -99.0  18.6 -99.0  19.0 -99.0 -99.0 -99.0 -99.0 -99.0   -99   -99   -99   -99   506   -99   506   -99   -99   -99   -99   -99 
