Number= 640400
Name= KISANGANI
Country= D.R.CONGO
Lat=    0.5
Long=  -25.2
Height= 396
Start year= 1951
End year= 2012
First Good year= 1951
Source ID= 38
Source file= Jones
Jones data to= 2012
Normals source= Data
Normals source start year= 1961
Normals source end year= 1990
Normals=  25.5  26.2  26.1  26.1  25.9  25.4  24.6  24.7  25.1  25.4  25.2  25.3 
Standard deviations source= Data
Standard deviations source start year= 1951
Standard deviations source end year= 1990
Standard deviations=   0.6   0.6   0.5   0.5   0.4   0.4   0.3   0.3   0.4   0.3   0.3   0.4 
Obs:
1951  25.5  25.7  25.8  26.7  26.1  25.5  24.6  24.9  25.4  25.7  25.5  24.6   506   506   506   506   506   506   506   506   506   506   506   506 
1952  26.5  26.2  26.2  26.2  25.7  25.5  24.3  24.5  25.0  25.3  24.9  25.3   506   506   506   506   506   506   506   506   506   506   506   506 
1953  25.5  26.4  25.8  26.4  26.1  24.9  24.6  24.6  25.4  25.3  25.3  25.7   506   506   506   506   506   506   506   506   506   506   506   506 
1954  26.3  26.0  26.3  26.3  25.8  25.1  24.5  24.2  25.0  25.1  25.2  24.8   506   506   506   506   506   506   506   506   506   506   506   506 
1955  25.5  26.1  26.1  25.9  25.7  25.1  24.3  24.0  25.0  25.2  25.5  24.5   506   506   506   506   506   506   506   506   506   506   506   506 
1956  25.2  25.3  25.8  25.7  25.8  24.9  24.5  24.6  24.9  25.2  25.1  24.7   506   506   506   506   506   506   506   506   506   506   506   506 
1957  25.1  25.8  26.0  26.1  26.3  26.0  25.2  25.2  25.4  25.4  26.1  25.2   506   506   506   506   506   506   506   506   506   506   506   506 
1958  26.5  26.0  27.1  27.3  26.6  25.6  24.9  25.0  25.4  26.0  26.2  25.8   506   506   506   506   506   506   506   506   506   506   506   506 
1959  25.5  26.4  25.8  26.4  26.1  24.9  24.6  24.6  25.4  25.3  25.3  25.7   506   506   506   506   506   506   506   506   506   506   506   506 
1960  25.4  25.5  25.7  25.8  25.6  25.1  24.4  24.9  25.2  25.6  25.5  25.6   506   506   506   506   506   506   506   506   506   506   506   506 
1961  25.7  25.9  26.6  26.0  26.2  25.2  24.3  24.3  24.7  25.3  25.0  24.7   506   506   506   506   506   506   506   506   506   506   506   506 
1962  24.9  26.4  25.6  25.9  26.2  25.4  25.1  24.7  25.3  25.5  25.4  25.2   506   506   506   506   506   506   506   506   506   506   506   506 
1963  24.5  26.0  25.8  25.9  26.0  25.7  24.8  25.0  25.5  25.8  25.2  25.2   506   506   506   506   506   506   506   506   506   506   506   506 
1964  26.0  26.1  26.1  26.1  26.0  25.3  24.8  24.7  25.0  25.3  25.2  25.2   506   506   506   506   506   506   506   506   506   506   506   506 
1965  25.1  25.7  25.7  25.9  26.2  25.3  24.0  24.6  25.7  25.4  25.4  25.4   506   506   506   506   506   506   506   506   506   506   506   506 
1966  26.0  26.3  26.4  25.8  26.1  25.5  24.7  24.9  25.2  25.8  24.8  25.4   506   506   506   506   506   506   506   506   506   506   506   506 
1967  25.9  26.6  26.7  26.6  26.2  25.5  24.2  24.5  24.7  25.1  24.9  25.4   506   506   506   506   506   506   506   506   506   506   506   506 
1968  25.5  26.1  25.5  25.8  25.6  25.1  24.9  24.9  25.2  24.9  25.6  25.2   506   506   506   506   506   506   506   506   506   506   506   506 
1969  25.1  26.1  26.3  26.8  26.1  25.7  24.5  24.6  25.3  25.8  25.4  25.7   506   506   506   506   506   506   506   506   506   506   506   506 
1970  26.1  27.1  26.3  26.7  26.2  25.9  24.9  24.9  25.5  25.5  25.3  25.3   506   506   506   506   506   506   506   506   506   506   506   506 
1971  25.3  26.6  26.1  25.9  26.4  25.5  24.9  24.6  25.1  25.1  25.0  25.0   506   506   506   506   506   506   506   506   506   506   506   506 
1972  25.1  26.1  26.4  25.9  26.0  25.9  25.5  25.1  26.0  25.9  25.4  25.9   506   506   506   506   506   506   506   506   506   506   506   506 
1973  26.6  27.4  27.6  26.5  26.2  26.0  25.2  25.0  25.5  26.1  25.6  25.5   506   506   506   506   506   506   506   506   506   506   506   506 
1974  25.5  26.6  26.4  26.6  25.7  25.8  24.4  25.1  24.6  25.9  25.5  25.2   506   506   506   506   506   506   506   506   506   506   506   506 
1975  25.3  26.5  26.2  26.1  26.0  25.3  24.5  24.5  24.5  25.1  25.4  25.4   506   506   506   506   506   506   506   506   506   506   506   506 
1976  26.0  25.5  26.1  25.9  26.1  25.4  24.5  24.6  25.6  25.9  25.4  25.7   506   506   506   506   506   506   506   506   506   506   506   506 
1977  26.0  26.0  25.7  26.6  26.2  25.4  25.0  25.3  25.9  25.8  25.3  25.4   506   506   506   506   506   506   506   506   506   506   506   506 
1978  26.0  27.4  26.9  26.3  26.6  25.4  24.6  24.7  25.1  25.4  25.6  25.6   506   506   506   506   506   506   506   506   506   506   506   506 
1979  26.3  25.1  25.3  25.1  25.3  25.0  24.9  24.8  24.4  25.2  25.3  24.7   506   506   506   506   506   506   506   506   506   506   506   506 
1980  26.0  26.5  25.9  26.7  25.2  24.6  24.2  24.1  25.0  25.2  24.7  25.2   506   506   506   506   506   506   506   506   506   506   506   506 
1981  24.8  25.5  25.7  25.7  25.6  24.9  24.2  24.2  24.8  25.2  24.9  25.1   506   506   506   506   506   506   506   506   506   506   506   506 
1982  25.5  25.5  26.1  25.7  25.1  25.1  24.2  24.6  24.7  24.8  25.1  25.3   506   506   506   506   506   506   506   506   506   506   506   506 
1983  25.3  27.3  26.5  25.8  25.7  24.9  25.0  24.5  24.9  25.1  25.3  24.7   506   506   506   506   506   506   506   506   506   506   506   506 
1984  24.9  26.6  25.8  26.0  25.2  25.0  24.1  24.4  25.0  25.4  25.0  25.3   506   506   506   506   506   506   506   506   506   506   506   506 
1985  26.3  25.1  25.3  25.1  25.3  25.0  24.9  24.8  24.4  25.2  25.3  24.7   506   506   506   506   506   506   506   506   506   506   506   506 
1986  25.7  26.0  25.9  25.8  25.9  25.1  24.4  25.0  25.0  25.4  25.3  25.2   506   506   506   506   506   506   506   506   506   506   506   506 
1987  26.0  26.0  26.3  26.9  26.2  25.8  24.8  25.4  25.3  25.7  25.5  25.7   506   506   506   506   506   506   506   506   506   506   506   506 
1988  25.6  26.9  26.2  25.5  26.2  25.5  24.5  24.4  24.5  25.2  24.8  25.3   506   506   506   506   506   506   506   506   506   506   506   506 
1989  23.6  25.9  25.7  25.9  25.3  25.1  24.4  23.9  24.3  24.9  25.3  25.4   506   506   506   506   506   506   506   506   506   506   506   506 
1990  24.4  26.3  26.5  26.9  26.1  25.9  24.8  24.4  24.9  25.2  25.1  25.2   506   506   506   506   506   506   506   506   506   506   506   506 
1991 -99.0 -99.0 -99.0 -99.0 -99.0 -99.0 -99.0 -99.0 -99.0 -99.0 -99.0 -99.0   -99   -99   -99   -99   -99   -99   -99   -99   -99   -99   -99   -99 
1992 -99.0 -99.0 -99.0 -99.0 -99.0 -99.0 -99.0 -99.0 -99.0 -99.0 -99.0 -99.0   -99   -99   -99   -99   -99   -99   -99   -99   -99   -99   -99   -99 
1993 -99.0 -99.0 -99.0 -99.0 -99.0 -99.0 -99.0 -99.0 -99.0 -99.0 -99.0 -99.0   -99   -99   -99   -99   -99   -99   -99   -99   -99   -99   -99   -99 
1994 -99.0 -99.0  25.9 -99.0 -99.0  24.2  23.5 -99.0 -99.0  23.9  23.9 -99.0   -99   -99   506   -99   -99   506   506   -99   -99   506   506   -99 
1995  25.0 -99.0 -99.0 -99.0 -99.0 -99.0 -99.0 -99.0  24.3 -99.0 -99.0 -99.0   506   -99   -99   -99   -99   -99   -99   -99   506   -99   -99   -99 
1996 -99.0 -99.0 -99.0 -99.0 -99.0 -99.0 -99.0 -99.0 -99.0 -99.0 -99.0 -99.0   -99   -99   -99   -99   -99   -99   -99   -99   -99   -99   -99   -99 
1997 -99.0 -99.0 -99.0 -99.0 -99.0 -99.0 -99.0 -99.0 -99.0 -99.0 -99.0 -99.0   -99   -99   -99   -99   -99   -99   -99   -99   -99   -99   -99   -99 
1998 -99.0 -99.0 -99.0 -99.0 -99.0 -99.0 -99.0 -99.0 -99.0 -99.0 -99.0 -99.0   -99   -99   -99   -99   -99   -99   -99   -99   -99   -99   -99   -99 
1999 -99.0 -99.0 -99.0 -99.0 -99.0 -99.0 -99.0 -99.0 -99.0 -99.0 -99.0 -99.0   -99   -99   -99   -99   -99   -99   -99   -99   -99   -99   -99   -99 
2000 -99.0 -99.0 -99.0 -99.0 -99.0 -99.0 -99.0 -99.0 -99.0 -99.0 -99.0 -99.0   -99   -99   -99   -99   -99   -99   -99   -99   -99   -99   -99   -99 
2001 -99.0 -99.0 -99.0 -99.0 -99.0 -99.0 -99.0 -99.0 -99.0 -99.0 -99.0 -99.0   -99   -99   -99   -99   -99   -99   -99   -99   -99   -99   -99   -99 
2002 -99.0 -99.0 -99.0 -99.0 -99.0 -99.0 -99.0 -99.0 -99.0 -99.0 -99.0 -99.0   -99   -99   -99   -99   -99   -99   -99   -99   -99   -99   -99   -99 
2003 -99.0 -99.0 -99.0 -99.0 -99.0 -99.0 -99.0 -99.0 -99.0 -99.0 -99.0 -99.0   -99   -99   -99   -99   -99   -99   -99   -99   -99   -99   -99   -99 
2004 -99.0 -99.0 -99.0 -99.0 -99.0 -99.0 -99.0 -99.0 -99.0 -99.0 -99.0 -99.0   -99   -99   -99   -99   -99   -99   -99   -99   -99   -99   -99   -99 
2005 -99.0 -99.0 -99.0 -99.0 -99.0 -99.0 -99.0 -99.0 -99.0 -99.0 -99.0 -99.0   -99   -99   -99   -99   -99   -99   -99   -99   -99   -99   -99   -99 
2006 -99.0 -99.0 -99.0 -99.0 -99.0 -99.0 -99.0 -99.0 -99.0 -99.0 -99.0 -99.0   -99   -99   -99   -99   -99   -99   -99   -99   -99   -99   -99   -99 
2007 -99.0 -99.0 -99.0 -99.0 -99.0 -99.0 -99.0 -99.0 -99.0 -99.0 -99.0 -99.0   -99   -99   -99   -99   -99   -99   -99   -99   -99   -99   -99   -99 
2008 -99.0 -99.0 -99.0 -99.0 -99.0 -99.0 -99.0 -99.0 -99.0 -99.0 -99.0 -99.0   -99   -99   -99   -99   -99   -99   -99   -99   -99   -99   -99   -99 
2009 -99.0 -99.0 -99.0 -99.0 -99.0 -99.0 -99.0 -99.0 -99.0 -99.0 -99.0 -99.0   -99   -99   -99   -99   -99   -99   -99   -99   -99   -99   -99   -99 
2010 -99.0 -99.0 -99.0 -99.0 -99.0 -99.0 -99.0 -99.0 -99.0 -99.0 -99.0 -99.0   -99   -99   -99   -99   -99   -99   -99   -99   -99   -99   -99   -99 
2011 -99.0 -99.0 -99.0 -99.0 -99.0 -99.0 -99.0 -99.0 -99.0 -99.0 -99.0 -99.0   -99   -99   -99   -99   -99   -99   -99   -99   -99   -99   -99   -99 
2012 -99.0 -99.0 -99.0 -99.0 -99.0 -99.0 -99.0 -99.0 -99.0 -99.0 -99.0 -99.0   -99   -99   -99   -99   -99   -99   -99   -99   -99   -99   -99   -99 
