Number= 644520
Name= M POUYA
Country= CONGO
Lat=   -2.6
Long=  -16.2
Height= 312
Start year= 1951
End year= 2020
First Good year= 1951
Source ID= 10
Source file= Jones
Jones data to= 2012
Normals source= Data
Normals source start year= 1961
Normals source end year= 1990
Normals=  25.7  26.2  26.6  26.6  26.4  25.4  24.8  25.5  25.7  25.7  25.5  25.4 
Standard deviations source= Data
Standard deviations source start year= 1951
Standard deviations source end year= 1990
Standard deviations=   0.7   0.6   0.6   0.5   0.5   0.5   0.6   0.7   0.5   0.5   0.5   0.7 
Obs:
1951  25.3  25.6  25.9  26.6  25.6  25.4  24.8  25.7  25.6  25.2  25.8 -99.0   506   506   506   506   506   506   506   506   506   506   506   -99 
1952 -99.0 -99.0 -99.0 -99.0 -99.0 -99.0 -99.0 -99.0  25.5  25.0  25.0  25.2   -99   -99   -99   -99   -99   -99   -99   -99   506   506   506   506 
1953  25.5  25.8  25.8  26.2  25.9  24.5  23.9  24.6  25.2  25.4  25.3  25.9   506   506   506   506   506   506   506   506   506   506   506   506 
1954  25.8  25.5  26.3  26.1  25.7  24.7  23.5  24.9  25.6  24.8  24.2  24.8   506   506   506   506   506   506   506   506   506   506   506   506 
1955  25.0  25.5  25.5  25.8  25.7  24.8  24.7  25.0  25.0  24.8  25.1  24.4   506   506   506   506   506   506   506   506   506   506   506   506 
1956  24.7  25.7  26.2  25.9  26.1  25.2  24.7  25.2  26.7  25.1  25.5  24.8   506   506   506   506   506   506   506   506   506   506   506   506 
1957  25.0  26.3  25.6  26.4  26.4  25.1  25.2  25.9  25.7  25.4  25.4  25.7   506   506   506   506   506   506   506   506   506   506   506   506 
1958  26.8  26.9  26.9  27.4  26.4  24.4  23.4  25.6  26.3  25.4  25.6  25.8   506   506   506   506   506   506   506   506   506   506   506   506 
1959  25.8  25.9  26.4  26.4  26.6  25.4  25.4  25.8  25.5  25.8  25.5  25.3   506   506   506   506   506   506   506   506   506   506   506   506 
1960  25.1  25.5  25.9  26.3  25.7  25.2  25.1  26.0  25.2  25.7  25.7  25.5   506   506   506   506   506   506   506   506   506   506   506   506 
1961  25.6  25.3  26.4  26.6  26.1  24.9  24.7  25.1  25.1  24.7  24.7  24.9   506   506   506   506   506   506   506   506   506   506   506   506 
1962  25.1  25.6  26.2  26.0  26.6  25.1  24.6  23.1  25.5  25.2  25.6  25.4   506   506   506   506   506   506   506   506   506   506   506   506 
1963  25.1  25.7  26.4  26.1  26.6  24.8  25.2  25.7  26.1  26.1  25.7  25.9   506   506   506   506   506   506   506   506   506   506   506   506 
1964  26.4  26.4  26.5  26.1  26.3  25.4  24.3  24.9  25.8  25.3  25.1  25.1   506   506   506   506   506   506   506   506   506   506   506   506 
1965  25.4  25.6  26.2  26.3  26.0  25.9  24.7  25.9  25.8  25.8  25.5  25.3   506   506   506   506   506   506   506   506   506   506   506   506 
1966  25.7  26.0  26.4  26.2  26.4  25.6  25.0  25.4  25.4  25.3  24.1  24.6   506   506   506   506   506   506   506   506   506   506   506   506 
1967  24.8  25.5  26.3  26.5  26.4  25.2  23.8  24.9  25.1  25.5  25.0  25.1   506   506   506   506   506   506   506   506   506   506   506   506 
1968  25.1  25.7  25.6  26.5  25.9  25.0  24.8  25.6  25.4  25.6  24.9  25.0   506   506   506   506   506   506   506   506   506   506   506   506 
1969  25.3  26.6  27.2  26.5  26.8  25.3  24.9  25.6  25.7  25.5  25.4  25.5   506   506   506   506   506   506   506   506   506   506   506   506 
1970  25.8  26.6  26.9  26.8  26.3  24.7  24.4  25.2  25.6  25.5  24.8  25.5   506   506   506   506   506   506   506   506   506   506   506   506 
1971  25.5  25.7  26.6  26.4  25.1  25.5  25.0  25.3  25.4  26.0  25.3  25.0   506   506   506   506   506   506   506   506   506   506   506   506 
1972  25.4  25.3  26.4 -99.0  26.5  25.1  25.5  26.5  25.6  25.8  25.6  26.3   506   506   506   -99   506   506   506   506   506   506   506   506 
1973  26.4  27.4 -99.0 -99.0 -99.0 -99.0 -99.0 -99.0 -99.0 -99.0 -99.0 -99.0   506   506   -99   -99   -99   -99   -99   -99   -99   -99   -99   -99 
1974 -99.0 -99.0 -99.0 -99.0 -99.0  25.1  24.1 -99.0 -99.0 -99.0 -99.0  24.0   -99   -99   -99   -99   -99   506   506   -99   -99   -99   -99   506 
1975  24.2 -99.0 -99.0 -99.0 -99.0 -99.0 -99.0 -99.0 -99.0 -99.0 -99.0  24.2   506   -99   -99   -99   -99   -99   -99   -99   -99   -99   -99   506 
1976 -99.0 -99.0 -99.0 -99.0 -99.0 -99.0 -99.0 -99.0 -99.0 -99.0 -99.0  24.0   -99   -99   -99   -99   -99   -99   -99   -99   -99   -99   -99   506 
1977 -99.0 -99.0 -99.0 -99.0 -99.0 -99.0 -99.0 -99.0 -99.0 -99.0 -99.0 -99.0   -99   -99   -99   -99   -99   -99   -99   -99   -99   -99   -99   -99 
1978 -99.0 -99.0 -99.0 -99.0 -99.0 -99.0 -99.0 -99.0 -99.0 -99.0 -99.0 -99.0   -99   -99   -99   -99   -99   -99   -99   -99   -99   -99   -99   -99 
1979 -99.0 -99.0 -99.0 -99.0 -99.0 -99.0 -99.0 -99.0 -99.0  25.5 -99.0 -99.0   -99   -99   -99   -99   -99   -99   -99   -99   -99   506   -99   -99 
1980  25.9  25.6  25.9 -99.0 -99.0  24.8  24.1  24.9  25.4  24.8 -99.0 -99.0   506   506   506   -99   -99   506   506   506   506   506   -99   -99 
1981  26.1  26.7  26.7  27.5  26.8  24.8  25.0  26.3  26.5  26.1  25.6  26.0   506   506   506   506   506   506   506   506   506   506   506   506 
1982  26.3 -99.0  27.0  26.2  25.9  25.4  25.1  26.0  26.0  25.4  26.1  26.4   506   -99   506   506   506   506   506   506   506   506   506   506 
1983  26.6  27.0  28.0 -99.0  27.2  25.6  25.1  26.0  26.5  26.5  26.1  25.8   506   506   506   -99   506   506   506   506   506   506   506   506 
1984  25.7  26.7  26.9  26.6  26.7  26.1  24.9  25.8  25.6  26.1  25.7  25.5   506   506   506   506   506   506   506   506   506   506   506   506 
1985  25.1  25.5  25.7  25.6  26.2  25.7  24.7  25.0  25.6  25.7  25.6  25.0   506   506   506   506   506   506   506   506   506   506   506   506 
1986  23.8  27.3  25.8  26.7  26.5  25.9  25.0  24.6  25.1  25.4  25.7  25.1   506   506   506   506   506   506   506   506   506   506   506   506 
1987  26.5  26.4  27.3  27.5  27.3  26.0  25.9  26.3  26.4  26.7  26.0  26.6   506   506   506   506   506   506   506   506   506   506   506   506 
1988  27.3  26.3  27.4  27.0  27.1  25.8  24.9  26.2  26.1  25.1  25.9  25.2   506   506   506   506   506   506   506   506   506   506   506   506 
1989  25.9  26.7  25.9  27.5  26.0  26.0  24.6  26.4  26.5  25.8  26.2  26.5   506   506   506   506   506   506   506   506   506   506   506   506 
1990  26.5  26.4  27.1  27.3  26.4  25.8  25.4  25.3  25.1  26.2  26.0  26.1   506   506   506   506   506   506   506   506   506   506   506   506 
1991  26.1  26.9  26.1  26.7  26.8  26.2  24.6  25.8  26.6  26.3  25.6  26.1   506   506   506   506   506   506   506   506   506   506   506   506 
1992  25.6  26.1  27.1  27.5  26.6  24.8  25.4  25.8  26.4  26.4  25.8  22.9   506   506   506   506   506   506   506   506   506   506   506   506 
1993  26.1  25.5  26.4  26.5  26.5  25.2  25.5  25.6  25.7  25.0  25.9  26.4   506   506   506   506   506   506   506   506   506   506   506   506 
1994  25.7  26.3  26.5  26.8  26.4  25.6  25.3  26.1  26.1  25.4  25.2  25.7   506   506   506   506   506   506   506   506   506   506   506   506 
1995  26.2  25.2  25.8  27.1  27.1  24.1  25.8  26.7  26.7  26.2  26.3  25.9   506   506   506   506   506   506   506   506   506   506   506   506 
1996  26.1  26.2  25.9  27.1  26.8  25.3  25.0  26.7  26.0  26.3  24.6  25.7   506   506   506   506   506   506   506   506   506   506   506   506 
1997  25.6  27.2  26.7  26.9 -99.0 -99.0 -99.0 -99.0 -99.0 -99.0 -99.0 -99.0   506   506   506   506   -99   -99   -99   -99   -99   -99   -99   -99 
1998 -99.0 -99.0 -99.0 -99.0 -99.0 -99.0 -99.0 -99.0 -99.0 -99.0 -99.0 -99.0   -99   -99   -99   -99   -99   -99   -99   -99   -99   -99   -99   -99 
1999 -99.0 -99.0 -99.0 -99.0 -99.0 -99.0 -99.0 -99.0 -99.0 -99.0 -99.0 -99.0   -99   -99   -99   -99   -99   -99   -99   -99   -99   -99   -99   -99 
2000 -99.0 -99.0 -99.0 -99.0 -99.0 -99.0 -99.0 -99.0 -99.0 -99.0 -99.0 -99.0   -99   -99   -99   -99   -99   -99   -99   -99   -99   -99   -99   -99 
2001 -99.0 -99.0 -99.0 -99.0  25.9  26.2  26.0  26.8  27.6  26.8  26.8 -99.0   -99   -99   -99   -99   506   506   506   506   506   506   506   -99 
2002  26.6  27.7  27.6  27.7  28.7  27.8  26.7  25.6  27.1 -99.0 -99.0 -99.0   506   506   506   506   506   506   506   506   506   -99   -99   -99 
2003  26.4  27.3  27.7  27.4 -99.0  26.7  24.7  26.5 -99.0  25.8  26.6  26.5   506   506   506   506   -99   506   506   506   -99   506   506   506 
2004  26.2  26.0  27.2  27.0  27.7  25.0  25.1  26.1  27.2  26.7  26.6  26.9   506   506   506   506   506   506   506   506   506   506   506   506 
2005  27.7  27.9  28.0  27.9  27.2  25.0  25.9  26.0  28.1  27.0  26.8  26.1   506   506   506   506   506   506   506   506   506   506   506   506 
2006  27.3  27.1  27.4  27.1  26.5  27.5  26.8  27.1  27.0  27.1  26.3  27.0   506   506   506   506   506   506   506   506   506   506   506   506 
2007  26.8  27.5  28.4  28.4  28.1  26.5  26.8  27.3  27.1  27.4  26.5  26.6   506   506   506   506   506   506   506   506   506   506   506   506 
2008  27.1  27.4  27.9  28.2 -99.0  27.0  26.2  25.7  26.2  25.5  25.6  26.2   506   506   506   506   -99   506   506   506   506   506   506   506 
2009  25.6  27.0  26.9  26.6  26.4  26.2  25.2  26.2  26.9  26.0  25.4  25.6   506   506   506   506   506   506   506   506   506   506   506   506 
2010  26.5  27.3  27.3  27.3  27.5  26.1  25.9  27.0  27.1  27.1  26.6  26.2   506   506   506   506   506   506   506   506   506   506   506   506 
2011  26.9  26.8  27.3  27.2  26.9  26.0  25.7 -99.0 -99.0 -99.0  25.7 -99.0   506   506   506   506   506   506   506   -99   -99   -99   506   -99 
2012 -99.0  25.8 -99.0 -99.0 -99.0  25.6  24.9 -99.0  26.1  25.7  25.6 -99.0   -99   506   -99   -99   -99   506   506   -99   506   506   506   -99 
2013  26.2 -99.0 -99.0  26.7 -99.0  26.3  25.9 -99.0  26.5  26.0 -99.0 -99.0   900   -99   -99   903   -99   900   900   -99   900   900   -99   -99 
2014 -99.0 -99.0  27.0  27.1  26.3  26.0  25.5  26.1  26.2  25.8  25.6  26.0   -99   -99   900   900   900   900   900   900   900   900   900   900 
2015 -99.0  26.2 -99.0  26.8  26.5  25.8  26.7  25.9 -99.0  26.6  25.9  25.6   -99   900   -99   900   900   900   900   900   -99   900   900   900 
2016 -99.0 -99.0  27.3  27.1  27.2 -99.0 -99.0 -99.0  26.9  26.7  26.2  25.9   -99   -99   900   900   900   -99   -99   -99   900   900   900   900 
2017  26.1  26.7  27.4  27.2  26.2  26.2 -99.0 -99.0  26.9  26.4  25.6  25.7   900   900   900   900   900   900   -99   -99   900   900   900   900 
2018  23.6  26.7  27.8  26.7  26.5  25.8  26.1  26.7  26.6  26.6  25.8  25.8   900   900   900   900   900   902   900   900   900   900   900   900 
2019  26.4 -99.0  27.4 -99.0 -99.0 -99.0  25.6  26.9  26.0  25.8  26.1  26.2   900   -99   900   -99   -99   -99   900   900   900   900   900   900 
2020  26.8  27.2  27.5  27.3  27.4  25.7  25.6  26.9  26.3  26.1  25.6 -99.0   900   900   900   900   900   900   900   900   900   900   900   -99 
