Number= 645520
Name= MITZIC
Country= GABON
Lat=    0.8
Long=  -11.5
Height= 583
Start year= 1951
End year= 2012
First Good year= 1951
Source ID= 10
Source file= Jones
Jones data to= 2012
Normals source= Data
Normals source start year= 1961
Normals source end year= 1990
Normals=  23.9  24.2  24.4  24.3  23.8  22.8  21.7  22.1  23.1  23.4  23.4  23.7 
Standard deviations source= Data
Standard deviations source start year= 1951
Standard deviations source end year= 1990
Standard deviations=   0.5   0.6   0.4   0.5   0.5   0.5   0.7   0.6   0.4   0.6   0.5   0.4 
Obs:
1951  24.6  23.9  24.5  24.4  24.3  23.9  22.4  22.2  23.3  24.2  23.7  24.5   506   506   506   506   506   506   506   506   506   506   506   506 
1952  23.5  24.3  24.1  23.4  23.1  22.9  20.6  20.5  23.4  24.0  23.4  23.4   506   506   506   506   506   506   506   506   506   506   506   506 
1953  23.5  23.7  24.2  25.3  23.9  23.0  21.8  21.5  23.0  23.6  24.0  24.4   506   506   506   506   506   506   506   506   506   506   506   506 
1954  24.2  23.0  24.3  23.6  23.3  22.5  20.3  21.2  22.7  23.5  23.3  23.9   506   506   506   506   506   506   506   506   506   506   506   506 
1955  23.5  23.6  24.0  23.7  23.7  23.1  21.5  21.6  22.8  24.0  23.6  23.4   506   506   506   506   506   506   506   506   506   506   506   506 
1956  23.7  23.7  23.6  23.5  24.0  22.9  20.4  21.0  23.1  23.7  23.6  23.6   506   506   506   506   506   506   506   506   506   506   506   506 
1957  23.3  24.2  24.0  23.9  24.6  23.0  21.5  22.3  23.2  23.8  24.1  24.3   506   506   506   506   506   506   506   506   506   506   506   506 
1958  24.7  24.5  24.9  24.3  23.9  22.0  21.2  21.4  22.9  23.8  24.3  24.2   506   506   506   506   506   506   506   506   506   506   506   506 
1959  24.0  24.5  24.6  23.4  23.3  22.0  21.7  22.2  22.7  23.6  23.3  23.5   506   506   506   506   506   506   506   506   506   506   506   506 
1960  24.3  24.0  24.2  24.1  24.1  22.5  22.2  22.5  23.8  24.0  23.9  23.9   506   506   506   506   506   506   506   506   506   506   506   506 
1961  23.7  23.2  24.5  24.6  24.2  22.0  21.3  21.5  23.1  23.3  22.8  23.7   506   506   506   506   506   506   506   506   506   506   506   506 
1962  24.0  24.7  24.4  24.5  24.3  22.6  21.8  22.1  22.8  24.0  23.9  24.0   506   506   506   506   506   506   506   506   506   506   506   506 
1963  22.9  24.1  24.3  24.5  24.5  23.6  22.5  22.0  23.8  24.2  23.8  23.4   506   506   506   506   506   506   506   506   506   506   506   506 
1964  24.6  24.6  24.6  24.7  23.4  21.8  21.1  21.5  23.9  23.1  23.3  23.5   506   506   506   506   506   506   506   506   506   506   506   506 
1965  24.1  24.2  24.4  24.0  24.0  22.9  21.2  21.9  23.6  23.5  23.2  23.6   506   506   506   506   506   506   506   506   506   506   506   506 
1966  23.6  24.2  24.5  24.0  23.9  23.1  22.1  22.3  22.8  23.7  23.5  23.6   506   506   506   506   506   506   506   506   506   506   506   506 
1967  23.9  24.2  24.5  24.5  23.8  22.7  21.3  21.4  22.9  23.3  23.9  24.0   506   506   506   506   506   506   506   506   506   506   506   506 
1968  24.0  24.4  23.9  24.3  23.9  22.8  21.5  21.9  22.6  23.6  23.4  23.6   506   506   506   506   506   506   506   506   506   506   506   506 
1969  23.7  24.8  25.5  25.1  24.8  22.4  21.5  22.2  23.6  23.9  23.9  24.2   506   506   506   506   506   506   506   506   506   506   506   506 
1970  24.5  25.0  24.3  25.0  24.2  23.0  21.3  22.0  22.6  22.9  23.0  23.6   506   506   506   506   506   506   506   506   506   506   506   506 
1971  23.6  24.1  24.5  24.2  23.5  23.7  21.7  21.9  23.3  23.9  23.4  23.7   506   506   506   506   506   506   506   506   506   506   506   506 
1972  24.0  24.4  24.2  24.1  23.6  22.2  21.8  21.5  23.0  22.8  22.7  23.4   506   506   506   506   506   506   506   506   506   506   506   506 
1973  23.9  24.5  24.0  23.9  23.2  23.0  22.8  21.8  22.7  24.0  22.7  23.6   506   506   506   506   506   506   506   506   506   506   506   506 
1974  23.6  23.2  24.6  24.0  23.1  23.8  21.1  22.3  23.5  23.6  23.7  23.5   506   506   506   506   506   506   506   506   506   506   506   506 
1975  24.6  24.3  24.6  24.8  24.5  23.3  22.2  21.6  22.9  23.7  23.5  23.7   506   506   506   506   506   506   506   506   506   506   506   506 
1976  23.2  23.0  23.8  24.0  22.9  21.9  20.7  21.5  22.3  22.3  22.6  22.6   506   506   506   506   506   506   506   506   506   506   506   506 
1977  23.3  23.6  23.8  24.2  23.6  22.6  20.6  22.7  22.8  24.3  23.9  24.1   506   506   506   506   506   506   506   506   506   506   506   506 
1978  24.7  24.3  25.3  24.5  24.1  22.8  21.6  23.6  23.1  24.0  23.3  23.9   506   506   506   506   506   506   506   506   506   506   506   506 
1979  24.6  25.1  24.9  24.6  24.5  23.2  23.1  21.7  23.0  24.4  23.6  24.3   506   506   506   506   506   506   506   506   506   506   506   506 
1980  24.5  25.2  25.0  25.1  24.7  23.0  21.9  22.5  24.1  22.4  23.8  23.7   506   506   506   506   506   506   506   506   506   506   506   506 
1981  24.0  25.0  24.0  24.0  23.0  23.0  21.0  22.0  23.0  23.0  23.0  23.0   506   506   506   506   506   506   506   506   506   506   506   506 
1982  23.4  23.9  24.1  23.8  23.4  21.9  21.2  21.4  22.6  22.5  23.1  23.6   506   506   506   506   506   506   506   506   506   506   506   506 
1983 -99.0 -99.0 -99.0 -99.0 -99.0  22.5 -99.0 -99.0 -99.0 -99.0 -99.0 -99.0   -99   -99   -99   -99   -99   506   -99   -99   -99   -99   -99   -99 
1984  23.6  24.2  24.0  24.2  23.5  22.9  22.7  22.8 -99.0 -99.0 -99.0 -99.0   506   506   506   506   506   506   506   506   -99   -99   -99   -99 
1985  23.3  23.5  24.2  23.6  23.3  22.5  21.8  22.2  22.7  22.7  23.0  23.7   506   506   506   506   506   506   506   506   506   506   506   506 
1986  23.8  23.4  23.5  24.2  24.2  22.7  21.2 -99.0 -99.0  22.6  22.5  23.3   506   506   506   506   506   506   506   -99   -99   506   506   506 
1987  24.2  24.1  24.4  24.3  24.3  23.1  23.2  22.7  23.0  23.3  23.9  24.3   506   506   506   506   506   506   506   506   506   506   506   506 
1988  24.2 -99.0 -99.0  24.4 -99.0 -99.0 -99.0  23.3  22.9 -99.0 -99.0 -99.0   506   -99   -99   506   -99   -99   -99   506   506   -99   -99   -99 
1989  24.3  24.0  23.8  24.1  23.2  22.5  21.8  22.5  23.8  24.0  23.9  23.9   506   506   506   506   506   506   506   506   506   506   506   506 
1990 -99.0 -99.0 -99.0 -99.0 -99.0 -99.0 -99.0 -99.0 -99.0 -99.0 -99.0 -99.0   -99   -99   -99   -99   -99   -99   -99   -99   -99   -99   -99   -99 
1991 -99.0 -99.0 -99.0 -99.0 -99.0 -99.0 -99.0 -99.0 -99.0 -99.0 -99.0 -99.0   -99   -99   -99   -99   -99   -99   -99   -99   -99   -99   -99   -99 
1992 -99.0 -99.0 -99.0 -99.0 -99.0 -99.0 -99.0 -99.0 -99.0 -99.0 -99.0 -99.0   -99   -99   -99   -99   -99   -99   -99   -99   -99   -99   -99   -99 
1993  24.0 -99.0 -99.0 -99.0 -99.0 -99.0 -99.0 -99.0 -99.0 -99.0 -99.0 -99.0   506   -99   -99   -99   -99   -99   -99   -99   -99   -99   -99   -99 
1994 -99.0 -99.0 -99.0 -99.0 -99.0 -99.0  21.5 -99.0 -99.0 -99.0 -99.0 -99.0   -99   -99   -99   -99   -99   -99   506   -99   -99   -99   -99   -99 
1995 -99.0 -99.0 -99.0 -99.0 -99.0 -99.0 -99.0 -99.0 -99.0 -99.0 -99.0 -99.0   -99   -99   -99   -99   -99   -99   -99   -99   -99   -99   -99   -99 
1996 -99.0 -99.0 -99.0 -99.0 -99.0 -99.0 -99.0 -99.0 -99.0 -99.0 -99.0 -99.0   -99   -99   -99   -99   -99   -99   -99   -99   -99   -99   -99   -99 
1997 -99.0 -99.0 -99.0 -99.0 -99.0 -99.0 -99.0 -99.0 -99.0 -99.0 -99.0 -99.0   -99   -99   -99   -99   -99   -99   -99   -99   -99   -99   -99   -99 
1998 -99.0 -99.0 -99.0 -99.0 -99.0 -99.0 -99.0 -99.0 -99.0 -99.0 -99.0 -99.0   -99   -99   -99   -99   -99   -99   -99   -99   -99   -99   -99   -99 
1999 -99.0 -99.0 -99.0 -99.0 -99.0 -99.0 -99.0 -99.0 -99.0 -99.0 -99.0 -99.0   -99   -99   -99   -99   -99   -99   -99   -99   -99   -99   -99   -99 
2000 -99.0 -99.0 -99.0 -99.0 -99.0 -99.0 -99.0 -99.0 -99.0 -99.0 -99.0 -99.0   -99   -99   -99   -99   -99   -99   -99   -99   -99   -99   -99   -99 
2001 -99.0 -99.0 -99.0 -99.0 -99.0 -99.0 -99.0 -99.0 -99.0 -99.0 -99.0 -99.0   -99   -99   -99   -99   -99   -99   -99   -99   -99   -99   -99   -99 
2002 -99.0 -99.0 -99.0 -99.0 -99.0 -99.0 -99.0 -99.0 -99.0 -99.0  25.2 -99.0   -99   -99   -99   -99   -99   -99   -99   -99   -99   -99   506   -99 
2003  24.4 -99.0 -99.0 -99.0 -99.0 -99.0 -99.0 -99.0 -99.0 -99.0 -99.0  24.5   506   -99   -99   -99   -99   -99   -99   -99   -99   -99   -99   506 
2004  24.6 -99.0 -99.0 -99.0  25.7 -99.0 -99.0 -99.0 -99.0 -99.0 -99.0 -99.0   506   -99   -99   -99   506   -99   -99   -99   -99   -99   -99   -99 
2005 -99.0 -99.0 -99.0 -99.0 -99.0 -99.0 -99.0 -99.0 -99.0 -99.0 -99.0 -99.0   -99   -99   -99   -99   -99   -99   -99   -99   -99   -99   -99   -99 
2006 -99.0 -99.0 -99.0 -99.0 -99.0 -99.0 -99.0 -99.0 -99.0 -99.0 -99.0 -99.0   -99   -99   -99   -99   -99   -99   -99   -99   -99   -99   -99   -99 
2007 -99.0 -99.0 -99.0 -99.0 -99.0 -99.0 -99.0 -99.0 -99.0 -99.0 -99.0 -99.0   -99   -99   -99   -99   -99   -99   -99   -99   -99   -99   -99   -99 
2008 -99.0 -99.0 -99.0 -99.0 -99.0 -99.0 -99.0 -99.0 -99.0 -99.0 -99.0 -99.0   -99   -99   -99   -99   -99   -99   -99   -99   -99   -99   -99   -99 
2009 -99.0 -99.0 -99.0 -99.0 -99.0 -99.0 -99.0 -99.0 -99.0 -99.0 -99.0 -99.0   -99   -99   -99   -99   -99   -99   -99   -99   -99   -99   -99   -99 
2010 -99.0 -99.0 -99.0 -99.0 -99.0 -99.0 -99.0 -99.0 -99.0 -99.0 -99.0 -99.0   -99   -99   -99   -99   -99   -99   -99   -99   -99   -99   -99   -99 
2011 -99.0 -99.0 -99.0 -99.0 -99.0 -99.0 -99.0 -99.0 -99.0 -99.0 -99.0 -99.0   -99   -99   -99   -99   -99   -99   -99   -99   -99   -99   -99   -99 
2012 -99.0 -99.0 -99.0 -99.0 -99.0 -99.0 -99.0 -99.0 -99.0 -99.0 -99.0 -99.0   -99   -99   -99   -99   -99   -99   -99   -99   -99   -99   -99   -99 
