Number= 648600
Name= GAROUA
Country= CAMEROON
Lat=    9.3
Long=  -13.4
Height= 242
Start year= 1951
End year= 2018
First Good year= 1951
Source ID= 10
Source file= Jones
Jones data to= 2012
Normals source= Data
Normals source start year= 1961
Normals source end year= 1990
Normals=  25.9  28.6  32.0  32.5  30.5  27.8  26.4  26.1  26.2  27.6  27.4  25.8 
Standard deviations source= Data
Standard deviations source start year= 1951
Standard deviations source end year= 1990
Standard deviations=   1.2   1.4   0.9   0.9   1.2   0.6   0.6   0.5   0.5   0.5   1.0   0.9 
Obs:
1951  25.8  28.0  32.5  33.2  30.1 -99.0 -99.0 -99.0 -99.0 -99.0  26.5  24.3   506   506   506   506   506   -99   -99   -99   -99   -99   506   506 
1952  27.0  28.1  31.3  33.0  32.3  27.5  26.4  26.0  25.9  27.7  28.1  27.3   506   506   506   506   506   506   506   506   506   506   506   506 
1953  27.3  30.1  32.5  32.5  29.0  26.9  25.8  26.4  26.6  27.9  27.9  25.7   506   506   506   506   506   506   506   506   506   506   506   506 
1954  27.0  31.5  32.6  32.0  29.7  27.3  26.0  25.6  26.3  27.5  28.1  26.8   506   506   506   506   506   506   506   506   506   506   506   506 
1955  26.6  29.1  33.3  32.1  29.7  26.9  26.2  25.7  25.6  27.0  27.2  25.8   506   506   506   506   506   506   506   506   506   506   506   506 
1956  26.1  30.5  32.2  33.0  32.1  27.8  26.6  26.3  26.0  27.4  28.7  26.8   506   506   506   506   506   506   506   506   506   506   506   506 
1957  26.4  27.5  31.6  33.1  29.4  27.1  26.3  25.9  26.1  27.2  28.1  26.7   506   506   506   506   506   506   506   506   506   506   506   506 
1958  27.4  27.6  32.7  32.5  30.4  27.0  26.5  26.3  26.1  28.2  29.0  27.8   506   506   506   506   506   506   506   506   506   506   506   506 
1959  26.8  27.9  32.1  32.9  29.9  27.7  26.9  26.1  25.9  28.3  28.4  26.4   506   506   506   506   506   506   506   506   506   506   506   506 
1960  26.5  28.3  31.6  31.6  28.9  27.2  25.9  26.1  26.1  27.7  26.8  27.9   506   506   506   506   506   506   506   506   506   506   506   506 
1961  26.9  26.6  30.3  32.8  32.4  27.9  26.0  25.4  26.2  27.9  26.9  24.9   506   506   506   506   506   506   506   506   506   506   506   506 
1962  24.8  29.5  32.9  31.7  29.7  26.9  26.7  25.6  26.0  27.8  29.6  26.2   506   506   506   506   506   506   506   506   506   506   506   506 
1963  29.2  31.2  31.2  31.8  31.0  28.5  26.2  25.9  26.9  27.1  26.7  25.7   506   506   506   506   506   506   506   506   506   506   506   506 
1964  26.0  27.7  30.9  30.2  29.4  26.7  25.8  26.8  26.2  27.7  26.6  26.3   506   506   506   506   506   506   506   506   506   506   506   506 
1965  27.2  29.2  31.4  31.7  30.9  27.5  26.9  25.9  27.0  26.7  26.9  25.9   506   506   506   506   506   506   506   506   506   506   506   506 
1966  26.7  27.9  32.2  31.4  28.7  26.9  27.4  25.9  26.4  28.2  28.3  26.4   506   506   506   506   506   506   506   506   506   506   506   506 
1967  25.2  29.4  30.9  33.2  30.8  27.2  26.4  26.1  26.0  27.8  27.9  27.3   506   506   506   506   506   506   506   506   506   506   506   506 
1968  25.9  28.7  32.4  31.5  30.0  26.5  26.4  26.1  26.0  27.9  27.9  26.0   506   506   506   506   506   506   506   506   506   506   506   506 
1969  24.9  29.6  33.6  32.4  31.4  27.8  26.4  25.9  26.4  27.2  26.8  25.6   506   506   506   506   506   506   506   506   506   506   506   506 
1970  25.9  27.9  31.4  33.6  30.2  28.3  26.3  25.7  25.5  28.0  27.0  25.3   506   506   506   506   506   506   506   506   506   506   506   506 
1971  24.4  28.7  32.8  32.3  31.5  27.7  25.8  24.8  25.3  26.7  26.4  24.4   506   506   506   506   506   506   506   506   506   506   506   506 
1972  25.9  29.0  32.3  31.0  29.9  27.1  26.4  25.3  26.4  26.8  25.8  26.2   506   506   506   506   506   506   506   506   506   506   506   506 
1973  27.6  30.4  32.7  33.5  31.2  28.3  27.0  25.6  26.0  27.6  26.4  27.1   506   506   506   506   506   506   506   506   506   506   506   506 
1974  25.0  26.5  31.6  31.9  29.0  28.0  25.6  26.1  25.3  27.1  27.2  24.2   506   506   506   506   506   506   506   506   506   506   506   506 
1975  23.7  28.5  32.2  33.2  30.3  28.3  26.1  25.9  25.2  27.1  28.4  25.6   506   506   506   506   506   506   506   506   506   506   506   506 
1976  25.8  24.3  32.3  31.6  30.0  27.2  26.1  26.3  26.7  27.5  26.7  25.4   506   506   506   506   506   506   506   506   506   506   506   506 
1977  26.1  27.1  31.0  34.2  32.4  28.1  27.0  26.8  27.3  27.6  28.9  24.8   506   506   506   506   506   506   506   506   506   506   506   506 
1978  25.6  29.5  33.0  31.7  29.3  27.3  26.5  27.1  26.7  28.2  26.5  25.8   506   506   506   506   506   506   506   506   506   506   506   506 
1979  26.2  29.5  33.3  33.2  29.3  27.9  27.5  27.1  26.7  28.7  28.3  24.9   506   506   506   506   506   506   506   506   506   506   506   506 
1980  27.1  29.9  32.5  34.0  30.2  28.7  26.1  26.4  27.3  27.4  27.5  24.6   506   506   506   506   506   506   506   506   506   506   506   506 
1981  24.2  28.7  32.2  32.9 -99.0 -99.0  25.8  26.0  26.3  27.6  25.9 -99.0   506   506   506   506   -99   -99   506   506   506   506   506   -99 
1982 -99.0  26.9 -99.0  32.7  30.6  28.0 -99.0 -99.0 -99.0 -99.0 -99.0  25.8   -99   506   -99   506   506   506   -99   -99   -99   -99   -99   506 
1983 -99.0  29.1  30.6 -99.0 -99.0  28.0 -99.0  26.3  26.3  28.0 -99.0  27.3   -99   506   506   -99   -99   506   -99   506   506   506   -99   506 
1984  25.2  29.0 -99.0  32.4  28.8  28.3  26.5  27.3 -99.0  28.3  29.0  26.0   506   506   -99   506   506   506   506   506   -99   506   506   506 
1985  26.9  28.3  32.6 -99.0 -99.0  28.3  25.8  26.0  26.1  28.3  27.8  26.1   506   506   506   -99   -99   506   506   506   506   506   506   506 
1986  26.2  30.7  33.4  34.2  31.5  28.4 -99.0  25.7  26.1  27.6 -99.0 -99.0   506   506   506   506   506   506   -99   506   506   506   -99   -99 
1987 -99.0  29.7 -99.0 -99.0  33.5  28.9  28.2  26.3  26.3  27.7 -99.0  26.3   -99   506   -99   -99   506   506   506   506   506   506   -99   506 
1988  26.6  29.4  33.2  33.6  31.1 -99.0  26.1 -99.0  25.5  27.6  26.5  25.5   506   506   506   506   506   -99   506   -99   506   506   506   506 
1989  22.9 -99.0  31.0 -99.0  29.4 -99.0  25.3 -99.0  26.2  27.1 -99.0 -99.0   506   -99   506   -99   506   -99   506   -99   506   506   -99   -99 
1990 -99.0  27.5  30.7 -99.0 -99.0 -99.0 -99.0 -99.0 -99.0 -99.0  29.0 -99.0   -99   506   506   -99   -99   -99   -99   -99   -99   -99   506   -99 
1991 -99.0 -99.0  33.6  32.6 -99.0 -99.0 -99.0 -99.0 -99.0  27.4 -99.0 -99.0   -99   -99   506   506   -99   -99   -99   -99   -99   506   -99   -99 
1992 -99.0  27.4 -99.0 -99.0  29.8  27.6  26.2 -99.0 -99.0  27.7 -99.0 -99.0   -99   506   -99   -99   506   506   506   -99   -99   506   -99   -99 
1993  24.2 -99.0 -99.0  32.3 -99.0 -99.0 -99.0  26.2 -99.0 -99.0  29.0  26.5   506   -99   -99   506   -99   -99   -99   506   -99   -99   506   506 
1994 -99.0  28.3 -99.0  31.8 -99.0  27.5 -99.0  25.5  26.0 -99.0  26.8  24.4   -99   506   -99   506   -99   506   -99   506   506   -99   506   506 
1995 -99.0 -99.0 -99.0  33.2 -99.0  27.5  26.2 -99.0 -99.0  27.4 -99.0 -99.0   -99   -99   -99   506   -99   506   506   -99   -99   506   -99   -99 
1996  26.5 -99.0  33.0  33.1 -99.0 -99.0 -99.0  25.4  25.5 -99.0  25.8  25.9   506   -99   506   506   -99   -99   -99   506   506   -99   506   506 
1997  25.8 -99.0  31.9 -99.0 -99.0 -99.0 -99.0 -99.0 -99.0 -99.0  27.7  25.5   506   -99   506   -99   -99   -99   -99   -99   -99   -99   506   506 
1998 -99.0  29.9  31.1 -99.0 -99.0  28.9 -99.0  26.3 -99.0 -99.0  28.2  26.2   -99   506   506   -99   -99   506   -99   506   -99   -99   506   506 
1999 -99.0  30.3 -99.0  33.5 -99.0 -99.0 -99.0  25.8 -99.0  26.4 -99.0 -99.0   -99   506   -99   506   -99   -99   -99   506   -99   506   -99   -99 
2000 -99.0  26.4 -99.0 -99.0 -99.0 -99.0 -99.0 -99.0  25.3 -99.0  27.6  24.9   -99   506   -99   -99   -99   -99   -99   -99   506   -99   506   506 
2001  24.5 -99.0 -99.0 -99.0 -99.0 -99.0 -99.0 -99.0 -99.0 -99.0 -99.0 -99.0   506   -99   -99   -99   -99   -99   -99   -99   -99   -99   -99   -99 
2002  23.7 -99.0 -99.0 -99.0 -99.0 -99.0 -99.0 -99.0 -99.0 -99.0 -99.0 -99.0   506   -99   -99   -99   -99   -99   -99   -99   -99   -99   -99   -99 
2003 -99.0 -99.0 -99.0 -99.0 -99.0 -99.0 -99.0 -99.0 -99.0 -99.0 -99.0 -99.0   -99   -99   -99   -99   -99   -99   -99   -99   -99   -99   -99   -99 
2004 -99.0 -99.0 -99.0 -99.0 -99.0 -99.0 -99.0 -99.0 -99.0 -99.0 -99.0 -99.0   -99   -99   -99   -99   -99   -99   -99   -99   -99   -99   -99   -99 
2005 -99.0  32.3  34.8 -99.0 -99.0 -99.0 -99.0  26.2  26.9 -99.0 -99.0 -99.0   -99   506   506   -99   -99   -99   -99   506   506   -99   -99   -99 
2006 -99.0 -99.0  33.1  33.1 -99.0 -99.0 -99.0 -99.0 -99.0 -99.0 -99.0 -99.0   -99   -99   506   506   -99   -99   -99   -99   -99   -99   -99   -99 
2007 -99.0 -99.0  32.3 -99.0 -99.0  27.7 -99.0 -99.0 -99.0 -99.0 -99.0 -99.0   -99   -99   506   -99   -99   506   -99   -99   -99   -99   -99   -99 
2008 -99.0 -99.0 -99.0 -99.0 -99.0 -99.0 -99.0 -99.0 -99.0 -99.0 -99.0 -99.0   -99   -99   -99   -99   -99   -99   -99   -99   -99   -99   -99   -99 
2009 -99.0 -99.0 -99.0 -99.0 -99.0 -99.0 -99.0 -99.0 -99.0 -99.0 -99.0 -99.0   -99   -99   -99   -99   -99   -99   -99   -99   -99   -99   -99   -99 
2010 -99.0 -99.0 -99.0 -99.0 -99.0 -99.0 -99.0 -99.0 -99.0 -99.0 -99.0 -99.0   -99   -99   -99   -99   -99   -99   -99   -99   -99   -99   -99   -99 
2011 -99.0 -99.0 -99.0 -99.0 -99.0 -99.0 -99.0 -99.0 -99.0 -99.0 -99.0 -99.0   -99   -99   -99   -99   -99   -99   -99   -99   -99   -99   -99   -99 
2012 -99.0 -99.0 -99.0 -99.0 -99.0 -99.0 -99.0 -99.0  26.4 -99.0 -99.0 -99.0   -99   -99   -99   -99   -99   -99   -99   -99   506   -99   -99   -99 
2013 -99.0 -99.0 -99.0 -99.0 -99.0 -99.0  26.7 -99.0 -99.0 -99.0 -99.0 -99.0   -99   -99   -99   -99   -99   -99   900   -99   -99   -99   -99   -99 
2014 -99.0 -99.0 -99.0  33.7 -99.0 -99.0 -99.0 -99.0 -99.0 -99.0 -99.0 -99.0   -99   -99   -99   903   -99   -99   -99   -99   -99   -99   -99   -99 
2015 -99.0 -99.0 -99.0 -99.0 -99.0 -99.0 -99.0 -99.0 -99.0 -99.0 -99.0 -99.0   -99   -99   -99   -99   -99   -99   -99   -99   -99   -99   -99   -99 
2016 -99.0 -99.0 -99.0 -99.0 -99.0 -99.0 -99.0 -99.0 -99.0 -99.0 -99.0 -99.0   -99   -99   -99   -99   -99   -99   -99   -99   -99   -99   -99   -99 
2017 -99.0 -99.0 -99.0 -99.0 -99.0 -99.0 -99.0 -99.0 -99.0 -99.0  34.0 -99.0   -99   -99   -99   -99   -99   -99   -99   -99   -99   -99   903   -99 
2018 -99.0  33.7  33.7  34.0  30.0  28.7 -99.0 -99.0 -99.0 -99.0 -99.0 -99.0   -99   903   900   900   900   900   -99   -99   -99   -99   -99   -99 
