Number= 144470
Name= Hvar
Country= CROATIA
Lat=   43.2
Long=  -16.4
Height= 20
Start year= 1858
End year= 2012
First Good year= 1858
Source ID= 49
Source file= Jones
Jones data to= 2012
Normals source= Data
Normals source start year= 1961
Normals source end year= 1990
Normals=   8.3   8.7  10.5  13.6  17.9  21.6  24.3  24.0  21.0  17.2  13.1   9.8 
Standard deviations source= Data
Standard deviations source start year= 1941
Standard deviations source end year= 1990
Standard deviations=   1.7   1.6   1.4   1.0   1.1   1.0   1.1   1.1   1.3   1.3   1.1   1.1 
Obs:
1858 -99.0 -99.0   8.4  14.7  17.5  22.5  24.7  22.5  20.4  17.6  10.7   9.1   -99   -99   506   506   506   506   506   506   506   506   506   506 
1859   5.8   8.3  10.6  14.0  18.2  21.2  26.4  26.0  19.9  19.2  12.7   7.8   506   506   506   506   506   506   506   506   506   506   506   506 
1860   9.1   6.4   8.6  13.1  17.9  22.1  22.5  24.1  21.7  16.5  11.1   8.7   506   506   506   506   506   506   506   506   506   506   506   506 
1861   6.9  10.4   9.5  12.5  15.5  21.9  24.2  25.0  21.0  16.9  14.3   6.9   506   506   506   506   506   506   506   506   506   506   506   506 
1862   7.4   7.9  12.0  15.2  19.0  22.3  24.3  23.2  20.6  17.8  13.3   7.0   506   506   506   506   506   506   506   506   506   506   506   506 
1863   9.6   9.7  12.1  14.7  20.6  22.8  24.2  27.1  22.5  18.5  12.5   9.4   506   506   506   506   506   506   506   506   506   506   506   506 
1864   3.7   8.0  11.4  10.9  16.4  20.2  23.2  22.3  19.3  14.7  12.9   9.2   506   506   506   506   506   506   506   506   506   506   506   506 
1865   9.7   5.3   7.5  14.0  19.1  20.7  24.5  24.1  20.9  16.7  12.9   9.0   506   506   506   506   506   506   506   506   506   506   506   506 
1866   8.5  11.1  12.1  14.7  15.8  22.9  24.2  22.4  21.1  15.3  10.8   9.3   506   506   506   506   506   506   506   506   506   506   506   506 
1867   9.9   9.7  11.5  14.2  18.1  21.4  23.5  24.0  22.8  16.2   9.3   6.5   506   506   506   506   506   506   506   506   506   506   506   506 
1868   7.6   8.2   9.6  12.6  20.2  23.6  23.7  23.8  21.0  18.7  10.7  10.7   506   506   506   506   506   506   506   506   506   506   506   506 
1869   5.6  10.2   8.5  13.5  20.2  21.0  24.1  22.4  19.8  15.4  11.2  10.0   506   506   506   506   506   506   506   506   506   506   506   506 
1870   6.0   7.4   8.4  12.2  18.6  21.7  24.5  22.0  18.3  14.9  13.2   8.3   506   506   506   506   506   506   506   506   506   506   506   506 
1871   7.8   7.7   9.6  13.6  16.2  19.5  24.8  22.9  20.8  15.1  11.9   5.0   506   506   506   506   506   506   506   506   506   506   506   506 
1872   8.3   9.0  11.8  14.6  19.0  20.1  23.9  23.4  21.5  18.7  13.5  12.0   506   506   506   506   506   506   506   506   506   506   506   506 
1873  10.0   8.6  12.6  14.2  16.1  20.3  25.3  24.8  20.5  17.8  12.0   8.0   506   506   506   506   506   506   506   506   506   506   506   506 
1874   6.9   5.9   7.3  13.5  14.3  22.8  25.9  22.4  21.3  17.0  10.6   9.8   506   506   506   506   506   506   506   506   506   506   506   506 
1875   7.2   4.9   7.6  12.0  18.8  23.5  24.3  23.9  19.0  15.0  11.0   7.3   506   506   506   506   506   506   506   506   506   506   506   506 
1876   6.9   8.5  11.2  14.9  16.6  21.2  23.8  23.8  20.0  17.4   9.4  11.1   506   506   506   506   506   506   506   506   506   506   506   506 
1877   9.6   8.5   8.7  13.3  16.5  22.3  24.2  25.5  20.4  14.3  12.6   8.1   506   506   506   506   506   506   506   506   506   506   506   506 
1878   5.8   7.6   8.6  13.4  18.5  21.9  23.7  23.9  21.6  17.8  13.2   7.9   506   506   506   506   506   506   506   506   506   506   506   506 
1879   8.1  10.7  10.2  13.5  14.8  22.1  23.2  24.8  21.8  15.4  10.0   5.2   506   506   506   506   506   506   506   506   506   506   506   506 
1880   4.4   8.9   9.1  14.4  17.4  21.2  25.6  22.0  20.3  16.4  13.6  11.0   506   506   506   506   506   506   506   506   506   506   506   506 
1881   7.0   7.6  10.3  13.8  16.6  20.4  24.8  25.2  19.6  14.9  11.4   9.5   506   506   506   506   506   506   506   506   506   506   506   506 
1882   9.0   7.6  13.3  13.4  17.6  20.8  23.6  22.7  20.3  17.5  12.3  10.3   506   506   506   506   506   506   506   506   506   506   506   506 
1883   7.8   8.3   7.5  11.7  17.1  21.1  24.0  23.8  20.5  16.4  12.4   7.4   506   506   506   506   506   506   506   506   506   506   506   506 
1884   7.5   8.5  10.6  13.8  19.3  18.7  23.9  22.0  19.8  14.7   8.7   9.0   506   506   506   506   506   506   506   506   506   506   506   506 
1885   6.9   9.7  11.1  14.0  16.9  21.1  23.5  24.1  20.8  16.9  12.9   7.7   506   506   506   506   506   506   506   506   506   506   506   506 
1886   8.9   7.9   8.5  13.6  16.7  20.6  23.9  22.8  21.8  17.9  12.9  10.0   506   506   506   506   506   506   506   506   506   506   506   506 
1887   7.7   6.9  11.2  12.5  16.7  21.0  25.0  23.9  21.4  14.8  12.2   8.0   506   506   506   506   506   506   506   506   506   506   506   506 
1888   4.9   7.3   9.6  13.0  17.7  22.6  24.0  22.3  21.5  15.8  10.9   8.9   506   506   506   506   506   506   506   506   506   506   506   506 
1889   6.7   6.8   9.3  12.5  18.8  22.5  24.2  24.2  19.1  17.6  11.6   7.7   506   506   506   506   506   506   506   506   506   506   506   506 
1890   9.2   6.8  10.3  13.6  18.0  20.3  23.6  26.0  18.8  15.0  12.2   7.3   506   506   506   506   506   506   506   506   506   506   506   506 
1891   5.3   5.9  10.2  12.1  17.6  20.4  24.2  23.7  20.7  16.9  12.2   8.9   506   506   506   506   506   506   506   506   506   506   506   506 
1892   8.7   9.7   9.5  14.2  17.9  22.0  23.4  24.4  21.7  18.1  11.8   8.6   506   506   506   506   506   506   506   506   506   506   506   506 
1893   4.5   7.9   9.6  13.0  16.6  20.8  24.3  23.5  21.0  18.1  14.1  10.3   506   506   506   506   506   506   506   506   506   506   506   506 
1894   7.9   7.5  10.1  14.8  18.2  21.0  25.4  23.4  20.8  18.4  13.6   8.5   506   506   506   506   506   506   506   506   506   506   506   506 
1895   8.2   6.1   8.8  13.8  17.8  21.8  24.9  23.3  21.4  17.2  13.6   9.0   506   506   506   506   506   506   506   506   506   506   506   506 
1896   6.0   8.3  11.5  11.3  16.6  21.8  24.5  22.7  19.5  18.3  12.4  10.5   506   506   506   506   506   506   506   506   506   506   506   506 
1897   8.7   9.5  11.6  14.4  16.8  21.8  25.1  24.3  21.9  15.7  11.0   8.2   506   506   506   506   506   506   506   506   506   506   506   506 
1898   8.7   8.5  11.5  14.4  17.7  22.3  23.4  24.3  21.4  18.4  16.1  10.2   506   506   506   506   506   506   506   506   506   506   506   506 
1899  10.1   8.8  11.1  14.2  18.0  20.5  24.2  23.4  20.3  16.6  12.7   8.7   506   506   506   506   506   506   506   506   506   506   506   506 
1900   9.3  10.3   8.7  13.1  17.4  21.9  24.3  23.2  21.0  18.5  14.9  10.6   506   506   506   506   506   506   506   506   506   506   506   506 
1901   6.2   5.8  11.2  13.7  17.7  22.2  24.1  23.6  20.8  17.1  11.3  11.1   506   506   506   506   506   506   506   506   506   506   506   506 
1902   9.1  11.1   9.9  14.3  14.9  20.0  24.0  24.2  21.7  17.1  11.7   8.2   506   506   506   506   506   506   506   506   506   506   506   506 
1903   8.3   8.9  11.0  11.5  17.5  20.7  23.4  24.1  21.0  17.0  12.8  11.3   506   506   506   506   506   506   506   506   506   506   506   506 
1904   8.6  10.0  11.3  14.5  18.8  22.9  26.2  24.2  19.0  16.6  10.4   9.4   506   506   506   506   506   506   506   506   506   506   506   506 
1905   4.6   6.9  10.8  13.2  18.0  21.7  25.7  24.9  22.3  13.8  13.9   9.3   506   506   506   506   506   506   506   506   506   506   506   506 
1906   6.9   7.9  10.2  13.2  17.6  20.9  24.2  24.1  18.9  16.2  13.9   8.1   506   506   506   506   506   506   506   506   506   506   506   506 
1907   6.1   7.4   7.1  11.7  18.2  21.9  23.3  24.4  21.2  19.7  13.3  10.9   506   506   506   506   506   506   506   506   506   506   506   506 
1908   7.8   7.8   9.0  11.8  19.7  22.8  24.1  23.7  19.7  16.6  11.0   8.9   506   506   506   506   506   506   506   506   506   506   506   506 
1909   7.0   5.0  10.2  14.6  17.7  20.7  23.6  23.8  20.7  17.4  11.4  11.3   506   506   506   506   506   506   506   506   506   506   506   506 
1910   8.9   9.3  10.6  13.4  17.2  21.8  23.1  24.4  19.3  16.7  11.6  11.3   506   506   506   506   506   506   506   506   506   506   506   506 
1911   6.9   5.4  10.4  12.7  16.7  21.7  24.8  25.1  21.1  17.6  15.2  11.0   506   506   506   506   506   506   506   506   506   506   506   506 
1912   7.6  10.3  11.9  11.5  17.3  21.5  24.1  23.3  17.4  15.5  10.4  10.2   506   506   506   506   506   506   506   506   506   506   506   506 
1913   8.5   7.7  12.0  14.1  17.5  21.6  21.4  22.5  21.4  17.7  14.2   9.5   506   506   506   506   506   506   506   506   506   506   506   506 
1914   6.2  10.2  11.3  14.5  17.3  20.1  23.0  23.6  20.1  15.3  11.8  11.2   506   506   506   506   506   506   506   506   506   506   506   506 
1915   9.0   9.0   9.3  13.3  18.9  22.3  23.9  23.2  19.4  15.1  11.2  11.9   506   506   506   506   506   506   506   506   506   506   506   506 
1916   9.0   9.1  12.6  14.3  18.5  22.5  24.4  22.6  19.2  16.2  14.2  11.9   506   506   506   506   506   506   506   506   506   506   506   506 
1917   9.1   7.0   9.4  12.4  18.7  23.0  24.2  24.6  22.1  17.5  12.1   8.2   506   506   506   506   506   506   506   506   506   506   506   506 
1918   8.7   8.1  10.0  14.1  18.3  19.8  23.4  22.9  22.5  16.1  10.9  10.9   506   506   506   506   506   506   506   506   506   506   506   506 
1919  12.2   7.6  11.4  13.0  12.3  20.8  22.0  23.1  21.6  15.0  13.8  11.5   506   506   506   506   506   506   506   506   506   506   506   506 
1920  12.0   9.1  12.0  16.5  19.1  20.6  24.1  23.4  20.2  13.9   8.0  12.8   506   506   506   506   506   506   506   506   506   506   506   506 
1921  11.5   8.2  12.0  12.5  18.0  18.5  23.7  24.2  19.5  16.9  10.2   7.0   506   506   506   506   506   506   506   506   506   506   506   506 
1922   6.5   5.1  12.8  13.8  17.5  21.7  24.2  25.7  20.3  15.4   8.0   8.7   506   506   506   506   506   506   506   506   506   506   506   506 
1923   9.3   8.5  10.6  13.6  19.3  18.7  23.7  25.1  23.9  19.4  18.1  10.0   506   506   506   506   506   506   506   506   506   506   506   506 
1924   5.3   7.0   9.3  13.8  20.2  21.5  23.4  22.4  22.4  16.8   9.6   8.0   506   506   506   506   506   506   506   506   506   506   506   506 
1925   9.8  10.9  10.2  13.6  17.6  20.9  22.9  23.7  19.7  18.5  15.2   7.0   506   506   506   506   506   506   506   506   506   506   506   506 
1926   8.8  11.8  11.0  14.9  16.9  19.2  21.5  22.4  23.1  18.7  17.4   9.9   506   506   506   506   506   506   506   506   506   506   506   506 
1927   9.2   7.2  12.3  14.3  17.9  24.1  26.1  25.7  22.1  17.2  15.7   9.6   506   506   506   506   506   506   506   506   506   506   506   506 
1928   9.6   8.6  10.3  14.6  16.0  21.9  27.1  26.4  22.5  16.7  13.7   7.7   506   506   506   506   506   506   506   506   506   506   506   506 
1929   6.2   4.3   9.1  11.9  18.9  23.1  25.0  24.6  21.2  17.6  14.9  11.0   506   506   506   506   506   506   506   506   506   506   506   506 
1930  10.3   8.6  12.1  14.8  17.2  22.9  24.7  23.7  23.0  17.5  15.4  10.9   506   506   506   506   506   506   506   506   506   506   506   506 
1931   9.5   9.4  10.5  12.7  18.8  24.4  25.6  24.9  18.4  15.8  12.3   8.1   506   506   506   506   506   506   506   506   506   506   506   506 
1932   8.5   4.8   9.2  12.7  17.6  20.5  23.6  25.1  24.1  20.0  14.3  11.9   506   506   506   506   506   506   506   506   506   506   506   506 
1933   8.3   8.3  10.0  13.1  16.3  19.2  23.9  24.1  20.1  17.3  14.6   9.2   506   506   506   506   506   506   506   506   506   506   506   506 
1934   7.8   8.7  12.1  15.3  20.0  21.9  24.5  23.9  21.1  16.8  14.4  11.4   506   506   506   506   506   506   506   506   506   506   506   506 
1935   5.3   8.2   9.0  13.2  17.0  23.3  24.5  23.6  20.8  18.3  14.2  10.7   506   506   506   506   506   506   506   506   506   506   506   506 
1936  11.7   8.6  11.8  14.2  18.2  21.6  25.5  23.7  20.2  14.1  12.2   9.7   506   506   506   506   506   506   506   506   506   506   506   506 
1937   8.3  10.2  12.1  13.1  18.5  24.2  24.8  23.9  21.1  17.3  12.5   8.8   506   506   506   506   506   506   506   506   506   506   506   506 
1938   6.7   7.4  10.7  11.1  16.2  23.4  25.0  23.8  20.4  17.4  13.9   9.3   506   506   506   506   506   506   506   506   506   506   506   506 
1939  10.5   9.4   8.2  15.0  16.6  21.0  25.3  24.6  21.2  17.4  13.3   8.7   506   506   506   506   506   506   506   506   506   506   506   506 
1940   6.0   7.3   9.0  12.4  17.2  21.1  23.6  21.7  20.7  17.9  14.2   5.4   506   506   506   506   506   506   506   506   506   506   506   506 
1941   8.6   9.3  10.3  13.1  16.1  21.5  23.5  23.8  18.5  15.0  11.8   7.2   506   506   506   506   506   506   506   506   506   506   506   506 
1942   4.0   7.2  10.9  13.3  18.0  22.8  24.1  24.4  23.7  18.5  11.0  11.3   506   506   506   506   506   506   506   506   506   506   506   506 
1943   7.0   9.7  11.3  14.2  18.3  21.5  24.2  26.5  25.0  20.1  11.9  11.4   506   506   506   506   506   506   506   506   506   506   506   506 
1944   9.0   7.4   7.2  15.2  18.8  21.9  23.3  25.7  21.8  18.0  12.4   9.6   506   506   506   506   506   506   506   506   506   506   506   506 
1945   4.6   8.2  10.4  14.3  20.4  24.2  26.5  24.8  21.1  15.5  12.1   8.7   506   506   506   506   506   506   506   506   506   506   506   506 
1946   6.9   8.3  11.2  15.0  19.1  22.8  26.1  26.0  23.0  15.3  13.6   8.1   506   506   506   506   506   506   506   506   506   506   506   506 
1947   4.3  10.1  12.6  15.3  19.7  23.0  26.0  25.3  21.9  16.8  14.0   9.0   506   506   506   506   506   506   506   506   506   506   506   506 
1948  11.1   7.6  11.3  13.9  18.3  20.3  22.2  24.6  21.0  17.9  12.8   8.9   506   506   506   506   506   506   506   506   506   506   506   506 
1949   9.2   8.1   7.9  14.6  18.3  20.5  23.9  23.0  21.6  17.4  14.1  10.6   506   506   506   506   506   506   506   506   506   506   506   506 
1950   7.1   9.5  11.5  14.0  19.1  23.9  27.5  25.8  22.0  17.4  13.3  10.8   506   506   506   506   506   506   506   506   506   506   506   506 
1951   9.8  10.5  10.7  13.2  17.7  22.2  24.0  24.1  22.3  15.7  14.2  10.6   506   506   506   506   506   506   506   506   506   506   506   506 
1952   7.9   7.3   9.3  15.3  17.7  22.8  25.9  25.5  21.2  16.3  11.4  10.4   506   506   506   506   506   506   506   506   506   506   506   506 
1953   6.9   7.2   9.1  14.0  17.8  21.0  25.1  23.6  21.4  18.4  12.6  10.9   506   506   506   506   506   506   506   506   506   506   506   506 
1954   5.7   6.8  11.6  12.7  16.1  22.6  23.3  23.3  21.5  16.1  12.2  10.2   506   506   506   506   506   506   506   506   506   506   506   506 
1955  10.9  10.1   9.9  12.2  17.8  21.3  24.0  22.9  20.4  17.1  12.1  11.5   506   506   506   506   506   506   506   506   506   506   506   506 
1956   8.8   3.4   8.2  12.6  17.5  20.1  24.2  26.0  22.1  16.3  12.4   9.3   506   506   506   506   506   506   506   506   506   506   506   506 
1957   8.4  10.8  11.0  14.0  16.7  23.5  24.5  24.5  20.7  18.1  13.6   9.8   506   506   506   506   506   506   506   506   506   506   506   506 
1958   9.0  10.7   7.8  12.0  19.4  21.5  24.7  25.8  21.1  17.1  14.4  11.6   506   506   506   506   506   506   506   506   506   506   506   506 
1959   8.1   9.2  12.4  14.0  17.6  21.0  24.8  23.3  19.1  15.7  13.4  12.0   506   506   506   506   506   506   506   506   506   506   506   506 
1960   8.8   9.5  11.4  13.9  17.6  22.1  22.8  24.3  20.8  18.0  14.4  12.1   506   506   506   506   506   506   506   506   506   506   506   506 
1961   8.5   9.4  11.8  16.3  17.1  22.0  23.4  23.9  21.9  18.2  14.1   9.6   506   506   506   506   506   506   506   506   506   506   506   506 
1962   9.4   7.6   8.5  13.8  17.7  21.0  24.0  26.2  22.0  18.1  13.6   8.4   506   506   506   506   506   506   506   506   506   506   506   506 
1963   5.6   6.9   9.6  14.3  18.1  22.2  25.3  24.3  21.7  17.4  16.0  10.3   506   506   506   506   506   506   506   506   506   506   506   506 
1964   7.4   8.7  10.9  14.0  18.0  23.1  24.1  23.1  20.5  16.8  13.4  10.7   506   506   506   506   506   506   506   506   506   506   506   506 
1965   9.3   4.7  10.6  12.2  16.7  21.2  24.5  23.1  20.4  17.0  13.8  10.7   506   506   506   506   506   506   506   506   506   506   506   506 
1966   6.3  11.1   9.9  14.8  17.7  22.3  23.8  24.5  21.6  19.1  12.5   9.5   506   506   506   506   506   506   506   506   506   506   506   506 
1967   6.8   8.2  10.9  12.8  17.8  20.1  24.8  24.7  21.1  18.9  14.8   9.3   506   506   506   506   506   506   506   506   506   506   506   506 
1968   6.2  10.2  10.5  15.5  19.9  21.8  24.3  22.2  20.6  16.7  13.4   8.8   506   506   506   506   506   506   506   506   506   506   506   506 
1969   8.4   8.8  10.2  13.2  19.4  20.6  22.8  23.2  21.4  18.3  15.0   8.1   506   506   506   506   506   506   506   506   506   506   506   506 
1970   9.7   8.1   9.7  12.8  16.5  22.0  23.7  24.3  22.2  16.0  13.9  10.4   506   506   506   506   506   506   506   506   506   506   506   506 
1971  10.2   8.6   7.7  14.2  19.0  21.3  24.3  25.7  18.8  15.3  12.7   9.9   506   506   506   506   506   506   506   506   506   506   506   506 
1972   9.6  10.3  12.3  14.2  17.5  22.2  24.5  23.1  18.8  14.2  12.4   9.2   506   506   506   506   506   506   506   506   506   506   506   506 
1973   8.7   8.3   9.3  11.7  18.5  22.0  24.4  24.3  22.5  17.6  12.2   9.3   506   506   506   506   506   506   506   506   506   506   506   506 
1974   9.5  10.6  11.3  13.0  16.6  20.7  23.8  24.8  21.6  13.8  12.6   9.9   506   506   506   506   506   506   506   506   506   506   506   506 
1975   8.9   8.2  11.6  13.8  18.2  20.6  23.9  23.3  22.2  16.8  12.2  10.2   506   506   506   506   506   506   506   506   506   506   506   506 
1976   7.8   9.5   9.2  13.1  17.8  21.6  23.9  21.0  19.2  17.6  12.7   9.5   506   506   506   506   506   506   506   506   506   506   506   506 
1977   9.7  10.5  12.5  13.4  18.4  21.0  24.2  23.9  19.8  17.2  13.1   9.1   506   506   506   506   506   506   506   506   506   506   506   506 
1978   8.5   8.8  10.5  12.9  16.0  21.1  22.9  22.8  18.8  16.0  11.6  10.8   506   506   506   506   506   506   506   506   506   506   506   506 
1979   6.9   9.7  11.8  12.7  18.3  23.5  23.8  22.9  20.3  17.2  13.3  11.5   506   506   506   506   506   506   506   506   506   506   506   506 
1980   7.1   8.9  10.1  11.0  15.4  19.9  23.0  24.2  20.9  17.2  13.2   8.2   506   506   506   506   506   506   506   506   506   506   506   506 
1981   5.8   7.1  11.6  14.0  17.5  21.5  23.6  23.5  20.7  18.0  10.7   9.4   506   506   506   506   506   506   506   506   506   506   506   506 
1982   8.0   7.0   9.8  13.2  18.2  23.5  25.0  24.2  23.1  17.8  14.1  11.1   506   506   506   506   506   506   506   506   506   506   506   506 
1983   9.2   6.7  10.6  14.2  18.7  21.2  25.7  23.8  21.6  16.7  11.4   9.3   506   506   506   506   506   506   506   506   506   506   506   506 
1984   8.8   7.7   9.3  13.0  16.4  20.4  23.7  23.3  20.1  17.5  14.3  10.4   506   506   506   506   506   506   506   506   506   506   506   506 
1985   6.3   6.5  10.3  13.5  18.6  21.5  25.3  24.3  21.4  16.6  12.5  11.4   506   506   506   506   506   506   506   506   506   506   506   506 
1986   8.5   7.1  10.5  14.2  20.0  21.4  23.4  25.7  21.3  17.6  13.5   8.8   506   506   506   506   506   506   506   506   506   506   506   506 
1987   7.3   9.7   7.1  14.1  16.1  21.6  26.5  25.3  23.8  18.7  14.4  10.8   506   506   506   506   506   506   506   506   506   506   506   506 
1988  11.3   9.8  10.4  14.1  19.0  21.9  26.9  25.5  21.0  18.4  10.6   9.5   506   506   506   506   506   506   506   506   506   506   506   506 
1989   9.1  10.9  13.3  15.2  18.3  21.2  25.1  24.5  20.8  15.9  12.1  10.2   506   506   506   506   506   506   506   506   506   506   506   506 
1990   8.9  11.3  12.7  14.2  19.1  22.1  25.1  25.1  21.1  18.7  14.2   8.8   506   506   506   506   506   506   506   506   506   506   506   506 
1991   8.7   6.9  12.9  13.2  14.8  22.1  24.7  25.0  22.3  17.0  13.6   7.5   506   506   506   506   506   506   506   506   506   506   506   506 
1992   9.0   8.4  11.1  14.2  19.3  21.9  24.7  26.7  22.1  17.9  14.8   9.9   506   506   506   506   506   506   506   506   506   506   506   506 
1993   8.5   7.7   9.6  14.3  20.2  23.6  24.7  26.3  21.7  19.2  12.8  11.8   506   506   506   506   506   506   506   506   506   506   506   506 
1994   9.9   9.4  12.8  14.5  19.3  22.5  27.1  26.9  23.7  18.1  14.6  10.7   506   506   506   506   506   506   506   506   506   506   506   506 
1995   8.1  11.1  10.1  13.0  17.8  21.5  26.3  23.9  20.2  18.5  11.4  11.6   506   506   506   506   506   506   506   506   506   506   506   506 
1996   9.8   7.6   9.3  14.2  18.7  23.1  24.4  24.2  18.4  17.0  14.1   9.9   506   506   506   506   506   506   506   506   506   506   506   506 
1997  10.4   9.8  11.7  11.2  18.7  23.1  24.7  24.6  22.6  16.3  14.1  10.8   506   506   506   506   506   506   506   506   506   506   506   506 
1998  10.1  11.3  10.1  14.6  18.3  23.5  26.4  26.6  20.6  18.3  11.7   8.2   506   506   506   506   506   506   506   506   506   506   506   506 
1999   9.1   7.7  11.5  14.4  19.6  23.7  25.3  25.8  22.7  18.6  13.2  10.6   506   506   506   506   506   506   506   506   506   506   506   506 
2000   7.5   9.1  11.0  15.8  21.1  24.5  24.8  25.8  21.5  19.1  16.1  12.2   506   506   506   506   506   506   506   506   506   506   506   506 
2001  11.1  10.5  14.4  13.8  19.9  21.9  25.8  26.4  19.7  19.2  12.9   7.2   506   506   506   506   506   506   506   506   506   506   506   506 
2002   7.7  11.5  13.4  14.9  19.6  24.1  26.0  24.6  20.7  18.1  15.4  11.1   506   506   506   506   506   506   506   506   506   506   506   506 
2003   9.9   6.0  11.1  14.3  22.2  26.5  27.2  28.0  21.3  17.0  15.2  11.0   506   506   506   506   506   506   506   506   506   506   506   506 
2004   7.8   9.4  10.7  14.8  17.4  22.5  26.3  25.1  22.4  19.9  14.0  11.9   506   506   506   506   506   506   506   506   506   506   506   506 
2005   8.2   6.6  10.2  14.3  20.0  23.1  25.8  24.0  22.7  17.3  13.0   9.7   506   506   506   506   506   506   506   506   506   506   506   506 
2006   7.6   8.5  10.1  14.9  19.0  22.4  26.5  24.1  22.3  18.9  13.2  11.0   506   506   506   506   506   506   506   506   506   506   506   506 
2007  11.3  11.6  12.7  16.4  20.2  24.8  27.2  25.7  20.0  16.7  12.0   8.6   506   506   506   506   506   506   506   506   506   506   506   506 
2008  10.3   9.8  12.1  15.0  20.0  23.5  26.3  26.1 -99.0 -99.0 -99.0 -99.0   506   506   506   506   506   506   506   506   -99   -99   -99   -99 
2009 -99.0 -99.0 -99.0 -99.0 -99.0 -99.0 -99.0 -99.0 -99.0 -99.0 -99.0 -99.0   -99   -99   -99   -99   -99   -99   -99   -99   -99   -99   -99   -99 
2010 -99.0 -99.0 -99.0 -99.0 -99.0 -99.0 -99.0 -99.0 -99.0 -99.0 -99.0 -99.0   -99   -99   -99   -99   -99   -99   -99   -99   -99   -99   -99   -99 
2011 -99.0 -99.0 -99.0 -99.0 -99.0 -99.0 -99.0 -99.0 -99.0 -99.0 -99.0 -99.0   -99   -99   -99   -99   -99   -99   -99   -99   -99   -99   -99   -99 
2012 -99.0 -99.0 -99.0 -99.0 -99.0 -99.0 -99.0 -99.0 -99.0 -99.0 -99.0 -99.0   -99   -99   -99   -99   -99   -99   -99   -99   -99   -99   -99   -99 
