Number= 220030
Name= VAIDA GUBA (BAY)----
Country= RUSSIA
Lat=   69.9
Long=  -32.0
Height= 8
Start year= 1900
End year= 2016
First Good year= 1900
Source ID= 43
Source file= Jones
Jones data to= 2016
Normals source= Data
Normals source start year= 1961
Normals source end year= 1990
Normals=  -5.9  -6.3  -4.4  -1.6   2.6   7.1  10.5   9.8   6.8   2.2  -1.8  -4.2 
Standard deviations source= Data
Standard deviations source start year= 1941
Standard deviations source end year= 1990
Standard deviations=   1.5   2.3   2.0   1.6   1.4   1.5   2.0   1.2   1.1   1.5   1.5   2.1 
Obs:
1900  -5.7  -7.7  -4.7  -2.3   1.0   3.8   6.3   8.9   4.7   1.9   0.5  -5.4   506   506   506   506   506   506   506   506   506   506   506   506 
1901  -1.9  -8.1  -4.0  -0.5   2.1   7.4  10.4   8.4   7.5   5.6  -2.5  -8.2   506   506   506   506   506   506   506   506   506   506   506   506 
1902  -7.8  -7.8  -8.4  -3.9   0.3   2.8   7.7   7.7   4.6  -2.0  -2.4  -1.5   506   506   506   506   506   506   506   506   506   506   506   506 
1903  -5.8  -4.6  -1.9  -1.6   2.0   6.6   7.7   8.6   5.6  -0.7  -1.4  -2.5   506   506   506   506   506   506   506   506   506   506   506   506 
1904  -2.5  -8.7  -3.6   1.0   2.1   6.5   8.1   9.0   7.6   4.3  -3.4  -6.5   506   506   506   506   506   506   506   506   506   506   506   506 
1905  -4.5  -5.5  -3.5  -0.9   3.6   6.2  10.1   9.7   7.0   0.6  -2.9  -1.9   506   506   506   506   506   506   506   506   506   506   506   506 
1906  -4.3  -5.8  -6.8  -0.3   3.1   7.0  10.1   6.8   6.4   2.7  -2.9  -4.1   506   506   506   506   506   506   506   506   506   506   506   506 
1907 -10.0 -99.0  -1.2   0.5   1.0   8.8   9.1   9.1   6.1   3.3   0.3  -6.5   506   -99   506   506   506   506   506   506   506   506   506   506 
1908  -5.5  -6.3  -3.3  -0.6   1.6   7.1   9.5   9.1   5.8   2.3  -2.6  -2.5   506   506   506   506   506   506   506   506   506   506   506   506 
1909  -3.4  -4.7  -5.4  -4.2   0.5   4.4   9.5  11.2   7.7   3.1  -3.1  -4.4   506   506   506   506   506   506   506   506   506   506   506   506 
1910  -5.6 -99.0 -99.0  -1.3   3.1   5.0   6.7   7.0   6.2   0.7  -3.3  -3.8   506   -99   -99   506   506   506   506   506   506   506   506   506 
1911  -4.2  -7.1  -4.2  -2.7   3.1   5.4   9.7  10.1   7.7   0.7  -0.4  -2.0   506   506   506   506   506   506   506   506   506   506   506   506 
1912  -6.9 -10.3  -5.9  -3.3   0.4   4.7   8.8   8.7   5.1  -1.4  -2.0  -4.8   506   506   506   506   506   506   506   506   506   506   506   506 
1913  -3.7  -5.6  -4.0  -0.5   1.4   4.8  12.6  10.5   6.7   0.4  -2.0  -3.9   506   506   506   506   506   506   506   506   506   506   506   506 
1914  -6.8  -5.5  -5.7  -1.5   2.6   7.9   9.2   8.9   6.2   2.8  -1.0  -3.0   506   506   506   506   506   506   506   506   506   506   506   506 
1915  -7.5  -6.7  -8.3  -0.6   1.2   5.4  12.7   9.7   4.7   1.9  -4.0  -9.3   506   506   506   506   506   506   506   506   506   506   506   506 
1916  -7.0  -6.6  -6.4  -3.0  -1.1   5.3  11.5   8.2   5.7  -0.3  -0.5  -5.6   506   506   506   506   506   506   506   506   506   506   506   506 
1917  -7.0 -10.4  -8.2  -4.6  -1.7   7.4   9.2  10.2   5.5   1.9  -4.5  -5.6   506   506   506   506   506   506   506   506   506   506   506   506 
1918 -10.3  -7.8  -4.3  -0.7   0.1   6.6   8.8   7.3   6.8   2.2   0.2  -5.2   506   506   506   506   506   506   506   506   506   506   506   506 
1919  -6.0  -8.6  -6.5  -4.2   2.6   9.3  10.3  10.0   7.3   1.3  -3.0  -6.7   506   506   506   506   506   506   506   506   506   506   506   506 
1920  -8.7  -5.1  -0.9  -0.6   4.9   8.6  13.1  11.2   7.9   1.4   0.6  -1.6   506   506   506   506   506   506   506   506   506   506   506   506 
1921  -6.7  -4.8  -3.6   1.6   5.6  10.1 -99.0 -99.0 -99.0 -99.0 -99.0 -99.0   506   506   506   506   506   506   -99   -99   -99   -99   -99   -99 
1922 -99.0 -99.0 -99.0 -99.0 -99.0 -99.0 -99.0 -99.0 -99.0 -99.0 -99.0 -99.0   -99   -99   -99   -99   -99   -99   -99   -99   -99   -99   -99   -99 
1923 -99.0 -99.0 -99.0 -99.0 -99.0 -99.0 -99.0 -99.0 -99.0 -99.0 -99.0 -99.0   -99   -99   -99   -99   -99   -99   -99   -99   -99   -99   -99   -99 
1924 -99.0 -99.0 -99.0 -99.0 -99.0 -99.0 -99.0 -99.0 -99.0 -99.0 -99.0 -99.0   -99   -99   -99   -99   -99   -99   -99   -99   -99   -99   -99   -99 
1925 -99.0 -99.0 -99.0 -99.0 -99.0 -99.0 -99.0 -99.0 -99.0 -99.0 -99.0 -99.0   -99   -99   -99   -99   -99   -99   -99   -99   -99   -99   -99   -99 
1926 -99.0 -99.0 -99.0 -99.0 -99.0 -99.0 -99.0 -99.0 -99.0 -99.0 -99.0 -99.0   -99   -99   -99   -99   -99   -99   -99   -99   -99   -99   -99   -99 
1927 -99.0 -99.0 -99.0 -99.0 -99.0 -99.0 -99.0 -99.0 -99.0 -99.0 -99.0 -99.0   -99   -99   -99   -99   -99   -99   -99   -99   -99   -99   -99   -99 
1928 -99.0 -99.0 -99.0 -99.0 -99.0 -99.0 -99.0 -99.0 -99.0 -99.0 -99.0 -99.0   -99   -99   -99   -99   -99   -99   -99   -99   -99   -99   -99   -99 
1929 -99.0 -99.0 -99.0 -99.0 -99.0 -99.0 -99.0 -99.0 -99.0 -99.0 -99.0 -99.0   -99   -99   -99   -99   -99   -99   -99   -99   -99   -99   -99   -99 
1930 -99.0 -99.0 -99.0 -99.0 -99.0 -99.0 -99.0 -99.0 -99.0 -99.0 -99.0 -99.0   -99   -99   -99   -99   -99   -99   -99   -99   -99   -99   -99   -99 
1931 -99.0 -99.0 -99.0 -99.0 -99.0 -99.0 -99.0 -99.0 -99.0 -99.0 -99.0 -99.0   -99   -99   -99   -99   -99   -99   -99   -99   -99   -99   -99   -99 
1932 -99.0 -99.0 -99.0 -99.0 -99.0 -99.0 -99.0 -99.0 -99.0 -99.0 -99.0 -99.0   -99   -99   -99   -99   -99   -99   -99   -99   -99   -99   -99   -99 
1933 -99.0 -99.0 -99.0 -99.0 -99.0 -99.0 -99.0 -99.0 -99.0 -99.0 -99.0 -99.0   -99   -99   -99   -99   -99   -99   -99   -99   -99   -99   -99   -99 
1934 -99.0 -99.0 -99.0 -99.0 -99.0 -99.0 -99.0 -99.0 -99.0 -99.0 -99.0 -99.0   -99   -99   -99   -99   -99   -99   -99   -99   -99   -99   -99   -99 
1935 -99.0 -99.0 -99.0 -99.0 -99.0 -99.0 -99.0 -99.0 -99.0 -99.0 -99.0 -99.0   -99   -99   -99   -99   -99   -99   -99   -99   -99   -99   -99   -99 
1936 -99.0 -99.0 -99.0 -99.0 -99.0 -99.0 -99.0 -99.0 -99.0 -99.0 -99.0 -99.0   -99   -99   -99   -99   -99   -99   -99   -99   -99   -99   -99   -99 
1937 -99.0 -99.0 -99.0 -99.0 -99.0 -99.0 -99.0 -99.0 -99.0 -99.0 -99.0 -99.0   -99   -99   -99   -99   -99   -99   -99   -99   -99   -99   -99   -99 
1938 -99.0 -99.0 -99.0 -99.0 -99.0 -99.0 -99.0 -99.0 -99.0 -99.0 -99.0 -99.0   -99   -99   -99   -99   -99   -99   -99   -99   -99   -99   -99   -99 
1939 -99.0 -99.0 -99.0 -99.0 -99.0 -99.0 -99.0 -99.0 -99.0 -99.0 -99.0 -99.0   -99   -99   -99   -99   -99   -99   -99   -99   -99   -99   -99   -99 
1940  -6.3  -7.2  -7.2  -2.5   3.8   6.7   8.9  11.5   7.4   2.8  -1.8  -3.5   506   506   506   506   506   506   506   506   506   506   506   506 
1941  -6.4  -7.6  -7.0  -3.7   0.6   5.2  11.6  10.9   5.7   0.3  -1.8  -6.8   506   506   506   506   506   506   506   506   506   506   506   506 
1942  -7.4  -7.7  -7.4  -2.0   0.5   6.8   9.3   9.8   6.6   1.6  -2.0  -4.3   506   506   506   506   506   506   506   506   506   506   506   506 
1943  -6.4  -3.2  -2.8  -1.0   3.5   8.0  11.3   9.7   7.0   1.7   0.5  -1.3   506   506   506   506   506   506   506   506   506   506   506   506 
1944  -3.6  -4.4  -4.0  -2.3   1.8   6.8   7.7   9.6   7.9   5.0   0.7  -1.8   506   506   506   506   506   506   506   506   506   506   506   506 
1945  -5.8  -5.6  -6.0  -0.8   1.8   5.8  10.4  12.0   7.0   0.2 -99.0 -99.0   506   506   506   506   506   506   506   506   506   506   -99   -99 
1946  -2.9  -9.0  -5.4  -1.3   1.8   7.7  10.5  10.0   8.2   1.7  -0.9  -0.3   506   506   506   506   506   506   506   506   506   506   506   506 
1947  -3.8  -7.8  -6.7  -1.4   1.4   7.5   9.3  10.0   7.9   2.9  -1.3  -4.0   506   506   506   506   506   506   506   506   506   506   506   506 
1948  -7.6  -4.6  -4.6  -0.1   4.2   6.8   9.0   8.9   7.5   2.9   0.0  -2.6   506   506   506   506   506   506   506   506   506   506   506   506 
1949  -4.1  -2.9  -4.1  -0.4   2.7   4.7   8.2   9.0   7.3   1.5   0.2  -3.8   506   506   506   506   506   506   506   506   506   506   506   506 
1950  -4.6  -5.4  -3.0   1.6   2.7   7.2   7.4  12.1   7.7   5.0  -1.4  -1.8   506   506   506   506   506   506   506   506   506   506   506   506 
1951  -6.2  -6.8  -4.4   0.3   1.0   6.0   8.2  12.4   6.5   4.9  -2.7  -3.4   506   506   506   506   506   506   506   506   506   506   506   506 
1952  -5.0  -5.1  -6.7  -1.8   1.5   8.2  10.5   7.8   6.5   0.8  -2.0  -5.9   506   506   506   506   506   506   506   506   506   506   506   506 
1953  -6.2  -8.7  -4.1  -0.2   3.0   9.1   9.2  11.0   5.8   3.3   0.7  -0.3   506   506   506   506   506   506   506   506   506   506   506   506 
1954  -3.2  -6.4  -3.4  -0.1   4.3   7.0  12.0   9.4   6.9   1.9  -2.9  -1.6   506   506   506   506   506   506   506   506   506   506   506   506 
1955  -3.7  -8.6  -7.7  -2.3   2.0   5.7   8.8  10.0   7.0   2.1  -3.6  -9.8   506   506   506   506   506   506   506   506   506   506   506   506 
1956  -6.6 -10.2  -3.0  -4.4   3.4   9.1   7.7   7.7   5.2   1.2  -3.6  -2.3   506   506   506   506   506   506   506   506   506   506   506   506 
1957  -4.9  -4.0  -5.7  -1.0   2.5   6.2  11.8  10.9   6.7   2.3   0.1  -4.0   506   506   506   506   506   506   506   506   506   506   506   506 
1958  -7.7  -6.2  -6.0  -3.4   0.3   6.1   9.6   9.7   6.3   2.8   1.0  -6.8   506   506   506   506   506   506   506   506   506   506   506   506 
1959  -5.6  -1.8  -0.7  -2.3   4.3   8.8  11.4  10.5   5.6   1.6   0.2  -4.2   506   506   506   506   506   506   506   506   506   506   506   506 
1960  -5.3  -6.8  -2.6   1.2   5.7   8.1  16.8  11.6   7.6  -0.3  -2.9  -3.7   506   506   506   506   506   506   506   506   506   506   506   506 
1961  -4.6  -4.4  -3.2  -3.0   1.7   9.7  11.8  10.4   7.2   6.1  -0.2  -5.1   506   506   506   506   506   506   506   506   506   506   506   506 
1962  -5.6  -5.1  -7.0  -0.8   2.0   5.5   8.5   8.4   6.4   1.8   0.8  -4.3   506   506   506   506   506   506   506   506   506   506   506   506 
1963  -5.7  -7.9  -8.3  -1.4   6.6   5.8   9.2   9.2   8.6   3.4  -2.3  -4.6   506   506   506   506   506   506   506   506   506   506   506   506 
1964  -3.6  -7.2  -2.8  -2.6   3.2   7.8  12.6  10.0   6.2   3.9  -3.2  -3.9   506   506   506   506   506   506   506   506   506   506   506   506 
1965  -5.6  -7.2  -5.4  -1.1   0.6   6.8   7.8   8.6   6.7   1.4  -3.3  -5.5   506   506   506   506   506   506   506   506   506   506   506   506 
1966  -8.2 -11.3 -10.1  -4.0   1.0   7.4  11.4   9.2   4.6  -0.4   0.2  -6.6   506   506   506   506   506   506   506   506   506   506   506   506 
1967  -6.7  -5.3  -1.7   0.1   2.8   8.4  11.3  11.8   8.4   2.3   1.8  -4.9   506   506   506   506   506   506   506   506   506   506   506   506 
1968  -8.2  -6.4  -4.5  -3.0   0.2   5.6   7.1   9.4   4.5  -1.0  -1.9  -2.5   506   506   506   506   506   506   506   506   506   506   506   506 
1969  -7.7 -10.6  -5.3  -2.3   0.6   5.0   9.1   9.5   6.2   3.4  -1.8  -4.0   506   506   506   506   506   506   506   506   506   506   506   506 
1970  -4.0  -9.9  -4.2  -3.7   3.0   8.4  12.3  11.9   7.3   3.1  -2.4  -2.3   506   506   506   506   506   506   506   506   506   506   506   506 
1971  -5.5  -8.6  -6.5  -2.9   1.5   4.7   9.9   9.8   6.0   0.8  -4.4  -4.8   506   506   506   506   506   506   506   506   506   506   506   506 
1972  -3.9  -4.8  -3.2  -1.8   2.7  10.2  14.5  12.8   7.3   2.7  -4.0  -0.2   506   506   506   506   506   506   506   506   506   506   506   506 
1973  -4.3  -4.8  -4.1  -0.1   3.5   8.4  13.3  10.0   5.1   0.6  -2.2  -6.6   506   506   506   506   506   506   506   506   506   506   506   506 
1974  -4.5  -4.5  -1.0  -0.4   2.0   8.6  14.1  10.8   9.1   2.1  -3.0  -1.1   506   506   506   506   506   506   506   506   506   506   506   506 
1975  -4.6  -3.8  -1.2  -0.4   3.8   6.2   9.6   7.5   8.1   1.6  -0.5  -4.1   506   506   506   506   506   506   506   506   506   506   506   506 
1976  -7.2  -4.6  -4.4  -0.8   3.1   5.5  10.9  10.3   5.1   0.9  -2.7  -3.4   506   506   506   506   506   506   506   506   506   506   506   506 
1977  -6.6  -5.9  -4.6  -1.7   2.7   6.9  10.2   8.9   6.0   1.1   0.1  -3.1   506   506   506   506   506   506   506   506   506   506   506   506 
1978  -6.4  -7.4  -5.2  -2.8   3.3   5.3   7.4   8.6   5.9   1.1  -1.6  -6.8   506   506   506   506   506   506   506   506   506   506   506   506 
1979  -8.5  -7.7  -5.1  -3.9   3.0   6.6   9.9  10.9   7.9   0.6  -1.8  -2.3   506   506   506   506   506   506   506   506   506   506   506   506 
1980  -5.9  -6.3  -5.5  -0.7   1.6   7.5   8.2   9.5   7.4   2.6  -3.2  -4.9   506   506   506   506   506   506   506   506   506   506   506   506 
1981  -6.1  -6.7  -7.0  -3.2   1.6   5.6  10.8   9.7   6.7   3.4  -0.9  -5.7   506   506   506   506   506   506   506   506   506   506   506   506 
1982  -6.5  -3.9  -4.0  -0.6   2.7   4.3  11.7   8.9   6.6   1.4  -0.9  -2.3   506   506   506   506   506   506   506   506   506   506   506   506 
1983  -3.5  -4.7  -2.6   0.5   2.6   7.9  11.6   9.3   8.4   3.1  -2.9  -5.5   506   506   506   506   506   506   506   506   506   506   506   506 
1984  -6.0  -3.1  -4.8  -1.0   5.6   7.9   9.6   9.7   6.5   2.1  -2.4  -1.7   506   506   506   506   506   506   506   506   506   506   506   506 
1985  -8.8 -10.0  -3.3  -2.5   1.2   6.5   9.8  10.2   7.5   2.9  -0.8  -7.6   506   506   506   506   506   506   506   506   506   506   506   506 
1986  -6.4  -7.0  -2.2  -2.0   2.8   9.3   9.2   9.8   4.9   2.9 -99.0  -7.0   506   506   506   506   506   506   506   506   506   506   -99   506 
1987  -6.3  -8.4  -5.5  -2.4   2.2   5.6   9.0   7.5   7.1   6.3  -3.3  -4.3   506   506   506   506   506   506   506   506   506   506   506   506 
1988  -5.5  -6.4  -5.1  -3.3   2.8   7.5  11.9  10.1   8.1   2.6  -3.5  -5.7   506   506   506   506   506   506   506   506   506   506   506   506 
1989  -4.0  -4.2  -1.2   2.4   5.6  10.6  11.4  11.4   8.0   2.1   0.1  -4.2   506   506   506   506   506   506   506   506   506   506   506   506 
1990  -7.5  -1.1  -2.4   1.8   2.5   7.5  11.2  11.3   7.2   2.5  -2.3  -1.2   506   506   506   506   506   506   506   506   506   506   506   506 
1991  -4.9 -99.0  -4.6   0.6   3.0   7.6 -99.0 -99.0 -99.0 -99.0 -99.0 -99.0   506   -99   506   506   506   506   -99   -99   -99   -99   -99   -99 
1992  -2.2  -2.4  -0.9  -2.5   5.4   8.5   9.6   9.0   8.8  -0.5  -4.1  -1.2   506   506   506   506   506   506   506   506   506   506   506   506 
1993  -2.8  -3.7  -3.7  -1.6   3.2   5.1   8.8  10.4   4.1   0.5  -1.8  -5.2   506   506   506   506   506   506   506   506   506   506   506   506 
1994  -6.1  -4.9  -3.6   1.5   2.6   6.6  11.4  11.5   6.8   1.7  -2.0  -1.9   506   506   506   506   506   506   506   506   506   506   506   506 
1995  -3.3  -4.3  -2.2  -0.8   3.4   7.7   9.4   9.1   7.1   2.0  -3.1  -5.2   506   506   506   506   506   506   506   506   506   506   506   506 
1996  -2.7  -6.3  -2.7  -2.6   0.8   5.9   8.9  11.3   6.3   3.6  -0.3  -3.6   506   506   506   506   506   506   506   506   506   506   506   506 
1997  -5.7  -5.9  -2.9  -3.5   2.6   6.3   9.3  11.9   9.0   2.1  -2.1  -3.5   506   506   506   506   506   506   506   506   506   506   506   506 
1998  -5.6 -11.5  -5.3  -2.7   2.5   4.5   9.2   9.9   5.8   2.0  -5.2  -3.7   506   506   506   506   506   506   506   506   506   506   506   506 
1999  -8.5  -7.5  -4.1  -0.6   0.6   9.0  10.9   9.4   8.5   4.3  -0.5  -4.1   506   506   506   506   506   506   506   506   506   506   506   506 
2000  -3.7  -4.3  -3.1  -0.4   3.9   7.4  11.4  10.6   7.8   5.9   0.6  -3.8   506   506   506   506   506   506   506   506   506   506   506   506 
2001  -1.9  -6.9  -5.5  -1.0   2.6   8.7  12.5  10.3   9.3   1.9  -2.5  -3.5   506   506   506   506   506   506   506   506   506   506   506   506 
2002  -4.3  -5.3  -3.6   1.4   3.9   6.9  12.3   9.5   5.9   1.9  -2.2  -4.3   506   506   506   506   506   506   506   506   506   506   506   506 
2003  -7.5  -3.0  -2.1  -0.6   4.2   5.5  12.5  10.7   7.4   3.3   1.1  -3.3   506   506   506   506   506   506   506   506   506   506   506   506 
2004  -4.8  -5.6  -2.5   0.9   4.2   7.3  14.7  12.0   8.1   2.9  -1.2  -2.0   506   506   506   506   506   506   506   506   506   506   506   506 
2005  -4.2  -3.9  -4.8  -0.7   3.4   8.2  10.7  11.7   7.9   5.1   1.5  -3.1   506   506   506   506   506   506   506   506   506   506   506   506 
2006  -3.5  -5.5  -4.2   1.7   4.6   9.2  10.3  10.6   7.0   1.9  -2.0  -0.7   506   506   506   506   506   506   506   506   506   506   506   506 
2007  -3.2  -8.2  -0.4   0.4   3.5   7.5   9.3  11.9   7.6   5.8  -0.5   0.4   506   506   506   506   506   506   506   506   506   506   506   506 
2008  -2.2  -3.5  -4.1  -1.7   2.7   6.5   9.6   8.4   6.7   3.4  -1.4  -0.4   506   506   506   506   506   506   506   506   506   506   506   506 
2009  -4.2  -5.6  -3.6  -0.6   4.0   6.5   9.0  10.1   8.5   2.2   0.2  -3.7   506   506   506   506   506   506   506   506   506   506   506   506 
2010  -6.3  -7.6  -4.5   1.5   4.7   7.8  11.3   9.1   7.8   4.4  -1.1  -4.1   506   506   506   506   506   506   506   506   506   506   506   506 
2011  -5.7  -8.3  -2.0   2.1   4.6   8.5  11.9  10.4   9.8   5.2   1.3   0.0   506   506   506   506   506   506   506   506   506   506   506   506 
2012  -5.3  -6.2  -1.9   0.2   5.3   7.0  10.5   9.3   8.0   3.8   0.2  -5.9   506   506   506   506   506   506   506   506   506   506   506   506 
2013  -2.5  -3.6  -6.4   0.2   6.8  11.4  13.4  13.6  10.2   2.7  -0.7  -1.5   506   506   506   506   506   506   506   506   506   506   506   506 
2014  -5.1  -2.5  -0.9   0.3   3.6   7.0  10.8 -99.0   8.0   2.0   0.3  -2.5   506   506   506   506   506   506   506   -99   506   506   506   506 
2015  -5.3  -3.3  -0.1   1.6   5.9 -99.0 -99.0 -99.0 -99.0   4.0  -0.3 -99.0   506   506   506   506   506   -99   -99   -99   -99   506   506   -99 
2016 -99.0  -2.7 -99.0 -99.0   7.2   9.2  13.6  11.6   8.7 -99.0 -99.0 -99.0   -99   506   -99   -99   506   506   506   506   506   -99   -99   -99 
