Number= 220190
Name= SEVEROMORSK---------
Country= RUSSIA
Lat=   69.0
Long=  -33.4
Height= 20
Start year= 1936
End year= 2016
First Good year= 1936
Source ID= 43
Source file= Jones
Jones data to= 2016
Normals source= Data
Normals source start year= 1961
Normals source end year= 1990
Normals=  -9.4  -9.3  -5.8  -1.6   3.6   8.3  11.8  10.6   6.9   2.0  -3.7  -7.2 
Standard deviations source= Data
Standard deviations source start year= 1941
Standard deviations source end year= 1990
Standard deviations=   2.4   3.4   2.4   1.8   1.6   1.7   2.0   1.4   1.2   1.9   2.1   3.0 
Obs:
1936 -10.3 -14.9  -6.3  -0.8   4.8  12.2  12.0  13.1   6.6   0.8  -0.2  -2.0   506   506   506   506   506   506   506   506   506   506   506   506 
1937  -4.3  -9.1  -6.4   1.9   5.2  11.8  12.1  14.4   7.3   3.3  -1.8  -6.7   506   506   506   506   506   506   506   506   506   506   506   506 
1938  -7.6  -3.3  -3.3  -0.5   3.5   8.2  15.2  12.0  10.3   3.0  -1.0  -3.3   506   506   506   506   506   506   506   506   506   506   506   506 
1939  -8.1  -7.1  -5.3  -2.5   1.8   8.7  11.4  12.1   4.5   0.9  -0.2  -7.0   506   506   506   506   506   506   506   506   506   506   506   506 
1940 -10.6 -10.5  -9.8  -2.9   4.8   7.6  10.3  12.9   7.9   2.0  -3.7  -7.2   506   506   506   506   506   506   506   506   506   506   506   506 
1941 -10.2 -10.4 -10.4  -4.4   0.8   5.7  13.2  11.6   5.7  -1.1  -3.1 -10.6   506   506   506   506   506   506   506   506   506   506   506   506 
1942 -11.5  -9.9  -9.7  -1.7   1.1   7.8  11.0  10.4   7.1   0.8  -4.0  -7.8   506   506   506   506   506   506   506   506   506   506   506   506 
1943 -10.2  -4.6  -3.7  -1.2   4.4 -99.0  13.3  11.1   6.7   0.5  -0.5  -3.2   506   506   506   506   506   -99   506   506   506   506   506   506 
1944  -6.3  -6.0  -5.3  -2.8   2.3   7.7   9.2 -99.0   8.5   5.0  -0.2  -3.6   506   506   506   506   506   506   506   -99   506   506   506   506 
1945  -8.5 -99.0  -7.4  -1.3 -99.0 -99.0 -99.0  12.9   6.6  -1.3  -4.1  -9.8   506   -99   506   506   -99   -99   -99   506   506   506   506   506 
1946  -5.3 -12.4  -7.2  -1.7   2.4   8.9  12.1  10.7   7.7   0.2  -3.6  -1.9   506   506   506   506   506   506   506   506   506   506   506   506 
1947  -6.7 -13.4  -9.6  -1.5   1.9   9.5  11.2  10.9   8.5   2.3  -2.7  -6.1   506   506   506   506   506   506   506   506   506   506   506   506 
1948 -99.0  -5.8  -4.9   0.1   5.4   8.6  10.6   9.5   7.8   2.5  -1.8  -4.0   -99   506   506   506   506   506   506   506   506   506   506   506 
1949  -5.9  -4.4  -5.7   0.3   3.1   5.5   9.4  10.3   7.5   0.8  -0.8 -99.0   506   506   506   506   506   506   506   506   506   506   506   -99 
1950  -8.2  -8.3  -4.0   1.5   3.3   9.1   8.1  12.7   7.7   4.6  -2.9  -3.4   506   506   506   506   506   506   506   506   506   506   506   506 
1951 -10.4  -9.3  -5.7   0.9   1.4   6.9   9.7  13.8   6.5   4.5  -4.4  -6.5   506   506   506   506   506   506   506   506   506   506   506   506 
1952  -6.8  -5.9  -8.4  -2.1   1.9  10.2  12.4   8.5   6.6  -0.7  -3.6  -8.5   506   506   506   506   506   506   506   506   506   506   506   506 
1953  -8.1 -11.6  -5.0   0.5   3.5  11.0  10.7  11.9   5.3   2.8  -0.5  -1.4   506   506   506   506   506   506   506   506   506   506   506   506 
1954  -6.1  -9.4  -4.2  -0.2   4.9   8.5  14.0  10.4   7.4   0.8  -4.6  -1.9   506   506   506   506   506   506   506   506   506   506   506   506 
1955  -6.4 -11.7 -10.0  -2.4   2.1   6.7  10.2  10.8   7.1   1.2  -6.8 -13.1   506   506   506   506   506   506   506   506   506   506   506   506 
1956  -9.7 -12.7  -3.9  -5.2   4.7  11.1   8.8   8.5   4.9  -0.1  -6.7  -4.1   506   506   506   506   506   506   506   506   506   506   506   506 
1957  -7.0  -6.2  -7.8  -1.3   2.7   7.5  14.1  11.9   6.7   1.8  -1.5  -6.6   506   506   506   506   506   506   506   506   506   506   506   506 
1958 -10.4  -7.8  -7.9  -3.7   0.3   7.7  10.7  11.1   6.2   2.3   0.0 -11.1   506   506   506   506   506   506   506   506   506   506   506   506 
1959  -8.5  -3.1  -1.3  -2.8   5.0  10.3  12.7  12.3 -99.0   1.1  -1.2 -99.0   506   506   506   506   506   506   506   506   -99   506   506   -99 
1960 -99.0 -99.0 -99.0 -99.0 -99.0 -99.0 -99.0  12.2   7.9  -2.6  -5.5  -5.3   -99   -99   -99   -99   -99   -99   -99   506   506   506   506   506 
1961  -6.7  -6.6  -3.9  -3.2   1.8  10.9  13.7  11.3   7.4   6.4  -1.7  -8.2   506   506   506   506   506   506   506   506   506   506   506   506 
1962  -8.5  -6.7 -10.0  -0.1   3.4   7.6   9.3   9.2   6.7   1.3   0.2  -7.0   506   506   506   506   506   506   506   506   506   506   506   506 
1963  -8.5 -11.1 -10.1  -1.0   8.2   6.1  10.4  10.4   9.2   2.9  -4.0  -6.9   506   506   506   506   506   506   506   506   506   506   506   506 
1964  -4.9 -10.4  -4.6  -3.3   2.6   8.8  14.6  10.8   6.3   3.4  -6.5  -6.1   506   506   506   506   506   506   506   506   506   506   506   506 
1965  -8.2 -10.5  -7.2  -0.7   0.9   8.3   9.6   9.2   7.2   0.7  -6.2 -99.0   506   506   506   506   506   506   506   506   506   506   506   -99 
1966 -99.0 -18.1 -99.0 -99.0 -99.0   8.8  12.3   9.7   4.5 -99.0 -99.0 -99.0   -99   506   -99   -99   -99   506   506   506   506   -99   -99   -99 
1967 -99.0 -99.0 -99.0 -99.0   4.0   9.4  12.6  13.1   8.7 -99.0 -99.0 -99.0   -99   -99   -99   -99   506   506   506   506   506   -99   -99   -99 
1968 -14.8 -99.0 -99.0 -99.0 -99.0   7.9   7.4  10.1   4.8 -99.0 -99.0 -99.0   506   -99   -99   -99   -99   506   506   506   506   -99   -99   -99 
1969 -99.0 -99.0 -99.0 -99.0 -99.0   5.2  10.2   9.8   6.4   3.2 -99.0 -99.0   -99   -99   -99   -99   -99   506   506   506   506   506   -99   -99 
1970 -99.0 -99.0 -99.0 -99.0   3.9   9.4  14.4  12.8   7.6 -99.0 -99.0 -99.0   -99   -99   -99   -99   506   506   506   506   506   -99   -99   -99 
1971 -99.0 -99.0 -99.0 -99.0 -99.0   5.8  11.0  11.0   5.8 -99.0 -99.0 -99.0   -99   -99   -99   -99   -99   506   506   506   506   -99   -99   -99 
1972 -99.0 -99.0 -99.0 -99.0 -99.0  11.3  16.2  13.9   6.8 -99.0 -99.0 -99.0   -99   -99   -99   -99   -99   506   506   506   506   -99   -99   -99 
1973 -99.0 -99.0 -99.0 -99.0   4.1   9.9  14.8  10.6   4.6 -99.0 -99.0 -99.0   -99   -99   -99   -99   506   506   506   506   506   -99   -99   -99 
1974 -99.0 -99.0 -99.0 -99.0 -99.0  10.7  16.0  11.9   9.5 -99.0 -99.0 -99.0   -99   -99   -99   -99   -99   506   506   506   506   -99   -99   -99 
1975 -99.0 -99.0 -99.0 -99.0   4.4   7.4  10.4   8.2   8.5 -99.0 -99.0 -99.0   -99   -99   -99   -99   506   506   506   506   506   -99   -99   -99 
1976 -99.0 -99.0 -99.0 -99.0   4.8   6.2  12.0  10.7   4.9 -99.0 -99.0 -99.0   -99   -99   -99   -99   506   506   506   506   506   -99   -99   -99 
1977 -99.0 -99.0 -99.0 -99.0   3.2   7.8  11.6   9.6   5.9  -0.2  -1.6  -5.5   -99   -99   -99   -99   506   506   506   506   506   506   506   506 
1978  -9.8 -10.4  -6.1  -3.4   3.8   7.4   8.4   9.3   5.9   0.0  -4.3 -10.2   506   506   506   506   506   506   506   506   506   506   506   506 
1979 -12.3 -10.0  -6.2  -4.2   4.1   7.4  11.3  11.5   8.0  -0.8  -3.6  -4.1   506   506   506   506   506   506   506   506   506   506   506   506 
1980  -9.4  -9.6  -6.7  -0.9   2.2   9.6   9.2  10.3   7.0   0.9  -6.6  -8.1   506   506   506   506   506   506   506   506   506   506   506   506 
1981  -8.2  -9.9  -9.4  -3.3   2.3   6.7 -99.0  10.7   6.3   2.7  -3.0  -9.5   506   506   506   506   506   506   -99   506   506   506   506   506 
1982 -10.5  -5.1  -5.5  -0.5   3.3   4.5  13.2   9.6   6.8   0.5  -1.9  -5.0   506   506   506   506   506   506   506   506   506   506   506   506 
1983  -6.3  -8.0  -4.5   0.7   3.6   9.0  12.4   9.6   8.4   2.1  -6.2  -9.3   506   506   506   506   506   506   506   506   506   506   506   506 
1984  -9.1  -4.3  -6.2  -1.3   6.8   9.3  11.1   9.8   6.4   1.1  -4.8  -3.4   506   506   506   506   506   506   506   506   506   506   506   506 
1985 -14.6 -14.6  -4.1  -2.9   1.2   7.8  11.2  11.1   7.6   2.0  -2.6 -99.0   506   506   506   506   506   506   506   506   506   506   506   -99 
1986 -10.1  -9.3  -2.3  -1.9   2.8  10.4  10.6  10.2   4.4   2.5  -1.1 -11.7   506   506   506   506   506   506   506   506   506   506   506   506 
1987 -10.6 -11.8  -6.9  -2.9   2.8   7.4  10.1   8.1   7.1   6.4 -99.0  -8.2   506   506   506   506   506   506   506   506   506   506   -99   506 
1988  -7.6  -8.5  -6.3  -3.6   3.5   8.7  13.7 -99.0   8.0   2.0  -5.4  -9.0   506   506   506   506   506   506   506   -99   506   506   506   506 
1989  -5.8 -99.0  -1.4   2.5   6.3  12.1  12.5  12.0   8.1   1.0  -2.0  -7.5   506   -99   506   506   506   506   506   506   506   506   506   506 
1990 -11.8  -1.7  -3.4   1.9   2.6   8.5 -99.0  11.7   6.7   1.4  -5.1  -3.1   506   506   506   506   506   506   -99   506   506   506   506   506 
1991  -8.2  -6.2  -7.1   1.0   3.1   8.9 -99.0 -99.0 -99.0 -99.0 -99.0 -99.0   506   506   506   506   506   506   -99   -99   -99   -99   -99   -99 
1992  -5.0  -3.5  -1.4  -4.0   6.3   9.8  10.8   9.4   9.0  -2.9  -6.9  -2.4   506   506   506   506   506   506   506   506   506   506   506   506 
1993  -5.6  -5.6  -4.5  -2.0   3.7   5.9  11.2  10.9   3.2  -0.7  -4.3  -7.0   506   506   506   506   506   506   506   506   506   506   506   506 
1994  -9.5  -7.5  -4.2   1.7   3.0   7.7  12.0  11.8   6.3   0.9  -4.1  -3.9   506   506   506   506   506   506   506   506   506   506   506   506 
1995  -4.9  -6.4  -3.2  -0.6   3.6   9.0  10.3   9.8   7.1   0.5  -7.0  -9.2   506   506   506   506   506   506   506   506   506   506   506   506 
1996  -5.1 -99.0  -3.8  -2.9   0.8   6.5  10.1  11.6   5.8   2.7  -2.1  -5.7   506   -99   506   506   506   506   506   506   506   506   506   506 
1997  -8.5  -8.5  -4.4  -4.3   3.0   7.3  10.2  12.5   8.9   0.5  -4.5  -7.0   506   506   506   506   506   506   506   506   506   506   506   506 
1998  -8.7 -16.2  -6.9  -3.3   2.9   5.5  11.1   9.8   5.4   1.4  -8.3  -7.1   506   506   506   506   506   506   506   506   506   506   506   506 
1999 -12.7 -11.0  -5.2  -0.6   0.5 -99.0  12.3   9.9   8.2   4.1  -2.4 -99.0   506   506   506   506   506   -99   506   506   506   506   506   -99 
2000  -5.8  -7.0  -4.0  -0.3   4.4   8.9  12.8  11.3   8.0   5.6  -0.6  -6.6   506   506   506   506   506   506   506   506   506   506   506   506 
2001  -3.9 -10.9  -8.5  -1.0   2.9  10.5  14.1  11.2   9.2   0.7  -4.4  -6.4   506   506   506   506   506   506   506   506   506   506   506   506 
2002  -7.4  -7.6  -5.8   0.7   4.0   8.0  13.7   9.7   5.5   0.1  -6.6  -8.8   506   506   506   506   506   506   506   506   506   506   506   506 
2003 -12.1  -4.2  -2.6  -1.0   4.6   5.7  14.0  11.6   7.4   2.1  -0.4  -5.9   506   506   506   506   506   506   506   506   506   506   506   506 
2004  -7.4  -9.1  -4.1   0.4   4.1   7.9  16.7  12.5   7.7   1.7  -4.2  -3.7   506   506   506   506   506   506   506   506   506   506   506   506 
2005  -6.1  -6.2  -6.6  -1.0   3.9   9.7  12.3  12.5   7.9   4.4   0.8  -5.5   506   506   506   506   506   506   506   506   506   506   506   506 
2006  -5.8  -8.8  -6.8   1.4   4.8  10.6  11.5  11.0   6.4   0.8  -4.7  -2.4   506   506   506   506   506   506   506   506   506   506   506   506 
2007  -6.5 -13.5  -0.6   0.4   3.7   7.9  10.5  12.9   7.6   5.2  -2.4  -1.2   506   506   506   506   506   506   506   506   506   506   506   506 
2008  -4.4  -5.8  -5.8  -2.1   2.8   8.0  10.7   8.7   6.4   2.9  -3.1  -1.9   506   506   506   506   506   506   506   506   506   506   506   506 
2009  -6.9  -9.0  -5.3  -0.9   4.4   7.4  10.1  11.0   8.5   0.8  -1.4  -6.5   506   506   506   506   506   506   506   506   506   506   506   506 
2010 -10.5 -11.1  -6.7   1.6   5.3   8.5  13.1   9.8   7.7   3.2  -4.4  -7.5   506   506   506   506   506   506   506   506   506   506   506   506 
2011  -9.4 -13.6  -3.3   1.8   5.1  10.0  13.5  10.8   9.4   4.4  -0.3  -1.6   506   506   506   506   506   506   506   506   506   506   506   506 
2012  -8.3  -9.5  -3.1  -0.4   5.9   8.7  11.8   9.7   7.9   2.3  -1.5 -10.2   506   506   506   506   506   506   506   506   506   506   506   506 
2013  -5.3  -6.4  -8.5   0.0   7.1  12.8  14.2  14.1   9.9   1.5  -2.7  -4.1   506   506   506   506   506   506   506   506   506   506   506   506 
2014 -10.0  -3.8  -2.3  -0.1   3.6   7.5  11.8  12.3   7.7   0.7  -2.1  -5.4   506   506   506   506   506   506   506   506   506   506   506   506 
2015  -9.7  -5.2  -1.0   0.7   6.5   9.4   9.3  11.9   9.5   3.0  -1.8  -4.4   506   506   506   506   506   506   506   506   506   506   506   506 
2016 -13.4  -4.1  -2.2   1.3   8.1  10.1  15.3  12.4   8.7 -99.0 -99.0 -99.0   506   506   506   506   506   506   506   506   506   -99   -99   -99 
