Number= 228200
Name= PETROZAVODSK
Country= RUSSIA
Lat=   61.8
Long=  -34.1
Height= 110
Start year= 1936
End year= 2020
First Good year= 1936
Source ID= 43
Source file= Jones
Jones data to= 2017
Normals source= Data
Normals source start year= 1961
Normals source end year= 1990
Normals= -11.4  -9.9  -4.4   1.4   8.3  13.5  16.0  14.0   8.8   3.3  -2.5  -7.6 
Standard deviations source= Data
Standard deviations source start year= 1941
Standard deviations source end year= 1990
Standard deviations=   4.5   4.4   3.1   1.8   2.1   1.9   1.7   1.3   1.7   1.7   2.1   3.8 
Obs:
1936  -7.4 -14.7  -3.4   1.5   9.8  16.7  18.2  15.3  10.0   1.1   0.6  -1.0   506   506   506   506   506   506   506   506   506   506   506   506 
1937  -7.8 -10.0  -3.5   3.7   8.1  16.2  16.8  16.6  11.7   5.7   0.6 -11.5   506   506   506   506   506   506   506   506   506   506   506   506 
1938 -10.8  -5.1  -1.6   1.2   7.8  13.6  19.7  17.7  13.1   4.8   2.1  -7.0   506   506   506   506   506   506   506   506   506   506   506   506 
1939  -9.8  -6.3  -4.9  -0.5   6.3  14.3  16.6  16.7   6.8   1.4  -0.2  -8.1   506   506   506   506   506   506   506   506   506   506   506   506 
1940 -17.7 -16.1  -9.6   0.2   8.7  13.0  17.4  15.3  10.9   2.8  -0.9  -8.4   506   506   506   506   506   506   506   506   506   506   506   506 
1941 -16.0 -11.3  -9.9  -1.5   3.7   9.9  18.6  14.7 -99.0 -99.0 -99.0 -99.0   506   506   506   506   506   506   506   506   -99   -99   -99   -99 
1942 -99.0 -99.0 -99.0 -99.0 -99.0 -99.0 -99.0 -99.0 -99.0 -99.0 -99.0 -99.0   -99   -99   -99   -99   -99   -99   -99   -99   -99   -99   -99   -99 
1943 -99.0 -99.0 -99.0 -99.0 -99.0 -99.0 -99.0 -99.0 -99.0 -99.0 -99.0 -99.0   -99   -99   -99   -99   -99   -99   -99   -99   -99   -99   -99   -99 
1944 -99.0 -99.0 -99.0 -99.0 -99.0 -99.0 -99.0  15.0  11.0   5.8  -1.1  -4.2   -99   -99   -99   -99   -99   -99   -99   506   506   506   506   506 
1945  -8.8  -7.3  -7.9   0.5   4.6  11.8  16.4  16.5   8.2   1.1  -3.0 -12.7   506   506   506   506   506   506   506   506   506   506   506   506 
1946  -8.8 -13.0  -6.9   1.8   6.9  15.0  17.9  15.3  10.4   1.4  -2.1  -3.8   506   506   506   506   506   506   506   506   506   506   506   506 
1947 -10.0 -18.0  -9.3   2.5   7.1  15.6  16.0  14.1  11.8   3.3  -2.3  -6.8   506   506   506   506   506   506   506   506   506   506   506   506 
1948 -10.5 -11.0  -5.5   3.8   9.8  15.2  14.9  13.8   9.7   3.9  -0.6  -2.6   506   506   506   506   506   506   506   506   506   506   506   506 
1949  -3.4  -4.8  -4.6   2.5  10.5  12.3  14.5  13.2  11.7   2.8  -1.5  -4.3   506   506   506   506   506   506   506   506   506   506   506   506 
1950 -16.3  -8.3  -4.0   5.0   7.8  13.1  13.8  13.6  10.0   4.8  -1.3  -5.4   506   506   506   506   506   506   506   506   506   506   506   506 
1951 -10.6  -9.7  -6.9   4.4   4.5  12.8  14.2  16.9  10.7   4.0  -4.0  -3.0   506   506   506   506   506   506   506   506   506   506   506   506 
1952  -5.2  -6.6 -10.6   2.6   4.4  12.9  16.0  13.1   7.9   0.4  -3.6  -5.8   506   506   506   506   506   506   506   506   506   506   506   506 
1953 -10.1 -15.8  -3.2   3.6   7.5  15.9  15.3  14.6   7.1   3.9  -1.4  -4.1   506   506   506   506   506   506   506   506   506   506   506   506 
1954 -10.4 -12.6  -3.1   0.3   8.1  14.2  17.9  14.3  10.1   3.6  -2.9  -2.9   506   506   506   506   506   506   506   506   506   506   506   506 
1955  -9.0 -12.0  -8.9  -1.5   5.1  11.3  15.3  16.3  12.1   4.4  -5.7 -19.2   506   506   506   506   506   506   506   506   506   506   506   506 
1956 -12.0 -17.3  -4.6  -1.8   7.5  15.5  12.2  11.8   7.0   2.0  -7.1  -4.4   506   506   506   506   506   506   506   506   506   506   506   506 
1957  -5.8  -4.4 -10.4   1.0   8.7  11.7  17.1  14.9   9.1   3.7  -1.9  -4.2   506   506   506   506   506   506   506   506   506   506   506   506 
1958 -11.6 -10.0  -9.6   0.5   5.8  11.9  14.4  13.1   7.6   3.8   0.2 -12.2   506   506   506   506   506   506   506   506   506   506   506   506 
1959  -8.1  -4.9  -0.7   1.8   7.5  15.0  16.4  16.1   6.5   1.1  -2.8 -10.9   506   506   506   506   506   506   506   506   506   506   506   506 
1960 -13.6 -12.6  -5.6   2.4   9.1  14.4  19.2  14.5   8.1  -0.2  -4.0  -3.5   506   506   506   506   506   506   506   506   506   506   506   506 
1961  -6.1  -2.7  -2.1  -0.2   7.6  16.5  16.3  13.9   7.9   6.9  -1.6  -7.8   506   506   506   506   506   506   506   506   506   506   506   506 
1962  -5.9  -7.9  -8.5   3.8   8.2  10.4  14.0  11.9   8.6   4.4   0.4  -9.0   506   506   506   506   506   506   506   506   506   506   506   506 
1963 -15.4 -13.3 -12.0   1.9  12.1  11.3  15.8  15.3  12.4   3.8  -1.5  -8.4   506   506   506   506   506   506   506   506   506   506   506   506 
1964  -6.8 -10.8  -7.1   1.4   8.3  13.8  15.9  13.7   8.8   5.5  -4.4  -5.9   506   506   506   506   506   506   506   506   506   506   506   506 
1965  -9.7 -12.6  -4.9   1.2   4.6  14.7  14.0  13.4  11.3   3.0  -6.9  -4.8   506   506   506   506   506   506   506   506   506   506   506   506 
1966 -19.7 -19.6  -7.6  -1.4   8.9  14.8  16.3  13.3   6.5   2.9  -0.2 -10.5   506   506   506   506   506   506   506   506   506   506   506   506 
1967 -14.4  -8.8   0.4   2.7   8.4  12.4  16.0  16.7  10.5   6.0   1.3 -12.4   506   506   506   506   506   506   506   506   506   506   506   506 
1968 -20.3  -8.4  -2.3   0.7   6.8  15.5  12.5  14.6   7.8   0.0  -3.9  -5.7   506   506   506   506   506   506   506   506   506   506   506   506 
1969 -16.8 -14.6  -7.3   0.9   5.6  11.4  14.8  14.3   8.3   3.5  -1.4  -7.8   506   506   506   506   506   506   506   506   506   506   506   506 
1970 -12.0 -12.7  -3.0   1.1   7.6  14.4  17.1  14.6   9.5   2.9  -4.6  -7.1   506   506   506   506   506   506   506   506   506   506   506   506 
1971  -4.3 -12.3  -7.2  -0.3   7.0  11.7  14.9  14.2   7.7   1.4  -3.6  -7.3   506   506   506   506   506   506   506   506   506   506   506   506 
1972 -14.3  -7.3  -5.1   0.8   6.6  15.7  19.9  17.4   8.6   2.9  -2.8   0.0   506   506   506   506   506   506   506   506   506   506   506   506 
1973  -8.4  -7.6  -4.0   2.6   9.4  15.7  18.1  13.8   5.3   0.3  -4.9 -10.3   506   506   506   506   506   506   506   506   506   506   506   506 
1974 -11.3  -1.6  -2.3   0.5   4.2  14.9  17.8  14.3  11.8   5.0  -0.9  -1.8   506   506   506   506   506   506   506   506   506   506   506   506 
1975  -5.3  -8.0  -0.3   2.9  11.4  12.8  16.6  13.0  11.8   2.2  -2.0  -5.4   506   506   506   506   506   506   506   506   506   506   506   506 
1976 -15.1 -11.3  -6.3   1.4   8.7  10.1  14.3  11.8   7.1  -1.1  -2.3  -5.3   506   506   506   506   506   506   506   506   506   506   506   506 
1977 -10.4 -10.1  -4.4   1.7   8.8  13.4  16.2  13.7   7.5   1.5  -0.4  -8.9   506   506   506   506   506   506   506   506   506   506   506   506 
1978 -10.5 -15.9  -3.6  -0.5   8.3  12.0  14.7  12.3   7.5   1.8  -0.5 -17.2   506   506   506   506   506   506   506   506   506   506   506   506 
1979 -12.9 -12.1  -3.1  -1.7  11.6  13.6  15.7  14.8   8.7   1.9  -0.8  -6.2   506   506   506   506   506   506   506   506   506   506   506   506 
1980 -11.5  -9.1  -7.6   2.0   5.8  16.5  15.1  13.3   8.8   3.3  -5.4  -7.0   506   506   506   506   506   506   506   506   506   506   506   506 
1981  -6.5  -9.8  -8.2  -0.3   9.8  13.8  17.8  14.3   9.1   6.0  -2.3  -7.5   506   506   506   506   506   506   506   506   506   506   506   506 
1982 -15.8  -7.6  -2.5   2.1   8.6   9.8  16.3  13.4   9.3   2.7   1.4  -3.1   506   506   506   506   506   506   506   506   506   506   506   506 
1983  -5.6 -10.1  -3.9   4.2  10.1  12.8  17.2  13.8  10.5   4.0  -4.1  -5.8   506   506   506   506   506   506   506   506   506   506   506   506 
1984  -7.2  -7.9  -5.2   3.5  11.7  13.4  16.2  13.2   8.9   4.2  -2.8  -8.4   506   506   506   506   506   506   506   506   506   506   506   506 
1985 -19.7 -19.3  -3.0  -0.3   7.1  11.6  14.6  16.6   9.0   4.5  -3.9 -10.1   506   506   506   506   506   506   506   506   506   506   506   506 
1986 -11.9 -14.8  -1.0   2.3   8.4  15.4  16.6  12.8   6.2   3.6   1.3 -13.1   506   506   506   506   506   506   506   506   506   506   506   506 
1987 -22.1  -9.6  -6.8   0.7   7.4  13.5  14.5  11.8   8.1   5.5  -5.5 -10.2   506   506   506   506   506   506   506   506   506   506   506   506 
1988  -8.5  -8.1  -2.9  -0.1   9.4  15.4  19.0  14.1   9.8   3.9  -6.8  -9.5   506   506   506   506   506   506   506   506   506   506   506   506 
1989  -4.2  -2.5   0.3   3.5  10.7  16.7  17.1  14.5  10.8   3.0  -1.9  -7.7   506   506   506   506   506   506   506   506   506   506   506   506 
1990 -10.8  -0.2  -1.5   4.7   7.2  11.6  15.0  14.1   6.8   2.8  -5.1  -4.0   506   506   506   506   506   506   506   506   506   506   506   506 
1991  -8.8  -9.1  -4.8   2.5   7.5  13.8  16.1  14.4   8.3   5.4   1.2  -5.0   506   506   506   506   506   506   506   506   506   506   506   506 
1992  -7.2  -4.8  -0.3  -0.3   9.7  14.0  15.6  14.0  11.6  -1.1  -5.6  -2.2   506   506   506   506   506   506   506   506   506   506   506   506 
1993  -6.1  -5.7  -3.5   1.5  10.5  10.8  15.4  13.4   4.8   1.3  -7.9  -7.1   506   506   506   506   506   506   506   506   506   506   506   506 
1994  -8.2 -14.8  -3.8   4.3   6.0  13.4  16.8  14.0  10.5   3.5  -4.3  -5.9   506   506   506   506   506   506   506   506   506   506   506   506 
1995  -6.0  -3.0  -1.0   2.7   8.5  16.6  14.6  14.5  10.1   5.7  -4.8 -11.3   506   506   506   506   506   506   506   506   506   506   506   506 
1996  -8.8 -12.6  -5.2   1.0   6.8  13.0  14.3  16.5   7.7   4.3   2.2  -7.1   506   506   506   506   506   506   506   506   506   506   506   506 
1997 -10.3  -6.2  -3.4   0.1   6.7  14.3  17.2  16.1   8.4   1.1  -3.7  -9.1   506   506   506   506   506   506   506   506   506   506   506   506 
1998  -6.3 -14.1  -6.2  -1.7   8.7  14.3  16.9  12.9   9.6   4.3  -6.0  -7.1   506   506   506   506   506   506   506   506   506   506   506   506 
1999 -11.6 -11.1  -4.5   4.8   4.3  18.9  17.9  13.6  10.6   5.4  -4.0  -4.2   506   506   506   506   506   506   506   506   506   506   506   506 
2000  -7.7  -5.2  -2.3   5.5   8.3  14.8  17.2  14.3   9.0   6.7  -0.8  -4.4   506   506   506   506   506   506   506   506   506   506   506   506 
2001  -4.8 -12.5  -6.8   5.7   7.3  13.6  20.0  14.1  10.7   3.4  -3.6 -11.7   506   506   506   506   506   506   506   506   506   506   506   506 
2002  -7.9  -3.1  -1.7   3.4   9.0  15.3  19.2  15.2   9.3  -0.5  -6.5 -13.3   506   506   506   506   506   506   506   506   506   506   506   506 
2003 -14.7  -7.2  -2.3   0.7  10.7   9.9  19.5  15.2  10.6   3.5  -0.3  -3.6   506   506   506   506   506   506   506   506   506   506   506   506 
2004 -11.1  -8.7  -2.1   1.5   8.6  12.9  17.1  14.9  11.0   3.7  -3.1  -4.5   506   506   506   506   506   506   506   506   506   506   506   506 
2005  -4.6  -9.4  -8.1   2.6   8.9  14.1  17.8  16.2  11.6   5.9   2.4  -6.2   506   506   506   506   506   506   506   506   506   506   506   506 
2006  -9.8 -15.2  -9.6   2.5   9.5  16.3  16.1  15.7  11.4   4.8  -1.6   0.3   506   506   506   506   506   506   506   506   506   506   506   506 
2007  -6.1 -15.5   2.0   3.1   9.3  12.9  16.3  17.2  10.0   5.3  -3.2  -1.5   506   506   506   506   506   506   506   506   506   506   506   506 
2008  -4.6  -3.8  -3.0   2.8   7.2  12.3  16.0  13.2   8.1   6.5   0.7  -2.6   506   506   506   506   506   506   506   506   506   506   506   506 
2009  -8.2  -7.6  -4.1   1.4  10.5  12.9  16.3  14.6  11.9   1.9  -0.3  -9.3   506   506   506   506   506   506   506   506   506   506   506   506 
2010 -15.3 -12.1  -5.4   3.8  11.4  13.2  22.3  17.0  10.2   3.6  -3.6 -14.2   506   506   506   506   506   506   506   506   506   506   506   506 
2011 -10.3 -14.5  -3.8   4.2   9.2  15.5  20.2  14.9  10.6   5.4   0.1  -0.2   506   506   506   506   506   506   506   506   506   506   506   506 
2012  -8.2 -13.5  -4.3   1.7  10.1  13.6  17.4  14.3  10.7   3.8   0.2 -11.9   506   506   506   506   506   506   506   506   506   506   506   506 
2013  -9.0  -5.0 -10.2   2.8  11.1  17.1  16.8  16.4   9.2   4.7   1.8  -2.1   506   506   506   506   506   506   506   506   506   506   506   506 
2014 -10.2  -2.4  -0.3   3.5  10.1  12.6  18.4  16.7  11.3   2.0  -1.3  -4.3   506   506   506   506   506   506   506   506   506   506   506   506 
2015  -7.1  -2.7   0.7   2.2  10.4  14.2  14.3  15.4  11.8   3.5   0.1  -1.6   506   506   506   506   506   506   506   506   506   506   506   506 
2016 -14.9  -2.3  -1.3   3.5  12.7  14.2  18.4  15.3  10.0   3.0  -4.0  -4.3   506   506   506   506   506   506   506   506   506   506   506   506 
2017  -7.4  -7.6  -0.6   0.2   5.0  11.7  15.5  15.9   9.7   3.2  -0.2  -1.9   506   506   506   900   900   900   900   900   900   900   900   900 
2018  -5.5 -11.1  -8.2   3.1  12.4  13.6  18.5  17.0  11.4   4.8   0.3  -6.4   900   900   900   900   900   900   900   900   900   900   900   900 
2019  -8.9  -3.9  -1.7   4.0   9.1  16.5  13.5  13.4   9.6   2.8  -1.2  -1.1   900   900   900   900   900   900   900   900   900   900   900   900 
2020  -2.0  -2.7  -0.1   1.5   7.4  16.1  16.2  14.6  11.3   6.0   1.5  -3.8   900   900   900   900   900   900   900   900   900   900   900   900 
