Number= 651230
Name= MINNA
Country= NIGERIA
Lat=    9.6
Long=   -6.5
Height= -999
Start year= 1951
End year= 2019
First Good year= 1951
Source ID= 10
Source file= Jones
Jones data to= 2016
Normals source= WMO
Normals source start year= 1961
Normals source end year= 1990
Normals=  27.6  29.3  30.2  28.9  27.3  26.0  25.1  25.2  24.9  26.3  26.9  26.7 
Standard deviations source= Data
Standard deviations source start year= 1951
Standard deviations source end year= 1990
Standard deviations=   0.6   0.7   0.6   0.9   0.6   0.7   0.5   0.5   0.4   0.5   0.4   0.4 
Obs:
1951  28.1  29.2  29.8  30.1  27.6  26.8  25.3  25.0  25.7 -99.0  26.2  26.5   506   506   506   506   506   506   506   506   506   -99   506   506 
1952  27.4  28.8 -99.0 -99.0  27.6  26.5  25.1  24.9  25.4  26.4  27.2  27.2   506   506   -99   -99   506   506   506   506   506   506   506   506 
1953  28.1  29.1  29.6  30.5  28.1  26.4  25.2  24.8  25.5  26.3  26.9  27.1   506   506   506   506   506   506   506   506   506   506   506   506 
1954  27.4  29.1  29.5  27.7  27.2  26.0  24.4  24.4  25.4  25.6  26.6  26.9   506   506   506   506   506   506   506   506   506   506   506   506 
1955  26.9  28.8  30.1  28.9  27.9  25.9  25.2  24.8  24.8  25.9  26.4  26.4   506   506   506   506   506   506   506   506   506   506   506   506 
1956  27.2  28.6  29.2  29.4  28.7  26.0  24.5  24.3  25.3  26.0  27.2  26.4   506   506   506   506   506   506   506   506   506   506   506   506 
1957  27.0  28.5  30.1  29.8  27.6  25.9  25.6  25.4  25.7  26.1  26.7  26.7   506   506   506   506   506   506   506   506   506   506   506   506 
1958  27.8  29.1  30.6  29.7  27.6  25.7  24.9  24.9  25.5  26.5  27.4  27.2   506   506   506   506   506   506   506   506   506   506   506   506 
1959  28.0  29.4  30.6  30.4  27.7  26.4  25.5  24.7  25.1  26.6  27.4  27.2   506   506   506   506   506   506   506   506   506   506   506   506 
1960  27.8  28.9  30.2  28.2  28.1  26.3  25.1  25.5  25.5  26.2  26.6  27.3   506   506   506   506   506   506   506   506   506   506   506   506 
1961  27.3  28.5  31.0 -99.0  28.2  26.7  26.8  24.5  24.3  26.2  26.5 -99.0   506   506   506   -99   506   506   506   506   506   506   506   -99 
1962 -99.0  28.6 -99.0  29.0  27.1  26.0  25.3  24.4  25.1  25.9  26.8  27.2   -99   506   -99   506   506   506   506   506   506   506   506   506 
1963  27.3  29.5  29.9  29.8  28.7  26.4  25.7  25.6  26.2  26.2  26.8  26.5   506   506   506   506   506   506   506   506   506   506   506   506 
1964  28.1  29.8  30.9  30.1  27.6  27.6  24.5  24.1  24.9  25.9  26.5  26.9   506   506   506   506   506   506   506   506   506   506   506   506 
1965  27.1  28.3  29.6  29.9  28.7  26.4 -99.0  24.8  25.6  26.6  26.7  26.6   506   506   506   506   506   506   -99   506   506   506   506   506 
1966  27.6  29.3  30.9  29.8  27.7  26.2  25.7  24.9 -99.0  26.2 -99.0 -99.0   506   506   506   506   506   506   506   506   -99   506   -99   -99 
1967  26.7 -99.0  30.4  29.3  27.8  25.8  24.8  24.5  25.3 -99.0 -99.0 -99.0   506   -99   506   506   506   506   506   506   506   -99   -99   -99 
1968 -99.0  29.4  29.9  28.9  27.1  25.6  25.4  25.7  25.8  26.7  27.1  27.3   -99   506   506   506   506   506   506   506   506   506   506   506 
1969  27.4  29.7  31.5  29.8  28.0  26.4 -99.0  25.2  25.6  26.2  25.9  26.2   506   506   506   506   506   506   -99   506   506   506   506   506 
1970  27.7  26.9  30.6  30.9  28.8  27.1 -99.0  25.1  25.3  27.1  27.2  27.0   506   506   506   506   506   506   -99   506   506   506   506   506 
1971  27.3  29.5  30.3  30.7  28.7  26.1  25.1  24.9  24.9  26.1  26.7  26.8   506   506   506   506   506   506   506   506   506   506   506   506 
1972  27.7  29.7  30.0  29.4  27.6  26.0  25.3  24.8  24.9  25.5  26.5  27.1   506   506   506   506   506   506   506   506   506   506   506   506 
1973  28.6  30.4  31.0  30.7  29.0  29.0  26.0  24.7  25.5  26.7  26.3  26.1   506   506   506   506   506   506   506   506   506   506   506   506 
1974  27.3  29.3  30.9  30.6  27.5  27.5  24.7  24.7  24.3  25.3  26.3  25.7   506   506   506   506   506   506   506   506   506   506   506   506 
1975  25.7  28.9  30.0  28.5  26.8  25.6  25.5  24.8  25.2  26.3  26.9  27.0   506   506   506   506   506   506   506   506   506   506   506   506 
1976  27.3  28.7  29.6  29.5  27.6  25.2  25.4  24.1  24.9  24.8 -99.0 -99.0   506   506   506   506   506   506   506   506   506   506   -99   -99 
1977  28.1  29.8  31.2  31.5  28.5  26.3  25.1  24.4  25.3  26.1  25.6  26.8   506   506   506   506   506   506   506   506   506   506   506   506 
1978  27.5  30.5  30.4  28.6  27.4  26.5  24.7  25.3  25.5  25.9  26.6  26.4   506   506   506   506   506   506   506   506   506   506   506   506 
1979  28.7  29.7  31.1  30.3  27.5  26.7  25.7  25.9 -99.0 -99.0 -99.0 -99.0   506   506   506   506   506   506   506   506   -99   -99   -99   -99 
1980 -99.0 -99.0 -99.0 -99.0 -99.0 -99.0 -99.0 -99.0 -99.0 -99.0 -99.0 -99.0   -99   -99   -99   -99   -99   -99   -99   -99   -99   -99   -99   -99 
1981 -99.0 -99.0 -99.0 -99.0 -99.0 -99.0 -99.0 -99.0 -99.0 -99.0 -99.0 -99.0   -99   -99   -99   -99   -99   -99   -99   -99   -99   -99   -99   -99 
1982 -99.0 -99.0 -99.0 -99.0 -99.0 -99.0 -99.0 -99.0 -99.0 -99.0 -99.0 -99.0   -99   -99   -99   -99   -99   -99   -99   -99   -99   -99   -99   -99 
1983 -99.0 -99.0 -99.0 -99.0 -99.0 -99.0 -99.0 -99.0 -99.0 -99.0 -99.0 -99.0   -99   -99   -99   -99   -99   -99   -99   -99   -99   -99   -99   -99 
1984 -99.0 -99.0 -99.0 -99.0 -99.0 -99.0 -99.0 -99.0 -99.0 -99.0 -99.0 -99.0   -99   -99   -99   -99   -99   -99   -99   -99   -99   -99   -99   -99 
1985 -99.0 -99.0 -99.0 -99.0 -99.0 -99.0 -99.0 -99.0 -99.0 -99.0 -99.0 -99.0   -99   -99   -99   -99   -99   -99   -99   -99   -99   -99   -99   -99 
1986 -99.0 -99.0 -99.0 -99.0 -99.0 -99.0 -99.0 -99.0 -99.0 -99.0 -99.0 -99.0   -99   -99   -99   -99   -99   -99   -99   -99   -99   -99   -99   -99 
1987 -99.0 -99.0 -99.0 -99.0 -99.0 -99.0 -99.0 -99.0 -99.0 -99.0 -99.0 -99.0   -99   -99   -99   -99   -99   -99   -99   -99   -99   -99   -99   -99 
1988 -99.0 -99.0 -99.0 -99.0 -99.0 -99.0 -99.0 -99.0 -99.0 -99.0 -99.0 -99.0   -99   -99   -99   -99   -99   -99   -99   -99   -99   -99   -99   -99 
1989 -99.0 -99.0 -99.0 -99.0 -99.0 -99.0 -99.0 -99.0 -99.0 -99.0 -99.0 -99.0   -99   -99   -99   -99   -99   -99   -99   -99   -99   -99   -99   -99 
1990 -99.0 -99.0 -99.0 -99.0 -99.0 -99.0 -99.0 -99.0 -99.0 -99.0 -99.0 -99.0   -99   -99   -99   -99   -99   -99   -99   -99   -99   -99   -99   -99 
1991  28.0  30.7  31.5  29.3  27.1  26.1  25.2  24.7  25.4  25.9  27.1  26.5   506   506   506   506   506   506   506   506   506   506   506   506 
1992  26.5  29.5  31.2  29.7  27.9  26.0  25.3  24.9  25.0  26.8  27.0  27.1   506   506   506   506   506   506   506   506   506   506   506   506 
1993  26.3  29.8  30.4  31.5  29.0  26.5  25.4  25.4  25.9  27.0  27.2  27.7   506   506   506   506   506   506   506   506   506   506   506   506 
1994  27.9  30.6  31.4  29.2  27.0  26.3  25.1  24.6  25.3  25.8  27.1  26.2   506   506   506   506   506   506   506   506   506   506   506   506 
1995  26.8  29.4  32.0  31.3  28.4  27.1  26.1  25.4  26.1  26.7  27.4  27.7   506   506   506   506   506   506   506   506   506   506   506   506 
1996  27.8  30.3  31.6  31.3  28.1  26.0  25.3  24.7  25.5  26.0  26.3  27.7   506   506   506   506   506   506   506   506   506   506   506   506 
1997  28.2  28.4  30.9  29.8  27.5  26.6  25.9  26.3  26.2  26.9  27.8  27.5   506   506   506   506   506   506   506   506   506   506   506   506 
1998  27.6  31.4  32.1 -99.0  28.1  27.0  26.5  25.0  25.5  26.7 -99.0  28.1   506   506   506   -99   506   506   506   506   506   506   -99   506 
1999  28.1  30.0  32.0  31.0  29.0  27.0  25.4  25.5  26.1  26.9 -99.0  28.3   506   506   506   506   506   506   506   506   506   506   -99   506 
2000  27.8  28.5  31.5  29.3  27.1  26.2  25.0  24.2  25.6  25.7  27.3  27.2   506   506   506   506   506   506   506   506   506   506   506   506 
2001 -99.0 -99.0 -99.0 -99.0 -99.0 -99.0 -99.0 -99.0 -99.0 -99.0 -99.0 -99.0   -99   -99   -99   -99   -99   -99   -99   -99   -99   -99   -99   -99 
2002 -99.0 -99.0 -99.0 -99.0 -99.0 -99.0 -99.0 -99.0 -99.0 -99.0 -99.0 -99.0   -99   -99   -99   -99   -99   -99   -99   -99   -99   -99   -99   -99 
2003 -99.0 -99.0 -99.0 -99.0 -99.0 -99.0 -99.0 -99.0 -99.0 -99.0 -99.0 -99.0   -99   -99   -99   -99   -99   -99   -99   -99   -99   -99   -99   -99 
2004 -99.0 -99.0 -99.0 -99.0 -99.0 -99.0 -99.0 -99.0 -99.0 -99.0 -99.0 -99.0   -99   -99   -99   -99   -99   -99   -99   -99   -99   -99   -99   -99 
2005 -99.0 -99.0 -99.0 -99.0 -99.0 -99.0 -99.0 -99.0 -99.0 -99.0 -99.0 -99.0   -99   -99   -99   -99   -99   -99   -99   -99   -99   -99   -99   -99 
2006 -99.0 -99.0 -99.0 -99.0 -99.0 -99.0 -99.0 -99.0 -99.0 -99.0 -99.0 -99.0   -99   -99   -99   -99   -99   -99   -99   -99   -99   -99   -99   -99 
2007 -99.0 -99.0 -99.0 -99.0 -99.0 -99.0 -99.0 -99.0 -99.0 -99.0 -99.0 -99.0   -99   -99   -99   -99   -99   -99   -99   -99   -99   -99   -99   -99 
2008  26.1  27.7  31.9  30.4  28.0  26.9 -99.0  24.5  25.6  26.6  27.3  27.6   506   506   506   506   506   506   -99   506   506   506   506   506 
2009  28.1 -99.0 -99.0 -99.0 -99.0 -99.0  26.2  25.8  26.0  26.7  27.8  28.1   506   -99   -99   -99   -99   -99   506   506   506   506   506   506 
2010  28.9 -99.0  32.9  32.1  29.1  27.2  25.8 -99.0  25.7  26.3  27.9  27.3   506   -99   506   506   506   506   506   -99   506   506   506   506 
2011  27.3  30.9  32.2  31.5  28.6  27.2  26.7  25.8 -99.0 -99.0 -99.0  28.0   506   506   506   506   506   506   506   506   -99   -99   -99   506 
2012 -99.0  31.0  32.6 -99.0 -99.0 -99.0 -99.0 -99.0  25.7  27.1  28.8  28.1   -99   506   506   -99   -99   -99   -99   -99   506   506   506   506 
2013 -99.0  30.8  32.7  29.8  28.2  26.5  26.5  25.3  25.7  27.0  28.4  27.8   -99   506   506   506   506   506   506   506   506   506   506   506 
2014  28.7  30.8  31.7  30.1  28.4  26.9  26.1  25.4  25.5  26.9  28.3  27.7   506   506   506   506   506   506   506   506   506   506   506   506 
2015  27.1  31.1  31.7  32.1  29.9  26.9  26.5  25.5  26.1  27.2  28.1  26.2   506   506   506   506   506   506   506   506   506   506   506   506 
2016  27.4  30.4  32.0 -99.0  28.9  26.6  26.4  25.8  26.0  27.1  27.8  28.2   506   506   506   -99   506   506   506   900   900   900   900   900 
2017  28.5  30.2  32.6  32.2  28.4  26.9  26.0  25.3  25.9  27.3 -99.0  28.6   900   900   900   900   900   900   900   900   900   900   -99   900 
2018  27.4  30.8  31.7  31.2  28.8  26.7  25.6  25.1 -99.0 -99.0  27.7  28.1   900   900   900   900   900   900   900   900   -99   -99   900   900 
2019  28.2  29.5  32.1  32.1 -99.0  26.3 -99.0 -99.0  25.9  25.4  27.8  27.5   900   900   900   900   -99   900   -99   -99   900   900   900   900 
