Number= 260580
Name= NARVA
Country= ESTONIA
Lat=   59.4
Long=  -28.1
Height= 28
Start year= 1920
End year= 2015
First Good year= 1920
Source ID= 73
Source file= Jones
Jones data to= 2015
Normals source= Data
Normals source start year= 1961
Normals source end year= 1990
Normals=  -7.3  -6.9  -2.8   3.6  10.2  14.7  16.7  15.3  10.6   5.7   0.2  -4.3 
Standard deviations source= Data
Standard deviations source start year= 1941
Standard deviations source end year= 1990
Standard deviations=   4.5   3.9   3.2   1.8   1.8   1.6   1.4   1.2   1.6   1.7   1.7   2.9 
Obs:
1920 -99.0 -99.0 -99.0   7.9  13.0  14.6  19.8 -99.0  12.8   4.2   1.9  -3.3   -99   -99   -99   506   506   506   506   -99   506   506   506   506 
1921 -99.0  -9.2   1.5   8.2  13.6  15.3  15.5  16.1  10.9   4.7  -3.6  -4.9   -99   506   506   506   506   506   506   506   506   506   506   506 
1922  -9.9  -7.2  -3.8   2.7   9.9  15.3  17.8  15.5  11.6   3.7  -0.4  -3.6   506   506   506   506   506   506   506   506   506   506   506   506 
1923  -2.5 -13.0  -6.2   0.0   7.5  11.7  17.4  14.2  12.0   7.0   3.0  -3.3   506   506   506   506   506   506   506   506   506   506   506   506 
1924  -9.7  -8.0  -4.3   0.9   9.7  14.7  17.6  17.3  13.5   8.3   2.9  -0.8   506   506   506   506   506   506   506   506   506   506   506   506 
1925   0.9  -0.4  -3.9   5.5  10.8  13.6  20.0  15.8  11.0   4.0  -1.8  -6.1   506   506   506   506   506   506   506   506   506   506   506   506 
1926 -12.4  -7.9  -4.3   0.9  10.8  15.5  18.2  15.2  11.5   3.2   3.1  -5.8   506   506   506   506   506   506   506   506   506   506   506   506 
1927  -8.5  -6.9  -1.0   2.6   6.7  13.5  21.6  18.3  12.2   4.0  -1.9  -7.2   506   506   506   506   506   506   506   506   506   506   506   506 
1928  -5.2  -6.4  -4.4   3.1  10.3  11.5  14.9  15.1  11.2   6.1   3.4  -2.5   506   506   506   506   506   506   506   506   506   506   506   506 
1929  -9.1 -16.7  -5.0  -1.4  11.3  13.2  17.4  16.3  11.2   7.4   3.3   1.1   506   506   506   506   506   506   506   506   506   506   506   506 
1930  -0.3  -5.4  -1.0   5.4  12.1  15.1  17.4  16.9   9.4   6.3   2.1  -5.9   506   506   506   506   506   506   506   506   506   506   506   506 
1931  -7.1  -9.5  -7.4   2.4  11.6  12.9  18.8  16.9   9.5   5.2   0.4  -3.9   506   506   506   506   506   506   506   506   506   506   506   506 
1932  -1.7  -9.6  -7.0   3.1  10.7  13.3  20.1  18.1  12.5   5.5   1.2   1.6   506   506   506   506   506   506   506   506   506   506   506   506 
1933  -8.1  -6.8  -2.9   3.0   8.3  15.1  18.7  15.2  11.3   5.4  -2.4  -5.6   506   506   506   506   506   506   506   506   506   506   506   506 
1934  -2.6  -4.3  -1.9   3.9  12.1  14.3  19.1  16.9  14.7   8.2   3.6  -4.7   506   506   506   506   506   506   506   506   506   506   506   506 
1935  -8.0  -4.0  -2.5   3.1   7.0  15.5  16.3  16.5  11.0   8.1   0.3  -1.9   506   506   506   506   506   506   506   506   506   506   506   506 
1936  -3.5 -10.4  -0.5   3.9  10.6  19.1  20.4  16.9  11.6   3.0   2.4   0.5   506   506   506   506   506   506   506   506   506   506   506   506 
1937  -7.7  -6.4  -1.9   5.6  11.8  18.2  18.0  17.8  12.9   7.2   2.1  -8.0   506   506   506   506   506   506   506   506   506   506   506   506 
1938  -4.7  -2.2   0.5   2.4   9.3  13.9  20.6  19.3  14.9   7.0   4.3  -6.4   506   506   506   506   506   506   506   506   506   506   506   506 
1939  -6.3  -0.6  -2.1   2.7   8.9  15.7  18.7  19.6   9.9   2.4   1.1  -4.6   506   506   506   506   506   506   506   506   506   506   506   506 
1940 -14.4 -15.8  -9.1   1.0  10.5  14.2  19.1  16.0  11.1   5.6   2.0  -3.2   506   506   506   506   506   506   506   506   506   506   506   506 
1941 -13.6  -9.1  -5.8  -0.7   5.6  12.0  20.2 -99.0 -99.0 -99.0 -99.0 -99.0   506   506   506   506   506   506   506   -99   -99   -99   -99   -99 
1942 -18.0 -13.2 -11.6   1.4   7.6  12.8  16.5  16.9  12.1   7.6  -1.3  -3.1   506   506   506   506   506   506   506   506   506   506   506   506 
1943 -10.2  -1.5  -0.2   4.4   9.7  15.9  16.5  15.8  12.0   8.5   1.6   0.2   506   506   506   506   506   506   506   506   506   506   506   506 
1944  -1.8 -99.0 -99.0 -99.0 -99.0 -99.0 -99.0 -99.0 -99.0 -99.0 -99.0 -99.0   506   -99   -99   -99   -99   -99   -99   -99   -99   -99   -99   -99 
1945  -6.1  -3.9  -4.7   2.9   8.1  13.8  18.7  17.0  10.4   4.2  -0.3  -8.1   506   506   506   506   506   506   506   506   506   506   506   506 
1946  -5.1  -9.3  -5.1   3.4   8.3  15.6  18.6  16.6  12.3   3.6  -1.1  -3.7   506   506   506   506   506   506   506   506   506   506   506   506 
1947 -99.0 -99.0  -7.0   2.7   8.3  16.0  17.4  16.4  12.3   5.9  -0.3  -3.0   -99   -99   506   506   506   506   506   506   506   506   506   506 
1948  -6.5 -10.0  -4.1   3.3  11.8  16.0  16.7  15.8  12.0   6.2   1.6  -0.6   506   506   506   506   506   506   506   506   506   506   506   506 
1949  -1.6  -2.6  -2.5   4.3  12.0  13.6  16.8  14.9  14.0   7.7   1.6  -0.8   506   506   506   506   506   506   506   506   506   506   506   506 
1950 -13.2  -4.8  -2.0   6.4  10.0  13.8  15.7  15.3  12.2   5.7   0.4  -2.4   506   506   506   506   506   506   506   506   506   506   506   506 
1951  -8.0  -7.3  -6.1   5.2   6.6  14.2  16.2  18.3  13.2   6.6  -1.6   0.0   506   506   506   506   506   506   506   506   506   506   506   506 
1952  -1.8  -5.3  -9.6   4.1   7.0  13.9  16.7  15.4   9.7   3.0  -0.7  -2.9   506   506   506   506   506   506   506   506   506   506   506   506 
1953  -5.7 -10.5  -2.2   5.2   8.8  17.1  17.8  16.0  10.8   7.6   1.1  -3.2   506   506   506   506   506   506   506   506   506   506   506   506 
1954  -8.5 -12.6  -1.1   1.6  10.7  14.9  17.8  16.1  12.0   6.4  -0.4  -0.9   506   506   506   506   506   506   506   506   506   506   506   506 
1955  -4.8  -7.2  -5.6  -1.2   6.3  12.0  17.4  18.5  14.4   7.4  -0.4 -10.6   506   506   506   506   506   506   506   506   506   506   506   506 
1956  -7.8 -14.1  -5.3  -0.4   7.5  17.6  15.4  13.8   9.6   5.5  -1.8  -1.7   506   506   506   506   506   506   506   506   506   506   506   506 
1957  -2.5  -2.4  -6.7   1.4   9.8  13.3  18.2  16.3  10.4   6.7   2.1  -1.4   506   506   506   506   506   506   506   506   506   506   506   506 
1958  -6.7  -8.2  -7.4   1.5   8.7  13.9  16.2  14.9  11.4   7.2   3.1  -6.2   506   506   506   506   506   506   506   506   506   506   506   506 
1959  -3.5  -3.0  -0.7   4.7  10.1  15.7  18.6  17.7  10.3   5.1  -0.3  -6.5   506   506   506   506   506   506   506   506   506   506   506   506 
1960  -9.3  -9.0  -6.2   1.9  10.6  16.1  18.8  16.0  10.7   3.3  -0.7   0.5   506   506   506   506   506   506   506   506   506   506   506   506 
1961  -2.9  -0.1   0.3   2.7  10.2  17.1  16.8  15.5  10.8   8.2   1.9  -3.6   506   506   506   506   506   506   506   506   506   506   506   506 
1962  -2.5  -5.0  -7.5   5.0   8.8  11.4  15.9  13.8  10.6   7.5   1.8  -4.4   506   506   506   506   506   506   506   506   506   506   506   506 
1963 -11.6 -12.1 -10.0   2.6  13.3  13.9  17.9  17.4  13.9   7.3   0.3  -5.3   506   506   506   506   506   506   506   506   506   506   506   506 
1964  -2.8  -8.7  -6.3   2.6   9.3  15.1  17.2  14.6  10.6   7.6  -0.8  -3.0   506   506   506   506   506   506   506   506   506   506   506   506 
1965  -5.0  -8.9  -4.2   3.9   6.9  15.6  14.4  14.7  13.0   5.5  -4.5  -3.4   506   506   506   506   506   506   506   506   506   506   506   506 
1966 -99.0 -99.0 -99.0 -99.0 -99.0 -99.0 -99.0 -99.0 -99.0 -99.0 -99.0 -99.0   -99   -99   -99   -99   -99   -99   -99   -99   -99   -99   -99   -99 
1967 -12.8  -6.8   1.1   3.9  10.7  13.7  16.9  16.1  13.2   8.9   3.0  -8.2   506   506   506   506   506   506   506   506   506   506   506   506 
1968 -15.6  -5.9  -1.2   4.1   8.8  16.6  14.5  17.3  11.0   2.9  -1.1  -2.8   506   506   506   506   506   506   506   506   506   506   506   506 
1969 -12.5  -9.4  -8.0   3.7   8.6  14.4  16.5  15.4  10.2   5.7   0.6  -7.2   506   506   506   506   506   506   506   506   506   506   506   506 
1970 -11.3 -10.8  -1.6   3.6   9.9  15.8  17.0  15.4  10.5   4.6  -0.7  -4.4   506   506   506   506   506   506   506   506   506   506   506   506 
1971  -2.1  -6.9  -4.9   2.7  10.5  13.7  16.4  15.9   9.6   4.7  -1.6  -3.1   506   506   506   506   506   506   506   506   506   506   506   506 
1972 -11.9  -4.4  -2.7   2.7   9.9  16.9  20.2  18.1  10.7   4.8   0.6   1.1   506   506   506   506   506   506   506   506   506   506   506   506 
1973  -4.9  -5.1  -1.5   4.3   9.9  16.3  19.0  15.0   7.5   3.0  -1.5  -5.9   506   506   506   506   506   506   506   506   506   506   506   506 
1974  -6.1  -0.6  -0.6   1.7   6.5  14.5  16.3  14.5  12.5   6.5   1.7  -0.2   506   506   506   506   506   506   506   506   506   506   506   506 
1975  -1.4  -4.3   0.1   4.0  12.2  13.4  17.5  16.0  13.2   5.0  -0.6  -1.6   506   506   506   506   506   506   506   506   506   506   506   506 
1976 -10.1  -8.7  -4.5   2.4  10.0  11.7  15.7  14.3   8.8   0.0  -0.1  -4.3   506   506   506   506   506   506   506   506   506   506   506   506 
1977  -7.6  -8.7  -2.4   3.4  10.6  15.1  15.5  14.6   9.3   5.0   2.4  -5.8   506   506   506   506   506   506   506   506   506   506   506   506 
1978  -7.3 -11.3  -1.6   2.3   9.5  13.3  15.4  13.9   9.1   4.3   3.0 -13.2   506   506   506   506   506   506   506   506   506   506   506   506 
1979  -9.2 -10.4  -1.1   2.5  11.7  15.5  14.7  16.5   9.9   4.6   1.3  -3.1   506   506   506   506   506   506   506   506   506   506   506   506 
1980  -8.8  -9.0  -6.1   4.9   7.1  17.3  16.2  14.4  10.5   5.8  -1.4  -2.8   506   506   506   506   506   506   506   506   506   506   506   506 
1981  -4.1  -5.4  -5.3   1.5  11.3  14.6  17.5  14.5  10.5   7.1   0.2  -5.6   506   506   506   506   506   506   506   506   506   506   506   506 
1982 -10.2  -7.2  -0.1   3.3   9.7  11.5  16.7  15.4  10.5   5.3   3.6  -0.3   506   506   506   506   506   506   506   506   506   506   506   506 
1983  -1.3  -8.6  -3.0   6.7  12.6  14.0  17.7  16.2  12.2   6.6  -0.1  -2.5   506   506   506   506   506   506   506   506   506   506   506   506 
1984  -3.7  -6.8  -4.1   5.4  13.3  14.2  15.7  15.2  10.7   7.8  -0.4  -4.3   506   506   506   506   506   506   506   506   506   506   506   506 
1985 -13.6 -16.0  -1.8   2.0  10.3  13.2  15.5  17.1  10.2   7.8  -1.2  -5.5   506   506   506   506   506   506   506   506   506   506   506   506 
1986  -6.3 -12.3   0.2   4.4  11.1  16.5  17.4  14.3   7.8   5.8   3.2  -7.9   506   506   506   506   506   506   506   506   506   506   506   506 
1987 -18.1  -5.9  -6.7   2.1   9.5  13.7  14.9  13.2   9.5   5.5  -1.1  -4.5   506   506   506   506   506   506   506   506   506   506   506   506 
1988  -4.7  -4.2  -1.6   2.6  12.3  17.3  20.0  14.8  11.7   5.4  -3.0  -5.4   506   506   506   506   506   506   506   506   506   506   506   506 
1989  -0.3   0.7   2.0   6.8  10.9  16.4  17.8  15.1  11.9   5.7   0.6  -4.1   506   506   506   506   506   506   506   506   506   506   506   506 
1990  -4.0   1.8   1.6   6.9   9.4  13.8  16.0  15.5   8.7   5.7  -0.3  -2.2   506   506   506   506   506   506   506   506   506   506   506   506 
1991  -3.2  -5.9  -0.9   4.3   8.6  13.8  17.2  16.7  10.7   6.8   3.1  -1.0   506   506   506   506   506   506   506   506   506   506   506   506 
1992  -1.5  -2.0   1.3   2.8  10.8  15.4  17.2  16.1  12.5   1.3  -2.7  -0.4   506   506   506   506   506   506   506   506   506   506   506   506 
1993  -2.3  -2.6  -1.3   4.2  13.3  12.2  15.9  14.1   6.4   4.0  -6.4  -3.2   506   506   506   506   506   506   506   506   506   506   506   506 
1994  -3.7 -12.7  -2.4   6.6   8.4  13.1  18.8  15.7  11.7   4.9  -0.6  -2.9   506   506   506   506   506   506   506   506   506   506   506   506 
1995  -4.8  -0.3   0.5   4.2  10.0  18.4  15.7  16.0  11.2   8.2  -1.6  -8.0   506   506   506   506   506   506   506   506   506   506   506   506 
1996  -8.1 -11.4  -4.1   3.6   9.8  13.6  15.0  17.1   8.7   6.2   3.6  -5.2   506   506   506   506   506   506   506   506   506   506   506   506 
1997  -4.5  -3.5  -1.4   2.2   7.9  15.8  18.3  18.5  10.3   3.7   0.0  -5.5   506   506   506   506   506   506   506   506   506   506   506   506 
1998  -1.5  -5.8  -4.8   4.1  10.5  15.4  16.4  13.8  11.3   5.6  -6.4  -4.2   506   506   506   506   506   506   506   506   506   506   506   506 
1999  -6.3  -8.0  -1.0   7.0   7.1  18.7  19.0  15.1  12.5   6.8   0.5  -1.1   506   506   506   506   506   506   506   506   506   506   506   506 
2000  -3.8  -2.1  -0.9   7.6   9.9  14.0  16.8  15.1   9.5   8.2   3.2   0.2   506   506   506   506   506   506   506   506   506   506   506   506 
2001  -1.7  -6.0  -3.2   6.4   9.5  14.3  21.3  17.0  12.3   8.0   0.0  -7.9   506   506   506   506   506   506   506   506   506   506   506   506 
2002  -3.1  -0.1   0.8   5.1  11.9  16.1  19.9  18.9  12.0   1.7  -1.6  -9.2   506   506   506   506   506   506   506   506   506   506   506   506 
2003  -9.2  -6.3  -2.3   1.9  10.5  13.0  20.0  16.4  12.3   4.8   2.6   0.0   506   506   506   506   506   506   506   506   506   506   506   506 
2004  -7.8  -4.9  -0.7   4.9  10.4  13.7  17.7  17.8  13.1   6.7   0.8  -0.1   506   506   506   506   506   506   506   506   506   506   506   506 
2005  -1.5  -6.9  -6.3   4.2  10.4  14.8  19.4  17.4  13.7   7.8   3.4  -2.9   506   506   506   506   506   506   506   506   506   506   506   506 
2006  -5.5 -10.2  -5.8   5.2  10.5  16.6  19.6  18.0  14.2   8.3   2.2   3.7   506   506   506   506   506   506   506   506   506   506   506   506 
2007  -1.6 -10.5   3.0   4.6  11.4  15.4  17.3  18.3  11.6   7.4   0.0   1.0   506   506   506   506   506   506   506   506   506   506   506   506 
2008  -1.3   0.5   0.3   6.0   9.9  14.2  17.4  16.0  10.6   8.7   3.0  -0.4   506   506   506   506   506   506   506   506   506   506   506   506 
2009  -2.3  -4.6  -0.8   4.5  10.9  14.4  17.8  16.8  13.8   5.0   2.2  -4.9   506   506   506   506   506   506   506   506   506   506   506   506 
2010 -12.1  -8.0  -1.9   5.1  12.5  14.8  23.4  18.9  12.1   5.1   0.6  -7.7   506   506   506   506   506   506   506   506   506   506   506   506 
2011  -4.8 -11.4  -1.7   3.8  10.1  17.2  21.1  17.1  13.4   8.2   4.5   1.9   506   506   506   506   506   506   506   506   506   506   506   506 
2012  -5.1 -10.8  -1.0   4.2  11.6  13.8  18.7  15.7  12.8   6.3   3.0  -7.5   506   506   506   506   506   506   506   506   506   506   506   506 
2013  -6.0  -2.9  -6.9   3.2  13.0  18.4  18.5  17.6  11.9   7.5   4.5   1.3   506   506   506   506   506   506   506   506   506   506   506   506 
2014  -7.1  -0.6   1.6   5.2  11.8  13.4  19.7  17.0  12.0   4.7   0.4  -1.4   506   506   506   506   506   506   506   506   506   506   506   506 
2015  -2.4 -99.0   2.5   4.9  10.2  14.4  15.9  16.1  12.6   4.8   3.7 -99.0   506   -99   506   506   506   506   506   506   506   506   506   -99 
