Number= 262310
Name= PJARNU
Country= ESTONIA
Lat=   58.4
Long=  -24.0
Height= 8
Start year= 1828
End year= 2014
First Good year= 1828
Source ID= 51
Source file= Jones
Jones data to= 2014
Normals source= Data
Normals source start year= 1961
Normals source end year= 1990
Normals=  -5.9  -5.9  -2.2   3.8  11.1  15.6  17.3  16.4  11.8   7.0   1.5  -3.1 
Standard deviations source= Data
Standard deviations source start year= 1941
Standard deviations source end year= 1990
Standard deviations=   4.0   3.7   2.9   1.6   1.7   1.5   1.2   1.0   1.4   1.6   1.6   2.6 
Obs:
1828 -11.1  -9.6   0.8   8.9  15.9  13.4  18.4  16.9   9.3   1.8  -1.3  -9.4   506   506   506   506   506   506   506   506   506   506   506   506 
1829 -11.4 -10.3  -4.4   5.3  12.3  20.8  18.6  16.1  11.3   0.0  -6.3  -6.6   506   506   506   506   506   506   506   506   506   506   506   506 
1830 -14.3  -6.3   0.8   5.6  14.1  19.3  21.4  16.8  10.4   5.5  -1.5  -3.0   506   506   506   506   506   506   506   506   506   506   506   506 
1831  -7.3  -5.1   0.0   9.6  13.3  18.8  19.1  14.1   9.8   5.1  -9.6  -2.8   506   506   506   506   506   506   506   506   506   506   506   506 
1832 -99.0 -99.0 -99.0 -99.0 -99.0 -99.0 -99.0 -99.0 -99.0 -99.0 -99.0 -99.0   -99   -99   -99   -99   -99   -99   -99   -99   -99   -99   -99   -99 
1833 -99.0 -99.0 -99.0 -99.0 -99.0 -99.0 -99.0 -99.0 -99.0 -99.0 -99.0 -99.0   -99   -99   -99   -99   -99   -99   -99   -99   -99   -99   -99   -99 
1834 -99.0 -99.0 -99.0 -99.0 -99.0 -99.0 -99.0 -99.0 -99.0 -99.0 -99.0 -99.0   -99   -99   -99   -99   -99   -99   -99   -99   -99   -99   -99   -99 
1835 -99.0 -99.0 -99.0 -99.0 -99.0 -99.0 -99.0 -99.0 -99.0 -99.0 -99.0 -99.0   -99   -99   -99   -99   -99   -99   -99   -99   -99   -99   -99   -99 
1836 -99.0 -99.0 -99.0 -99.0 -99.0 -99.0 -99.0 -99.0 -99.0 -99.0 -99.0 -99.0   -99   -99   -99   -99   -99   -99   -99   -99   -99   -99   -99   -99 
1837 -99.0 -99.0 -99.0 -99.0 -99.0 -99.0 -99.0 -99.0 -99.0 -99.0 -99.0 -99.0   -99   -99   -99   -99   -99   -99   -99   -99   -99   -99   -99   -99 
1838 -99.0 -99.0 -99.0 -99.0 -99.0 -99.0 -99.0 -99.0 -99.0 -99.0 -99.0 -99.0   -99   -99   -99   -99   -99   -99   -99   -99   -99   -99   -99   -99 
1839 -99.0  -5.7  -8.2  -0.5  14.7  15.5  18.8  18.0  12.1   5.0  -2.2 -12.1   -99   506   506   506   506   506   506   506   506   506   506   506 
1840  -5.8 -99.0 -99.0 -99.0 -99.0 -99.0 -99.0 -99.0 -99.0 -99.0 -99.0 -10.2   506   -99   -99   -99   -99   -99   -99   -99   -99   -99   -99   506 
1841  -8.5  -9.9  -1.9   5.7  12.6  16.8  16.6  16.7  11.4   6.7   0.2   0.7   506   506   506   506   506   506   506   506   506   506   506   506 
1842 -11.1  -2.3  -1.6   0.9  13.0  14.8  16.7  17.6  10.4   3.8  -2.4   0.7   506   506   506   506   506   506   506   506   506   506   506   506 
1843  -0.9  -1.0  -3.0   2.3   6.6  16.6  17.4  18.7  11.2   5.6  -0.3  -0.2   506   506   506   506   506   506   506   506   506   506   506   506 
1844  -7.5 -12.2  -3.6   3.9  12.6  14.0  15.9  17.4  13.2   7.4  -4.1  -7.9   506   506   506   506   506   506   506   506   506   506   506   506 
1845 -99.0 -99.0 -99.0 -99.0 -99.0 -99.0 -99.0 -99.0 -99.0 -99.0 -99.0 -99.0   -99   -99   -99   -99   -99   -99   -99   -99   -99   -99   -99   -99 
1846 -99.0 -99.0 -99.0 -99.0 -99.0 -99.0 -99.0 -99.0 -99.0 -99.0 -99.0 -99.0   -99   -99   -99   -99   -99   -99   -99   -99   -99   -99   -99   -99 
1847 -99.0 -99.0 -99.0 -99.0 -99.0 -99.0 -99.0 -99.0 -99.0 -99.0 -99.0 -99.0   -99   -99   -99   -99   -99   -99   -99   -99   -99   -99   -99   -99 
1848 -99.0 -99.0 -99.0 -99.0 -99.0 -99.0 -99.0 -99.0 -99.0 -99.0 -99.0 -99.0   -99   -99   -99   -99   -99   -99   -99   -99   -99   -99   -99   -99 
1849 -99.0 -99.0 -99.0 -99.0 -99.0 -99.0 -99.0 -99.0 -99.0 -99.0 -99.0 -99.0   -99   -99   -99   -99   -99   -99   -99   -99   -99   -99   -99   -99 
1850 -99.0 -99.0 -99.0 -99.0 -99.0 -99.0 -99.0 -99.0 -99.0 -99.0 -99.0 -99.0   -99   -99   -99   -99   -99   -99   -99   -99   -99   -99   -99   -99 
1851 -99.0 -99.0 -99.0 -99.0 -99.0 -99.0 -99.0 -99.0 -99.0 -99.0 -99.0 -99.0   -99   -99   -99   -99   -99   -99   -99   -99   -99   -99   -99   -99 
1852 -99.0 -99.0 -99.0 -99.0 -99.0 -99.0 -99.0 -99.0 -99.0 -99.0 -99.0 -99.0   -99   -99   -99   -99   -99   -99   -99   -99   -99   -99   -99   -99 
1853 -99.0 -99.0 -99.0 -99.0 -99.0 -99.0 -99.0 -99.0 -99.0 -99.0 -99.0 -99.0   -99   -99   -99   -99   -99   -99   -99   -99   -99   -99   -99   -99 
1854 -99.0 -99.0 -99.0 -99.0 -99.0 -99.0 -99.0 -99.0  10.6   7.3  -2.0  -2.1   -99   -99   -99   -99   -99   -99   -99   -99   506   506   506   506 
1855  -8.8 -14.2  -4.2   3.1  11.6  16.9  19.9  15.6  10.4   7.5  -1.3  -9.4   506   506   506   506   506   506   506   506   506   506   506   506 
1856  -5.0  -8.5  -7.0   2.8  10.7  15.2  17.3  13.3  10.7   5.7  -1.5  -3.1   506   506   506   506   506   506   506   506   506   506   506   506 
1857  -8.2  -4.0   0.4   3.1   8.5  14.2  16.4  17.3  11.1   7.4  -0.1  -0.4   506   506   506   506   506   506   506   506   506   506   506   506 
1858  -5.6  -7.2  -3.2   3.1  12.3  15.6  20.6  19.4  13.9   7.6  -4.0  -4.3   506   506   506   506   506   506   506   506   506   506   506   506 
1859  -2.0  -2.3  -1.4   5.0  11.9  17.4  16.7  16.9  12.0   4.6   0.5  -5.6   506   506   506   506   506   506   506   506   506   506   506   506 
1860  -5.6  -7.9  -3.5   5.7  10.4  17.5  18.7  16.5  12.9   5.6  -1.8  -9.3   506   506   506   506   506   506   506   506   506   506   506   506 
1861 -16.6  -4.0   0.6   1.4   9.3  17.0  20.6  16.6  11.1   5.9  -1.7  -2.9   506   506   506   506   506   506   506   506   506   506   506   506 
1862 -13.4 -10.6  -5.0   3.3  10.5  14.0  15.7  14.9  10.3   5.9  -3.2  -8.6   506   506   506   506   506   506   506   506   506   506   506   506 
1863  -1.2  -2.2  -0.2   4.6  10.2  13.6  17.7  16.7  13.7   7.2  -1.9  -3.2   506   506   506   506   506   506   506   506   506   506   506   506 
1864  -4.2  -4.4  -0.1   3.8   5.4  17.7  19.6  15.0  11.0   3.3  -4.6 -99.0   506   506   506   506   506   506   506   506   506   506   506   -99 
1865 -99.0 -99.0 -99.0 -99.0 -99.0 -99.0 -99.0 -99.0 -99.0 -99.0 -99.0 -99.0   -99   -99   -99   -99   -99   -99   -99   -99   -99   -99   -99   -99 
1866  -1.1  -8.1  -4.1   3.4   8.3  16.3  15.8  16.1  14.1   3.8  -1.9  -4.7   506   506   506   506   506   506   506   506   506   506   506   506 
1867 -11.3  -5.5  -7.3   0.5   3.8  14.1  16.6  15.1   9.1   6.5  -2.8  -9.7   506   506   506   506   506   506   506   506   506   506   506   506 
1868 -11.1  -6.6  -1.1   3.7  10.4  15.1  19.4  19.5  11.0   6.5  -3.3  -2.4   506   506   506   506   506   506   506   506   506   506   506   506 
1869  -8.6  -1.9  -0.3   5.4  10.3  13.7  16.7  16.0  11.2   4.9  -1.5  -2.5   506   506   506   506   506   506   506   506   506   506   506   506 
1870  -5.3 -12.5  -4.1   4.8   8.6  14.4  17.6  14.7   9.9   3.7   1.4 -13.4   506   506   506   506   506   506   506   506   506   506   506   506 
1871  -8.6 -17.6   0.3   1.0   6.6  14.2  18.3  15.6   8.2   3.0  -2.2  -4.6   506   506   506   506   506   506   506   506   506   506   506   506 
1872  -3.9  -7.7  -2.4   5.6  13.4  17.6  16.9  15.9  10.1   7.3   1.9  -4.8   506   506   506   506   506   506   506   506   506   506   506   506 
1873  -3.3  -8.0  -2.0   1.2   9.3  17.1  18.5  15.4  11.8   6.9  -0.2  -1.6   506   506   506   506   506   506   506   506   506   506   506   506 
1874  -1.8  -5.0  -3.1   2.6   6.7  13.9  16.8  14.3  11.4   8.2  -0.2  -5.7   506   506   506   506   506   506   506   506   506   506   506   506 
1875 -12.6  -7.5  -6.2  -0.4  10.3  16.0  17.9  15.0   9.0   1.5  -3.8 -11.2   506   506   506   506   506   506   506   506   506   506   506   506 
1876 -99.0 -99.0 -99.0 -99.0 -99.0 -99.0 -99.0 -99.0 -99.0 -99.0 -99.0 -99.0   -99   -99   -99   -99   -99   -99   -99   -99   -99   -99   -99   -99 
1877 -99.0 -99.0 -99.0 -99.0 -99.0 -99.0 -99.0 -99.0 -99.0 -99.0 -99.0 -99.0   -99   -99   -99   -99   -99   -99   -99   -99   -99   -99   -99   -99 
1878 -99.0 -99.0 -99.0 -99.0 -99.0 -99.0 -99.0 -99.0 -99.0 -99.0 -99.0 -99.0   -99   -99   -99   -99   -99   -99   -99   -99   -99   -99   -99   -99 
1879 -99.0 -99.0 -99.0 -99.0 -99.0 -99.0 -99.0 -99.0 -99.0 -99.0 -99.0 -99.0   -99   -99   -99   -99   -99   -99   -99   -99   -99   -99   -99   -99 
1880 -99.0 -99.0 -99.0 -99.0 -99.0 -99.0 -99.0 -99.0 -99.0 -99.0 -99.0 -99.0   -99   -99   -99   -99   -99   -99   -99   -99   -99   -99   -99   -99 
1881 -99.0 -99.0 -99.0 -99.0 -99.0 -99.0 -99.0 -99.0 -99.0 -99.0 -99.0 -99.0   -99   -99   -99   -99   -99   -99   -99   -99   -99   -99   -99   -99 
1882 -99.0 -99.0 -99.0 -99.0 -99.0 -99.0 -99.0 -99.0 -99.0 -99.0 -99.0 -99.0   -99   -99   -99   -99   -99   -99   -99   -99   -99   -99   -99   -99 
1883 -99.0 -99.0 -99.0 -99.0 -99.0 -99.0 -99.0 -99.0 -99.0 -99.0 -99.0 -99.0   -99   -99   -99   -99   -99   -99   -99   -99   -99   -99   -99   -99 
1884 -99.0 -99.0 -99.0 -99.0 -99.0 -99.0 -99.0 -99.0 -99.0 -99.0 -99.0 -99.0   -99   -99   -99   -99   -99   -99   -99   -99   -99   -99   -99   -99 
1885 -99.0 -99.0 -99.0 -99.0 -99.0 -99.0 -99.0 -99.0 -99.0 -99.0 -99.0 -99.0   -99   -99   -99   -99   -99   -99   -99   -99   -99   -99   -99   -99 
1886 -99.0 -99.0 -99.0 -99.0 -99.0 -99.0 -99.0 -99.0 -99.0 -99.0 -99.0 -99.0   -99   -99   -99   -99   -99   -99   -99   -99   -99   -99   -99   -99 
1887 -99.0 -99.0 -99.0 -99.0 -99.0 -99.0 -99.0 -99.0 -99.0 -99.0 -99.0 -99.0   -99   -99   -99   -99   -99   -99   -99   -99   -99   -99   -99   -99 
1888 -99.0 -99.0 -99.0 -99.0 -99.0 -99.0 -99.0 -99.0 -99.0 -99.0 -99.0 -99.0   -99   -99   -99   -99   -99   -99   -99   -99   -99   -99   -99   -99 
1889 -99.0 -99.0 -99.0 -99.0 -99.0 -99.0 -99.0 -99.0 -99.0 -99.0 -99.0 -99.0   -99   -99   -99   -99   -99   -99   -99   -99   -99   -99   -99   -99 
1890 -99.0 -99.0 -99.0 -99.0 -99.0 -99.0 -99.0 -99.0 -99.0 -99.0 -99.0 -99.0   -99   -99   -99   -99   -99   -99   -99   -99   -99   -99   -99   -99 
1891 -99.0 -99.0 -99.0 -99.0 -99.0 -99.0 -99.0 -99.0 -99.0 -99.0 -99.0 -99.0   -99   -99   -99   -99   -99   -99   -99   -99   -99   -99   -99   -99 
1892 -99.0 -99.0 -99.0 -99.0 -99.0 -99.0 -99.0 -99.0 -99.0 -99.0 -99.0 -99.0   -99   -99   -99   -99   -99   -99   -99   -99   -99   -99   -99   -99 
1893 -99.0 -99.0 -99.0 -99.0 -99.0 -99.0 -99.0 -99.0 -99.0 -99.0 -99.0 -99.0   -99   -99   -99   -99   -99   -99   -99   -99   -99   -99   -99   -99 
1894 -99.0 -99.0 -99.0 -99.0 -99.0 -99.0 -99.0 -99.0 -99.0 -99.0 -99.0 -99.0   -99   -99   -99   -99   -99   -99   -99   -99   -99   -99   -99   -99 
1895 -99.0 -99.0 -99.0 -99.0 -99.0 -99.0 -99.0 -99.0 -99.0 -99.0 -99.0 -99.0   -99   -99   -99   -99   -99   -99   -99   -99   -99   -99   -99   -99 
1896 -99.0 -99.0 -99.0 -99.0 -99.0 -99.0 -99.0 -99.0 -99.0 -99.0 -99.0 -99.0   -99   -99   -99   -99   -99   -99   -99   -99   -99   -99   -99   -99 
1897 -99.0 -99.0 -99.0 -99.0 -99.0 -99.0 -99.0 -99.0 -99.0 -99.0 -99.0 -99.0   -99   -99   -99   -99   -99   -99   -99   -99   -99   -99   -99   -99 
1898 -99.0 -99.0 -99.0 -99.0 -99.0 -99.0 -99.0 -99.0 -99.0 -99.0 -99.0 -99.0   -99   -99   -99   -99   -99   -99   -99   -99   -99   -99   -99   -99 
1899 -99.0 -99.0 -99.0 -99.0 -99.0 -99.0 -99.0 -99.0 -99.0 -99.0 -99.0 -99.0   -99   -99   -99   -99   -99   -99   -99   -99   -99   -99   -99   -99 
1900 -99.0 -99.0 -99.0 -99.0 -99.0 -99.0 -99.0 -99.0 -99.0 -99.0 -99.0 -99.0   -99   -99   -99   -99   -99   -99   -99   -99   -99   -99   -99   -99 
1901 -99.0 -99.0 -99.0 -99.0 -99.0 -99.0 -99.0 -99.0 -99.0 -99.0 -99.0 -99.0   -99   -99   -99   -99   -99   -99   -99   -99   -99   -99   -99   -99 
1902 -99.0 -99.0 -99.0 -99.0 -99.0 -99.0 -99.0 -99.0 -99.0 -99.0 -99.0 -99.0   -99   -99   -99   -99   -99   -99   -99   -99   -99   -99   -99   -99 
1903 -99.0 -99.0 -99.0 -99.0 -99.0 -99.0 -99.0 -99.0 -99.0 -99.0 -99.0 -99.0   -99   -99   -99   -99   -99   -99   -99   -99   -99   -99   -99   -99 
1904 -99.0 -99.0 -99.0 -99.0 -99.0 -99.0 -99.0 -99.0 -99.0 -99.0 -99.0 -99.0   -99   -99   -99   -99   -99   -99   -99   -99   -99   -99   -99   -99 
1905 -99.0 -99.0 -99.0 -99.0 -99.0 -99.0 -99.0 -99.0 -99.0 -99.0 -99.0 -99.0   -99   -99   -99   -99   -99   -99   -99   -99   -99   -99   -99   -99 
1906 -99.0 -99.0 -99.0 -99.0 -99.0 -99.0 -99.0 -99.0 -99.0 -99.0 -99.0 -99.0   -99   -99   -99   -99   -99   -99   -99   -99   -99   -99   -99   -99 
1907 -99.0 -99.0 -99.0 -99.0 -99.0 -99.0 -99.0 -99.0 -99.0 -99.0 -99.0 -99.0   -99   -99   -99   -99   -99   -99   -99   -99   -99   -99   -99   -99 
1908 -99.0 -99.0 -99.0 -99.0 -99.0 -99.0 -99.0 -99.0 -99.0 -99.0 -99.0 -99.0   -99   -99   -99   -99   -99   -99   -99   -99   -99   -99   -99   -99 
1909 -99.0 -99.0 -99.0 -99.0 -99.0 -99.0 -99.0 -99.0 -99.0 -99.0 -99.0 -99.0   -99   -99   -99   -99   -99   -99   -99   -99   -99   -99   -99   -99 
1910 -99.0 -99.0 -99.0 -99.0 -99.0 -99.0 -99.0 -99.0 -99.0 -99.0 -99.0 -99.0   -99   -99   -99   -99   -99   -99   -99   -99   -99   -99   -99   -99 
1911 -99.0 -99.0 -99.0 -99.0 -99.0 -99.0 -99.0 -99.0 -99.0 -99.0 -99.0 -99.0   -99   -99   -99   -99   -99   -99   -99   -99   -99   -99   -99   -99 
1912 -99.0 -99.0 -99.0 -99.0 -99.0 -99.0 -99.0 -99.0 -99.0 -99.0 -99.0 -99.0   -99   -99   -99   -99   -99   -99   -99   -99   -99   -99   -99   -99 
1913 -99.0 -99.0 -99.0 -99.0 -99.0 -99.0 -99.0 -99.0 -99.0 -99.0 -99.0 -99.0   -99   -99   -99   -99   -99   -99   -99   -99   -99   -99   -99   -99 
1914 -99.0 -99.0 -99.0 -99.0 -99.0 -99.0 -99.0 -99.0 -99.0 -99.0 -99.0 -99.0   -99   -99   -99   -99   -99   -99   -99   -99   -99   -99   -99   -99 
1915 -99.0 -99.0 -99.0 -99.0 -99.0 -99.0 -99.0 -99.0 -99.0 -99.0 -99.0 -99.0   -99   -99   -99   -99   -99   -99   -99   -99   -99   -99   -99   -99 
1916 -99.0 -99.0 -99.0 -99.0 -99.0 -99.0 -99.0 -99.0 -99.0 -99.0 -99.0 -99.0   -99   -99   -99   -99   -99   -99   -99   -99   -99   -99   -99   -99 
1917 -99.0 -99.0 -99.0 -99.0 -99.0 -99.0 -99.0 -99.0 -99.0 -99.0 -99.0 -99.0   -99   -99   -99   -99   -99   -99   -99   -99   -99   -99   -99   -99 
1918 -99.0 -99.0 -99.0 -99.0 -99.0 -99.0 -99.0 -99.0 -99.0 -99.0 -99.0 -99.0   -99   -99   -99   -99   -99   -99   -99   -99   -99   -99   -99   -99 
1919 -99.0 -99.0 -99.0 -99.0 -99.0 -99.0 -99.0 -99.0 -99.0 -99.0 -99.0 -99.0   -99   -99   -99   -99   -99   -99   -99   -99   -99   -99   -99   -99 
1920 -99.0 -99.0 -99.0 -99.0 -99.0 -99.0 -99.0 -99.0 -99.0 -99.0 -99.0 -99.0   -99   -99   -99   -99   -99   -99   -99   -99   -99   -99   -99   -99 
1921 -99.0 -99.0 -99.0 -99.0 -99.0 -99.0 -99.0 -99.0 -99.0 -99.0 -99.0 -99.0   -99   -99   -99   -99   -99   -99   -99   -99   -99   -99   -99   -99 
1922 -99.0 -99.0 -99.0 -99.0 -99.0 -99.0 -99.0 -99.0 -99.0 -99.0 -99.0 -99.0   -99   -99   -99   -99   -99   -99   -99   -99   -99   -99   -99   -99 
1923 -99.0 -99.0 -99.0 -99.0 -99.0 -99.0 -99.0 -99.0 -99.0 -99.0 -99.0 -99.0   -99   -99   -99   -99   -99   -99   -99   -99   -99   -99   -99   -99 
1924 -99.0 -99.0 -99.0 -99.0 -99.0 -99.0 -99.0 -99.0 -99.0 -99.0 -99.0 -99.0   -99   -99   -99   -99   -99   -99   -99   -99   -99   -99   -99   -99 
1925 -99.0 -99.0 -99.0 -99.0 -99.0 -99.0 -99.0 -99.0 -99.0 -99.0 -99.0 -99.0   -99   -99   -99   -99   -99   -99   -99   -99   -99   -99   -99   -99 
1926 -99.0 -99.0 -99.0 -99.0 -99.0 -99.0 -99.0 -99.0 -99.0 -99.0 -99.0 -99.0   -99   -99   -99   -99   -99   -99   -99   -99   -99   -99   -99   -99 
1927 -99.0 -99.0 -99.0 -99.0 -99.0 -99.0 -99.0 -99.0 -99.0 -99.0 -99.0 -99.0   -99   -99   -99   -99   -99   -99   -99   -99   -99   -99   -99   -99 
1928 -99.0 -99.0 -99.0 -99.0 -99.0 -99.0 -99.0 -99.0 -99.0 -99.0 -99.0 -99.0   -99   -99   -99   -99   -99   -99   -99   -99   -99   -99   -99   -99 
1929 -99.0 -99.0 -99.0 -99.0 -99.0 -99.0 -99.0 -99.0 -99.0 -99.0 -99.0 -99.0   -99   -99   -99   -99   -99   -99   -99   -99   -99   -99   -99   -99 
1930 -99.0 -99.0 -99.0 -99.0 -99.0 -99.0 -99.0 -99.0 -99.0 -99.0 -99.0 -99.0   -99   -99   -99   -99   -99   -99   -99   -99   -99   -99   -99   -99 
1931 -99.0 -99.0 -99.0 -99.0 -99.0 -99.0 -99.0 -99.0 -99.0 -99.0 -99.0 -99.0   -99   -99   -99   -99   -99   -99   -99   -99   -99   -99   -99   -99 
1932 -99.0 -99.0 -99.0 -99.0 -99.0 -99.0 -99.0 -99.0 -99.0 -99.0 -99.0 -99.0   -99   -99   -99   -99   -99   -99   -99   -99   -99   -99   -99   -99 
1933 -99.0 -99.0 -99.0 -99.0 -99.0 -99.0 -99.0 -99.0 -99.0 -99.0 -99.0 -99.0   -99   -99   -99   -99   -99   -99   -99   -99   -99   -99   -99   -99 
1934 -99.0 -99.0 -99.0 -99.0 -99.0 -99.0 -99.0 -99.0 -99.0 -99.0 -99.0 -99.0   -99   -99   -99   -99   -99   -99   -99   -99   -99   -99   -99   -99 
1935 -99.0 -99.0 -99.0 -99.0 -99.0 -99.0 -99.0 -99.0 -99.0 -99.0 -99.0 -99.0   -99   -99   -99   -99   -99   -99   -99   -99   -99   -99   -99   -99 
1936  -1.9  -7.7   0.6   5.0  11.1  18.2  19.8  17.0  11.5   3.9   2.8   1.4   506   506   506   506   506   506   506   506   506   506   506   506 
1937  -7.3  -4.7  -1.3   6.9  13.6  17.0  17.8  18.8  14.3   7.5   2.7  -6.5   506   506   506   506   506   506   506   506   506   506   506   506 
1938  -3.6  -1.6   1.1   3.8   9.8  14.5  19.3  19.3  15.0   8.5   5.3  -5.3   506   506   506   506   506   506   506   506   506   506   506   506 
1939  -4.4   0.2  -0.7   3.5   9.8  15.8  18.7  20.7  10.8   3.0   2.0  -3.9   506   506   506   506   506   506   506   506   506   506   506   506 
1940 -12.8 -14.6  -7.3   1.8  12.6  15.4  18.4  15.4  11.6   6.7   2.9  -2.7   506   506   506   506   506   506   506   506   506   506   506   506 
1941 -12.2  -8.4  -3.5   0.5   8.0  13.1 -99.0 -99.0 -99.0   3.1  -2.3  -6.2   506   506   506   506   506   506   -99   -99   -99   506   506   506 
1942 -14.9 -12.5 -11.0   1.8   9.0  12.9  15.9  17.4  12.5   8.2  -0.2  -1.8   506   506   506   506   506   506   506   506   506   506   506   506 
1943  -8.1  -0.1   0.8   4.1  10.0  16.1  16.6  16.4  12.8   9.2   2.0   0.8   506   506   506   506   506   506   506   506   506   506   506   506 
1944  -1.5  -3.1  -1.3   2.3   9.6  13.5  18.5  17.7 -99.0 -99.0 -99.0 -99.0   506   506   506   506   506   506   506   506   -99   -99   -99   -99 
1945 -99.0 -99.0 -99.0 -99.0 -99.0 -99.0 -99.0  18.0  10.5   4.9   1.1  -6.0   -99   -99   -99   -99   -99   -99   -99   506   506   506   506   506 
1946  -4.6  -5.8  -3.2   4.4  10.3  15.3  18.2  16.6  13.4   3.8  -0.6  -3.0   506   506   506   506   506   506   506   506   506   506   506   506 
1947  -8.4 -12.5  -5.9   2.9  10.5  16.5  18.3  16.9  13.1   5.6   0.2  -2.4   506   506   506   506   506   506   506   506   506   506   506   506 
1948  -5.2  -7.0  -1.4   3.9  12.8  15.8  17.1  16.3  12.5   6.7   1.9   0.5   506   506   506   506   506   506   506   506   506   506   506   506 
1949  -0.8  -1.1  -2.5   4.4  13.0  14.5  17.0  15.1  14.6   7.9   3.0   0.8   506   506   506   506   506   506   506   506   506   506   506   506 
1950 -11.8  -4.0  -1.7   5.7  11.1  14.2  16.0  16.3  13.2   6.9   1.3  -1.1   506   506   506   506   506   506   506   506   506   506   506   506 
1951  -6.9  -5.3  -5.2   3.6   8.2  14.5  15.9  18.2  13.4   7.2   0.1   0.8   506   506   506   506   506   506   506   506   506   506   506   506 
1952  -1.1  -4.3  -9.4   3.6   8.5  13.7  16.4  16.0  10.3   5.0   0.1  -2.0   506   506   506   506   506   506   506   506   506   506   506   506 
1953  -5.6  -8.0  -1.9   5.6  10.5  17.5  17.8  16.7  12.1   8.5   2.1  -2.9   506   506   506   506   506   506   506   506   506   506   506   506 
1954  -6.3 -11.5  -0.6   2.5  13.6  15.0  17.3  16.5  13.0   7.1   1.1  -0.2   506   506   506   506   506   506   506   506   506   506   506   506 
1955  -4.3  -6.4  -6.1  -0.8   6.6  12.4  18.1  18.1  14.9   8.4   0.9  -6.5   506   506   506   506   506   506   506   506   506   506   506   506 
1956  -5.8 -12.7  -4.2   0.8   8.7  17.2  15.7  14.1  10.6   6.3  -1.5  -1.1   506   506   506   506   506   506   506   506   506   506   506   506 
1957  -1.6  -1.7  -4.8   3.0   9.9  13.7  17.9  16.3  11.3   7.4   2.8  -1.4   506   506   506   506   506   506   506   506   506   506   506   506 
1958  -6.0  -6.8  -6.0   2.1   9.5  13.7  16.3  15.6  12.2   8.3   3.7  -3.6   506   506   506   506   506   506   506   506   506   506   506   506 
1959  -3.5  -1.9   0.8   5.4  10.4  15.9  19.1  18.0  10.1   6.0   1.5  -5.5   506   506   506   506   506   506   506   506   506   506   506   506 
1960  -7.9  -8.2  -4.0   3.0  11.4  16.3  18.3  16.2  11.7   4.9   1.1   2.0   506   506   506   506   506   506   506   506   506   506   506   506 
1961  -2.0   0.1   1.7   4.8  10.6  17.8  16.4  15.5  11.3   9.1   2.7  -3.3   506   506   506   506   506   506   506   506   506   506   506   506 
1962  -1.9  -4.2  -6.9   5.0   9.4  12.8  15.6  14.9  11.2   8.1   1.9  -3.8   506   506   506   506   506   506   506   506   506   506   506   506 
1963 -11.6 -11.1  -8.1   3.2  14.5  14.1  17.8  17.7  14.1   7.6   0.7  -4.9   506   506   506   506   506   506   506   506   506   506   506   506 
1964  -2.2  -8.4  -4.2   2.1  10.1  16.6  17.6  15.7  12.0   8.8   1.8  -1.8   506   506   506   506   506   506   506   506   506   506   506   506 
1965  -3.3  -7.5  -3.8   4.2   8.1  15.5  15.1  15.5  14.1   7.4  -2.7  -2.6   506   506   506   506   506   506   506   506   506   506   506   506 
1966 -11.2 -10.5  -1.1   1.7  11.4  17.2  18.1  15.5  10.8   6.8   1.5  -4.8   506   506   506   506   506   506   506   506   506   506   506   506 
1967 -10.6  -3.8   0.3   4.4  11.5  14.2  17.1  16.4  14.3  10.4   3.7  -7.4   506   506   506   506   506   506   506   506   506   506   506   506 
1968 -11.6  -5.4  -1.8   5.0   9.0  16.8  15.8  18.0  12.7   4.5   0.5  -1.7   506   506   506   506   506   506   506   506   506   506   506   506 
1969 -10.2  -7.9  -7.1   3.5   9.8  15.9  17.6  16.9  11.4   6.8   2.3  -6.7   506   506   506   506   506   506   506   506   506   506   506   506 
1970 -10.1 -10.9  -1.8   2.5  10.9  16.6  17.4  16.7  11.5   5.6   0.9  -3.2   506   506   506   506   506   506   506   506   506   506   506   506 
1971  -1.7  -3.6  -3.9   4.0  11.3  14.7  17.1  17.2  11.0   6.4   0.2  -0.9   506   506   506   506   506   506   506   506   506   506   506   506 
1972  -9.2  -2.8  -1.4   2.9  10.8  17.2  20.3  18.1  11.5   5.6   2.1   2.2   506   506   506   506   506   506   506   506   506   506   506   506 
1973  -2.5  -2.5   0.1   4.5  11.1  17.1  20.0  16.1   9.2   4.4  -0.2  -4.3   506   506   506   506   506   506   506   506   506   506   506   506 
1974  -2.8  -0.2   0.2   4.0   8.7  15.2  16.6  16.0  13.8   7.1   2.9   0.9   506   506   506   506   506   506   506   506   506   506   506   506 
1975  -0.3  -2.5   1.2   4.8  13.4  14.5  18.3  17.7  14.8   7.0   0.9  -0.2   506   506   506   506   506   506   506   506   506   506   506   506 
1976  -7.3  -7.1  -3.9   2.8  10.8  12.9  17.0  15.8  10.2   2.2   1.4  -3.6   506   506   506   506   506   506   506   506   506   506   506   506 
1977  -5.8  -6.7  -1.7   1.7  10.9  15.4  15.8  15.5  10.2   6.6   3.4  -3.4   506   506   506   506   506   506   506   506   506   506   506   506 
1978  -5.7  -9.5  -0.8   3.3  10.3  14.5  16.1  15.5  10.2   5.6   4.5 -10.7   506   506   506   506   506   506   506   506   506   506   506   506 
1979  -9.0  -9.1  -0.9   2.8  11.6  16.8  15.5  17.2  11.8   5.6   1.8  -1.9   506   506   506   506   506   506   506   506   506   506   506   506 
1980  -7.0  -8.1  -4.9   5.4   8.0  17.8  17.5  15.8  11.7   7.1  -0.3  -2.1   506   506   506   506   506   506   506   506   506   506   506   506 
1981  -3.3  -3.9  -3.5   2.1  13.0  15.2  17.9  15.8  11.9   8.2   1.5  -4.8   506   506   506   506   506   506   506   506   506   506   506   506 
1982  -7.1  -5.2  -0.4   3.1  10.4  12.9  17.8  17.3  12.2   6.7   4.8   1.0   506   506   506   506   506   506   506   506   506   506   506   506 
1983   0.4  -6.0  -2.1   6.6  13.2  14.4  18.5  17.1  13.4   7.7   1.0  -1.4   506   506   506   506   506   506   506   506   506   506   506   506 
1984  -2.4  -4.8  -2.9   5.9  14.0  15.0  16.0  16.6  11.6   9.3   1.2  -2.1   506   506   506   506   506   506   506   506   506   506   506   506 
1985 -11.3 -13.5  -1.7   2.0  11.5  15.0  16.6  17.9  11.4   8.4   0.1  -3.8   506   506   506   506   506   506   506   506   506   506   506   506 
1986  -4.8  -9.7  -0.5   5.2  11.7  17.2  17.6  16.4   9.6   7.0   4.0  -5.5   506   506   506   506   506   506   506   506   506   506   506   506 
1987 -14.6  -5.0  -5.2   3.0   9.5  14.0  16.3  14.3  11.0   7.5   1.5  -2.5   506   506   506   506   506   506   506   506   506   506   506   506 
1988  -2.4  -2.7  -2.0   2.1  13.0  18.4  20.3  16.0  13.2   7.0  -1.7  -4.5   506   506   506   506   506   506   506   506   506   506   506   506 
1989   0.4   0.9   2.4   7.4  12.1  17.0  18.0  16.1 -99.0 -99.0 -99.0 -99.0   506   506   506   506   506   506   506   506   -99   -99   -99   -99 
1990 -99.0 -99.0 -99.0 -99.0  10.9  15.5  16.5  17.0  10.3   7.1   2.3  -0.8   -99   -99   -99   -99   506   506   506   506   506   506   506   506 
1991  -0.5  -3.8   0.8   5.1   9.3  13.7  18.3  18.1  12.1   7.6   4.3   0.4   506   506   506   506   506   506   506   506   506   506   506   506 
1992   0.4  -0.7   1.7   3.5  11.9  16.5  17.7  17.1  13.1   2.9   0.2   0.6   506   506   506   506   506   506   506   506   506   506   506   506 
1993  -0.8  -1.0  -0.3   5.5  15.2  13.0  16.8  15.0   7.5   5.2  -4.7  -1.5   506   506   506   506   506   506   506   506   506   506   506   506 
1994  -2.1 -10.8  -1.7   6.6  10.0  13.3  19.9  16.8  13.0   5.7   1.3  -0.4   506   506   506   506   506   506   506   506   506   506   506   506 
1995  -2.6   0.3   1.0   5.2  10.6  18.3  17.0  16.8  12.1   9.3   0.2  -5.4   506   506   506   506   506   506   506   506   506   506   506   506 
1996  -6.2  -9.6  -2.3   3.1  10.8  14.4  15.8  18.7  10.0   7.9   4.5  -4.1   506   506   506   506   506   506   506   506   506   506   506   506 
1997  -2.5  -1.6  -0.5   2.8   9.2  16.6  19.3  19.3  12.0   4.6   1.1  -2.7   506   506   506   506   506   506   506   506   506   506   506   506 
1998  -0.2  -2.5  -1.7   6.3  11.9  15.7  16.5  14.9  12.1   6.6  -3.9  -2.4   506   506   506   506   506   506   506   506   506   506   506   506 
1999  -3.4  -4.4   0.1   7.1   8.8  18.7  19.4  16.2  13.9   7.5   2.3  -0.3   506   506   506   506   506   506   506   506   506   506   506   506 
2000  -2.0  -0.7   0.2   8.7  11.6  14.8  17.0  16.5  10.6   9.4   5.0   1.3   506   506   506   506   506   506   506   506   506   506   506   506 
2001  -0.7  -4.4  -1.8   6.1  11.0  14.9  21.5  17.4  12.8   9.2   1.2  -6.0   506   506   506   506   506   506   506   506   506   506   506   506 
2002  -1.6  -0.2   1.1   6.3  14.3  16.9  20.0  19.7  12.3   2.2   0.1  -7.5   506   506   506   506   506   506   506   506   506   506   506   506 
2003  -6.4  -5.3  -0.6   3.4  11.2  14.4  21.1  17.1  12.8   5.1   3.6   1.2   506   506   506   506   506   506   506   506   506   506   506   506 
2004  -6.5  -3.2   0.1   6.3  11.2  13.8  17.4  18.2  13.6   7.0   0.8   1.0   506   506   506   506   506   506   506   506   506   506   506   506 
2005  -0.7  -6.1  -5.8   4.0  10.6  14.2  18.1  16.5  13.3   7.7   3.5  -3.1   506   506   506   506   506   506   506   506   506   506   506   506 
2006  -4.5  -7.6  -4.8   4.5  10.7  15.6  18.7  17.3  14.1   9.1   3.1   4.4   506   506   506   506   506   506   506   506   506   506   506   506 
2007  -0.9  -9.4   3.5   4.9  11.7  16.3  17.0  18.2  12.0   6.9   1.3   2.0   506   506   506   506   506   506   506   506   506   506   506   506 
2008  -0.6   1.4   0.9   7.2  10.9  14.5  16.6  16.3  10.4   9.3   3.4   0.5   506   506   506   506   506   506   506   506   506   506   506   506 
2009  -2.0  -4.1  -0.8   5.6  11.1  13.9  17.1  16.3  13.6   4.9   3.1  -3.7   506   506   506   506   506   506   506   506   506   506   506   506 
2010 -12.3  -7.4  -2.1   5.4  12.3  14.4  21.8  18.5  11.5   5.0   0.5  -7.0   506   506   506   506   506   506   506   506   506   506   506   506 
2011  -3.3 -10.4  -1.4   5.5  10.6  17.7  20.3  16.9  13.5   8.2   4.7   2.6   506   506   506   506   506   506   506   506   506   506   506   506 
2012  -3.9  -9.1   0.0   4.7  11.4  13.4  18.0  15.5  12.9   6.4   3.6  -5.8   506   506   506   506   506   506   506   506   506   506   506   506 
2013  -5.5  -2.6  -6.7   2.8  13.8  17.8  17.7  17.2  11.8   7.4   5.1   2.7   506   506   506   506   506   506   506   506   506   506   506   506 
2014  -7.4  -0.2   2.1   6.4  11.6  13.8  19.6  17.4  12.3   6.3   2.0   0.0   506   506   506   506   506   506   506   506   506   506   506   506 
