Number= 268780
Name= SLAVGOROD
Country= BELARUS
Lat=   53.5
Long=  -31.0
Height= 171
Start year= 1991
End year= 2013
First Good year= 1991
Source ID= 98
Source file= Jones
Jones data to= 2013
Normals source start year= 1991
Normals source end year= 1990
Normals= -99.0 -99.0 -99.0 -99.0 -99.0 -99.0 -99.0 -99.0 -99.0 -99.0 -99.0 -99.0 
Standard deviations source= Data
Standard deviations source start year= 1991
Standard deviations source end year= 1990
Obs:
1991  -3.5  -6.5  -0.7   7.0  11.3  17.0  18.4  17.3  12.8   6.9   1.6  -3.4   506   506   506   506   506   506   506   506   506   506   506   506 
1992  -2.8  -3.1   2.3   5.3  12.4  16.6  18.8  19.9  12.3   3.5  -1.3  -3.6   506   506   506   506   506   506   506   506   506   506   506   506 
1993  -3.0  -3.1  -1.3   7.0  15.2  14.3  16.4  15.2   9.0   5.4  -7.9  -1.6   506   506   506   506   506   506   506   506   506   506   506   506 
1994  -1.2  -9.0  -1.2   8.9  11.2  14.7  19.4  17.2  15.3   5.4  -0.8  -5.8   506   506   506   506   506   506   506   506   506   506   506   506 
1995  -5.1   0.2   2.4   7.6  13.1  19.3  18.2  17.6  12.5   6.9  -1.9  -7.8   506   506   506   506   506   506   506   506   506   506   506   506 
1996  -9.6  -8.6  -3.6   8.2  16.3  16.3  17.6  18.4  10.0   6.9   5.2  -7.3   506   506   506   506   506   506   506   506   506   506   506   506 
1997  -6.5  -2.6   0.0   4.1  12.4  17.0  18.3  17.6   9.8   4.9   1.8  -6.8   506   506   506   506   506   506   506   506   506   506   506   506 
1998  -2.3  -2.4  -0.7   6.9  13.3  18.7  17.7  15.5  12.4   5.6  -6.2  -6.6   506   506   506   506   506   506   506   506   506   506   506   506 
1999  -3.6  -4.9   1.1  10.3  10.5  21.3  20.9  16.9  13.1   7.1  -1.9  -1.5   506   506   506   506   506   506   506   506   506   506   506   506 
2000  -5.7  -1.6  -0.2  11.4  12.6  15.8  17.7  17.3  10.3   8.1   3.1  -0.1   506   506   506   506   506   506   506   506   506   506   506   506 
2001  -2.8  -5.1  -0.4  10.3  12.2  15.6  23.3  18.1  12.2   7.2   0.8  -9.2   506   506   506   506   506   506   506   506   506   506   506   506 
2002  -3.7   0.9   3.2   8.2  14.5  17.4  22.2  19.1  11.9   4.1   0.9 -10.4   506   506   506   506   506   506   506   506   506   506   506   506 
2003  -6.3  -8.1  -1.0   5.1  16.4  15.1  20.4  16.4  11.5   5.2   2.2  -2.0   506   506   506   506   506   506   506   506   506   506   506   506 
2004  -6.3  -5.2   1.0   6.5  11.6  15.2  18.5  18.9  12.6   7.2  -0.5  -1.1   506   506   506   506   506   506   506   506   506   506   506   506 
2005  -2.2  -7.4  -4.8   8.2  14.1  15.4  19.1  17.8  13.9   7.1   1.2  -2.9   506   506   506   506   506   506   506   506   506   506   506   506 
2006  -8.3  -9.9  -3.3   7.1  12.5  17.5  19.6  17.8  13.7   7.8   1.7   1.9   506   506   506   506   506   506   506   506   506   506   506   506 
2007  -0.3  -8.8   5.2   6.1  15.6  18.5  17.8  19.6  12.5   7.4  -0.9  -1.5   506   506   506   506   506   506   506   506   506   506   506   506 
2008  -3.8  -0.7   2.3   9.5  12.3  16.2  19.0  18.8  12.4   9.2   1.4  -2.0   506   506   506   506   506   506   506   506   506   506   506   506 
2009  -4.9  -3.6   0.0   7.9  13.0  16.7  18.8  16.2  14.2   6.5   3.5  -4.5   506   506   506   506   506   506   506   506   506   506   506   506 
2010 -12.6  -5.0  -1.2   9.0  16.1  19.6  23.8  22.0  12.3   4.4   4.6  -7.4   506   506   506   506   506   506   506   506   506   506   506   506 
2011  -5.1  -9.2  -1.5   8.4  14.4  19.1  20.9  18.0  12.9   6.5   1.7   1.0   506   506   506   506   506   506   506   506   506   506   506   506 
2012  -5.5 -11.9  -0.3   8.7  15.3  16.1  21.0  17.9  13.4   7.2   3.1  -6.4   506   506   506   506   506   506   506   506   506   506   506   506 
2013  -8.0  -2.0  -4.8   7.4  17.5  20.1  18.6  18.5  11.6   7.6   4.7  -1.0   506   506   506   506   506   506   506   506   506   506   506   506 
