Number= 508670
Name= BAYAN
Country= CHINA
Lat=   46.1
Long= -127.4
Height= 134
Start year= 1960
End year= 2016
First Good year= 1960
Source ID= 68
Source file= Jones
Jones data to= 2016
Normals source= Data
Normals source start year= 1961
Normals source end year= 1990
Normals= -21.1 -17.2  -5.7   5.7  13.4  19.2  22.1  20.4  13.6   4.9  -6.7 -17.0 
Standard deviations source= Data
Standard deviations source start year= 1960
Standard deviations source end year= 1990
Standard deviations=   2.5   2.3   2.3   1.7   1.2   1.3   0.8   1.0   0.9   1.3   2.0   2.6 
Obs:
1960 -25.0 -13.9  -7.3   2.6  10.6  17.6  21.9  20.4  14.7   4.8  -5.9 -20.2   506   506   506   506   506   506   506   506   506   506   506   506 
1961 -23.7 -19.0  -4.1   5.8  12.2  19.7  22.5  20.9  15.1   4.5  -4.0 -15.9   506   506   506   506   506   506   506   506   506   506   506   506 
1962 -20.4 -14.7  -7.0   4.9  12.9  19.0  22.2  20.4  14.0   4.1  -8.6 -14.9   506   506   506   506   506   506   506   506   506   506   506   506 
1963 -23.2 -17.3  -4.7   5.3  13.5  19.0  21.5  20.7  13.6   4.4  -8.2 -15.6   506   506   506   506   506   506   506   506   506   506   506   506 
1964 -20.5 -21.0  -5.3   5.3  14.4  17.8  20.7  20.0  11.6   3.9  -6.3 -16.8   506   506   506   506   506   506   506   506   506   506   506   506 
1965 -21.6 -21.0  -7.9   2.8  11.9  19.9  20.9  19.5  13.6   5.9  -8.5 -21.2   506   506   506   506   506   506   506   506   506   506   506   506 
1966 -21.0 -16.0  -6.8   3.4  14.1  19.4  21.0  20.5  12.0   7.5  -7.5 -18.9   506   506   506   506   506   506   506   506   506   506   506   506 
1967 -17.3 -13.2  -4.3   6.8  15.1  17.8  22.4  21.0  13.4   6.9  -9.2 -20.5   506   506   506   506   506   506   506   506   506   506   506   506 
1968 -22.2 -19.5  -5.7   8.5  13.7  19.5  22.5  20.4  12.6   4.2  -6.2 -14.3   506   506   506   506   506   506   506   506   506   506   506   506 
1969 -22.5 -19.0  -6.3   4.6  11.2  16.9  21.9  20.0  12.7   4.5  -8.6 -22.0   506   506   506   506   506   506   506   506   506   506   506   506 
1970 -24.7 -18.0 -11.8   6.4  14.8  20.6  22.3  20.9  13.6   4.5  -5.0 -16.0   506   506   506   506   506   506   506   506   506   506   506   506 
1971 -18.1 -15.7  -7.8   5.5  12.8  19.3  21.1  19.1  13.7   6.0  -4.0 -16.4   506   506   506   506   506   506   506   506   506   506   506   506 
1972 -18.8 -18.0  -2.5   5.6  12.3  17.4  22.2  18.2  12.0   4.0  -8.8 -18.6   506   506   506   506   506   506   506   506   506   506   506   506 
1973 -21.2 -18.4  -8.8   4.2  12.5  19.5  23.1  19.9  14.7   3.8  -5.8 -17.2   506   506   506   506   506   506   506   506   506   506   506   506 
1974 -20.2 -18.1  -7.1   4.7  12.1  16.6  23.5  20.3  14.4   3.0  -7.4 -18.2   506   506   506   506   506   506   506   506   506   506   506   506 
1975 -17.4 -14.9  -3.0   9.3  13.7  20.1  21.5  21.2  14.9   5.8  -2.8 -16.4   506   506   506   506   506   506   506   506   506   506   506   506 
1976 -19.0 -14.4  -5.3   4.7  12.8  18.6  23.1  18.3  13.6   3.8 -10.2 -21.6   506   506   506   506   506   506   506   506   506   506   506   506 
1977 -27.3 -20.2  -4.9   4.4  15.8  18.8  23.1  19.6  13.7   6.0  -6.9 -19.2   506   506   506   506   506   506   506   506   506   506   506   506 
1978 -22.6 -20.9  -5.4   5.9  12.2  21.7  22.5  20.0  14.7   3.2  -5.4 -19.0   506   506   506   506   506   506   506   506   506   506   506   506 
1979 -20.4 -17.0  -5.2   3.7  14.2  20.3  22.1  19.9  13.2   5.4  -7.6 -12.7   506   506   506   506   506   506   506   506   506   506   506   506 
1980 -24.4 -17.7  -5.8   2.8  13.7  20.6  21.8  21.4  13.1   3.0  -5.6 -17.8   506   506   506   506   506   506   506   506   506   506   506   506 
1981 -21.1 -16.5  -4.7   8.1  13.1  18.6  23.5  19.1  13.0   4.4 -10.0 -14.7   506   506   506   506   506   506   506   506   506   506   506   506 
1982 -19.0 -13.6  -6.2   8.8  14.2  20.9  23.9  22.7  13.5   4.9  -4.9 -13.5   506   506   506   506   506   506   506   506   506   506   506   506 
1983 -18.1 -16.9  -2.5   7.5  12.8  15.9  20.8  21.2  15.5   3.5  -4.8 -16.4   506   506   506   506   506   506   506   506   506   506   506   506 
1984 -21.6 -18.9  -9.4   5.5  15.4  19.8  22.0  21.1  13.4   3.9  -6.0 -15.0   506   506   506   506   506   506   506   506   506   506   506   506 
1985 -22.5 -17.3  -6.6   6.6  14.6  19.8  21.5  21.4  13.4   5.9  -8.5 -21.5   506   506   506   506   506   506   506   506   506   506   506   506 
1986 -22.7 -16.5  -4.5   5.1  13.4  20.4  22.1  19.5  14.3   3.7  -6.1 -13.6   506   506   506   506   506   506   506   506   506   506   506   506 
1987 -21.6 -15.6  -8.4   5.5  12.3  19.9  20.8  20.6  13.7   5.4  -9.9 -16.4   506   506   506   506   506   506   506   506   506   506   506   506 
1988 -17.5 -18.5  -5.8   5.4  12.2  20.6  21.7  21.9  14.8   5.7  -5.4 -18.0   506   506   506   506   506   506   506   506   506   506   506   506 
1989 -18.1 -14.1  -2.1   6.7  13.5  18.9  21.7  21.0  13.4   6.1  -5.6 -15.5   506   506   506   506   506   506   506   506   506   506   506   506 
1990 -24.0 -13.0  -0.3   6.0  14.3  19.5  22.1  20.9  13.2   8.5  -2.6 -12.6   506   506   506   506   506   506   506   506   506   506   506   506 
1991 -20.2 -14.6  -5.4   6.2  14.5  19.0  21.1  22.4  13.6   5.8  -4.4 -17.8   506   506   506   506   506   506   506   506   506   506   506   506 
1992 -18.5 -15.3  -2.8   6.3  13.1  17.9  22.1  20.2  12.8   6.6  -7.9 -18.6   506   506   506   506   506   506   506   506   506   506   506   506 
1993 -21.3 -13.8  -2.7   5.2  13.9  18.0  22.4  20.0  14.6   4.8  -7.5 -16.5   506   506   506   506   506   506   506   506   506   506   506   506 
1994 -22.3 -14.9  -6.5   7.0  13.0  21.3  23.4  21.8  15.7   6.0  -3.6 -19.0   506   506   506   506   506   506   506   506   506   506   506   506 
1995 -18.3 -14.5  -3.7   5.2  12.2  20.6  22.1  20.2  14.2   7.1  -4.6 -13.6   506   506   506   506   506   506   506   506   506   506   506   506 
1996 -17.0 -12.1  -4.1   6.1  15.7  20.1  22.4  20.1  13.2   4.1  -8.2 -18.5   506   506   506   506   506   506   506   506   506   506   506   506 
1997 -20.5 -13.3  -3.7   6.7  13.4  20.5  23.7  21.1  13.1   3.4  -3.3 -12.7   506   506   506   506   506   506   506   506   506   506   506   506 
1998 -21.2  -9.5  -1.5  10.1  15.8  19.7  22.8  20.7  15.7   7.8 -11.9 -16.1   506   506   506   506   506   506   506   506   506   506   506   506 
1999 -17.8 -13.7  -8.4   6.0  12.1  18.8  24.3  20.3  14.3   4.2  -5.0 -15.9   506   506   506   506   506   506   506   506   506   506   506   506 
2000 -22.0 -17.0  -4.1   6.0  15.8  22.3  23.6  22.5  16.3   5.0  -8.6 -21.2   506   506   506   506   506   506   506   506   506   506   506   506 
2001 -25.8 -19.9  -6.7   7.0  15.3  21.2  23.3  20.9  14.4   7.1  -4.3 -16.8   506   506   506   506   506   506   506   506   506   506   506   506 
2002 -17.4 -11.4  -0.5   7.2  15.9  18.5  22.3  19.2  15.1   3.5 -11.6 -17.3   506   506   506   506   506   506   506   506   506   506   506   506 
2003 -18.4 -11.5  -1.5   8.2  14.8  20.1  21.0  20.0  15.2   6.2  -6.6 -16.1   506   506   506   506   506   506   506   506   506   506   506   506 
2004 -19.2 -13.7  -4.2   5.6  13.9  21.7  21.5  20.1  15.5   7.5  -2.5 -17.9   506   506   506   506   506   506   506   506   506   506   506   506 
2005 -18.8 -19.9  -5.9   6.5  12.7  21.1  22.1  21.5  15.8   6.7  -4.1 -18.7   506   506   506   506   506   506   506   506   506   506   506   506 
2006 -21.2 -15.4  -4.9   4.0  15.5  19.1  22.3  21.9  15.2   6.4  -5.9 -14.8   506   506   506   506   506   506   506   506   506   506   506   506 
2007 -13.1 -10.6  -4.3   6.1  13.6  21.9  21.7  21.5  15.3   6.1  -5.0 -12.5   506   506   506   506   506   506   506   506   506   506   506   506 
2008 -20.9 -13.2   1.2   9.7  13.1  20.9  23.0  21.6  14.8   7.4  -6.4 -14.2   506   506   506   506   506   506   506   506   506   506   506   506 
2009 -19.1 -15.0  -6.7   8.2  16.7  18.0  21.5  21.1  14.0   6.3  -8.6 -19.5   506   506   506   506   506   506   506   506   506   506   506   506 
2010 -20.4 -18.7 -11.0   2.8  14.7  24.2  22.5  20.8  15.2   5.5  -5.0 -18.1   506   506   506   506   506   506   506   506   506   506   506   506 
2011 -23.3 -14.8  -5.1   6.3  13.6  20.1  23.6  21.7  13.7   7.9  -4.6 -16.1   506   506   506   506   506   506   506   506   506   506   506   506 
2012 -20.2 -14.6  -4.6   6.2  14.8  20.8  23.0  20.6  16.1   5.8  -6.0 -22.1   506   506   506   506   506   506   506   506   506   506   506   506 
2013 -22.3 -18.0  -9.3   3.7  16.7  20.9  22.9  21.7  14.6   6.3  -4.3 -16.9   506   506   506   506   506   506   506   506   506   506   506   506 
2014 -20.5 -17.0  -1.9   8.9  13.7  22.5  22.5  21.5  15.0   5.5  -2.7 -18.5   506   506   506   506   506   506   506   506   506   506   506   506 
2015 -17.1 -12.8  -2.6   7.7  13.4  21.4  22.4  22.3  15.7   6.0  -6.1 -15.2   506   506   506   506   506   506   506   506   506   506   506   506 
2016 -21.3 -14.1  -1.5   7.0  14.9  19.7  23.3  22.1  16.5   3.3 -11.8 -15.4   506   506   506   506   506   506   506   506   506   506   506   506 
