Number= 508730
Name= JIAMUSI
Country= CHINA
Lat=   46.8
Long= -130.3
Height= 82
Start year= 1938
End year= 2016
First Good year= 1938
Source ID= 68
Source file= Jones
Jones data to= 2016
Normals source= Data
Normals source start year= 1961
Normals source end year= 1990
Normals= -19.0 -15.4  -5.0   5.9  13.5  19.1  22.3  20.7  13.9   5.2  -6.4 -16.1 
Standard deviations source= Data
Standard deviations source start year= 1941
Standard deviations source end year= 1990
Standard deviations=   2.1   2.4   2.5   1.6   1.2   1.4   1.1   1.1   1.1   1.2   2.1   2.5 
Obs:
1938 -19.5 -16.6  -5.3   4.3  12.1  18.5  23.4  21.1  12.8   5.0  -7.3 -20.7   506   506   506   506   506   506   506   506   506   506   506   506 
1939 -23.0 -15.5  -4.3   5.6  11.7  16.5  22.9  22.0  13.5   3.3  -7.5 -15.5   506   506   506   506   506   506   506   506   506   506   506   506 
1940 -20.6 -15.6  -6.0   3.6  10.5  16.8  21.7  19.4  13.7   3.9  -7.4 -16.6   506   506   506   506   506   506   506   506   506   506   506   506 
1941 -22.1 -17.2 -11.8   1.6 -99.0  18.5  20.0  18.9  14.2   3.4  -6.2 -18.7   506   506   506   506   -99   506   506   506   506   506   506   506 
1942 -20.5 -19.3  -4.4   3.1 -99.0 -99.0 -99.0 -99.0 -99.0 -99.0 -99.0 -99.0   506   506   506   506   -99   -99   -99   -99   -99   -99   -99   -99 
1943 -99.0 -99.0 -99.0 -99.0 -99.0 -99.0 -99.0 -99.0 -99.0 -99.0 -99.0 -99.0   -99   -99   -99   -99   -99   -99   -99   -99   -99   -99   -99   -99 
1944 -99.0 -99.0 -99.0 -99.0 -99.0 -99.0 -99.0 -99.0 -99.0 -99.0 -99.0 -99.0   -99   -99   -99   -99   -99   -99   -99   -99   -99   -99   -99   -99 
1945 -99.0 -99.0 -99.0 -99.0 -99.0 -99.0 -99.0 -99.0 -99.0 -99.0 -99.0 -99.0   -99   -99   -99   -99   -99   -99   -99   -99   -99   -99   -99   -99 
1946 -99.0 -99.0 -99.0 -99.0 -99.0 -99.0 -99.0 -99.0 -99.0 -99.0 -99.0 -99.0   -99   -99   -99   -99   -99   -99   -99   -99   -99   -99   -99   -99 
1947 -99.0 -99.0 -99.0 -99.0 -99.0 -99.0 -99.0 -99.0 -99.0 -99.0 -99.0 -99.0   -99   -99   -99   -99   -99   -99   -99   -99   -99   -99   -99   -99 
1948 -99.0 -99.0 -99.0 -99.0 -99.0 -99.0 -99.0 -99.0 -99.0 -99.0 -99.0 -99.0   -99   -99   -99   -99   -99   -99   -99   -99   -99   -99   -99   -99 
1949 -99.0 -99.0 -99.0 -99.0 -99.0  17.7  23.2  23.1  13.5   5.7  -7.7 -18.4   -99   -99   -99   -99   -99   506   506   506   506   506   506   506 
1950 -19.9 -14.8  -5.6   6.9  12.9  18.1  22.1  21.9  12.2   3.8  -9.1 -19.9   506   506   506   506   506   506   506   506   506   506   506   506 
1951 -24.0 -16.6  -7.9   4.6  13.4  16.2  21.0  21.5  11.6   4.4  -4.7 -11.5   506   506   506   506   506   506   506   506   506   506   506   506 
1952 -19.5 -18.1  -6.6   4.5  12.0  18.6  20.8  20.7  12.5   5.1 -10.4 -19.2   506   506   506   506   506   506   506   506   506   506   506   506 
1953 -22.0 -15.5  -5.1   4.5  11.9  19.3  21.4  19.7  12.8   5.3  -9.1 -14.2   506   506   506   506   506   506   506   506   506   506   506   506 
1954 -19.4 -13.1  -5.9   5.2  10.3  16.8  21.6  20.9  13.3   4.6  -5.6 -16.9   506   506   506   506   506   506   506   506   506   506   506   506 
1955 -17.4 -18.7  -8.1   2.7  11.4  17.6  22.3  22.4  14.9   5.4  -6.2 -12.1   506   506   506   506   506   506   506   506   506   506   506   506 
1956 -21.8 -19.2  -8.8   3.7  13.0  18.4  20.1  20.4  15.3   6.8  -9.4 -18.8   506   506   506   506   506   506   506   506   506   506   506   506 
1957 -17.6 -18.4 -10.1   5.1  13.4  17.1  21.4  19.6  12.6   5.5  -3.8 -17.4   506   506   506   506   506   506   506   506   506   506   506   506 
1958 -22.2 -17.0  -9.7   4.1  12.2  19.4  23.2  19.6  14.8   5.1  -3.6 -14.2   506   506   506   506   506   506   506   506   506   506   506   506 
1959 -20.9 -10.2  -0.2   5.4  14.0  18.4  19.8  21.7  15.9   7.1  -6.3 -15.8   506   506   506   506   506   506   506   506   506   506   506   506 
1960 -21.7 -12.5  -5.5   3.9  10.7  17.4  21.7  20.9  15.0   4.5  -6.3 -17.2   506   506   506   506   506   506   506   506   506   506   506   506 
1961 -20.4 -15.9  -4.4   5.4  12.4  20.6  23.6  21.0  15.7   5.0  -4.2 -13.8   506   506   506   506   506   506   506   506   506   506   506   506 
1962 -18.3 -13.8  -6.9   5.4  13.3  18.7  21.4  19.9  14.6   4.6 -10.4 -16.1   506   506   506   506   506   506   506   506   506   506   506   506 
1963 -21.1 -16.9  -4.0   5.4  13.7  18.2  21.7  21.0  14.5   4.8  -6.8 -15.0   506   506   506   506   506   506   506   506   506   506   506   506 
1964 -17.3 -17.1  -4.0   5.4  14.0  17.1  20.7  20.2  13.1   5.4  -7.2 -17.8   506   506   506   506   506   506   506   506   506   506   506   506 
1965 -20.7 -18.5  -8.1   4.4  12.2  20.3  21.0  20.0  14.7   6.1  -7.2 -20.9   506   506   506   506   506   506   506   506   506   506   506   506 
1966 -19.9 -17.8  -6.1   3.7  14.0  19.7  21.2  20.4  12.2   7.1  -8.0 -18.6   506   506   506   506   506   506   506   506   506   506   506   506 
1967 -16.2 -12.4  -5.1   7.1  14.9  16.9  22.4  21.7  12.6   6.7  -8.3 -18.1   506   506   506   506   506   506   506   506   506   506   506   506 
1968 -19.0 -16.2  -4.2   8.3  13.7  19.2  22.0  20.1  12.6   3.9  -6.8 -17.6   506   506   506   506   506   506   506   506   506   506   506   506 
1969 -22.4 -20.4  -6.4   4.7  10.8  17.2  22.0  19.3  13.3   4.2  -9.2 -20.5   506   506   506   506   506   506   506   506   506   506   506   506 
1970 -22.7 -15.8  -9.0   6.9  14.3  19.6  23.0  21.4  13.9   4.5  -4.9 -15.2   506   506   506   506   506   506   506   506   506   506   506   506 
1971 -17.5 -16.8  -7.3   4.8  12.3  19.2  20.4  18.8  13.7   7.3  -2.8 -13.9   506   506   506   506   506   506   506   506   506   506   506   506 
1972 -17.9 -14.7  -3.5   6.6  13.3  18.2  22.8  19.0  12.4   4.9  -9.2 -18.9   506   506   506   506   506   506   506   506   506   506   506   506 
1973 -18.8 -16.1  -7.1   4.0  12.8  19.3  24.0  20.8  14.9   4.5  -5.1 -15.1   506   506   506   506   506   506   506   506   506   506   506   506 
1974 -18.0 -16.0  -5.5   5.7  12.7  16.7  23.3  20.5  14.6   4.4  -8.2 -18.9   506   506   506   506   506   506   506   506   506   506   506   506 
1975 -17.0 -15.7  -3.4   9.2  14.4  20.3  22.2  22.0  14.9   7.0  -3.7 -16.6   506   506   506   506   506   506   506   506   506   506   506   506 
1976 -16.7 -12.5  -4.3   5.3  13.7  18.8  23.5  18.9  13.7   5.1  -8.1 -17.8   506   506   506   506   506   506   506   506   506   506   506   506 
1977 -22.4 -17.7  -5.3   4.6  15.5  18.4  23.6  20.1  14.3   6.4  -6.4 -17.3   506   506   506   506   506   506   506   506   506   506   506   506 
1978 -19.6 -18.0  -4.7   6.5  13.2  22.2  23.4  20.5  14.8   4.1  -3.5 -15.3   506   506   506   506   506   506   506   506   506   506   506   506 
1979 -17.6 -14.4  -5.3   4.4  14.0  19.7  22.3  20.7  14.8   4.8  -7.3 -12.9   506   506   506   506   506   506   506   506   506   506   506   506 
1980 -22.7 -14.8  -5.2   3.1  13.0  20.7  22.8  21.7  12.9   3.4  -5.4 -16.4   506   506   506   506   506   506   506   506   506   506   506   506 
1981 -16.8 -14.7  -5.1   7.7  12.6  18.5  22.8  19.2  12.6   4.9  -8.5 -12.8   506   506   506   506   506   506   506   506   506   506   506   506 
1982 -18.6 -11.9  -4.3   7.9  14.4  20.7  24.0  23.0  13.7   4.2  -5.0 -13.2   506   506   506   506   506   506   506   506   506   506   506   506 
1983 -16.5 -16.4  -2.1   6.8  12.6  15.2  20.8  22.0  16.0   4.3  -4.7 -15.8   506   506   506   506   506   506   506   506   506   506   506   506 
1984 -19.8 -17.3  -8.4   5.5  15.7  19.4  22.5  21.5  14.0   4.1  -5.8 -15.6   506   506   506   506   506   506   506   506   506   506   506   506 
1985 -21.1 -15.0  -5.7   7.3  14.6  19.8  22.0  21.5  13.6   5.5  -7.1 -19.3   506   506   506   506   506   506   506   506   506   506   506   506 
1986 -20.1 -12.8  -3.0   5.8  13.5  20.1  21.8  20.1  14.5   3.7  -5.3 -13.4   506   506   506   506   506   506   506   506   506   506   506   506 
1987 -19.7 -14.1  -6.6   5.0  12.5  20.6  20.8  20.5  13.8   6.1  -9.8 -16.7   506   506   506   506   506   506   506   506   506   506   506   506 
1988 -16.0 -16.2  -5.2   6.4  12.7  20.9  21.8  21.2  14.9   5.9  -4.8 -14.2   506   506   506   506   506   506   506   506   506   506   506   506 
1989 -15.3  -9.8  -1.6   7.2  12.6  19.2  22.1  21.7  13.5   5.0  -4.4 -13.8   506   506   506   506   506   506   506   506   506   506   506   506 
1990 -19.9 -12.3   0.9   6.5  14.8  19.0  22.4  21.0  13.5   8.9  -2.7 -11.0   506   506   506   506   506   506   506   506   506   506   506   506 
1991 -16.4 -12.3  -4.7   6.5  14.9  19.4  20.7  22.3  14.0   5.7  -4.9 -15.5   506   506   506   506   506   506   506   506   506   506   506   506 
1992 -14.4 -11.7  -2.3   5.8  13.7  18.8  22.5  19.9  13.2   7.1  -7.7 -15.5   506   506   506   506   506   506   506   506   506   506   506   506 
1993 -17.7  -9.7  -2.3   5.3  14.2  18.0  22.7  19.8  14.8   5.7  -6.0 -15.6   506   506   506   506   506   506   506   506   506   506   506   506 
1994 -22.0 -11.1  -5.0   6.6  13.2  20.1  23.2  21.5  15.5   7.0  -3.5 -15.6   506   506   506   506   506   506   506   506   506   506   506   506 
1995 -14.7 -11.4  -3.3   5.8  13.4  20.3  22.3  20.5  13.8   8.1  -3.8 -11.8   506   506   506   506   506   506   506   506   506   506   506   506 
1996 -16.4 -11.1  -3.5   6.8  15.4  19.1  22.2  19.9  13.6   4.4  -7.5 -18.7   506   506   506   506   506   506   506   506   506   506   506   506 
1997 -17.7 -10.4  -4.2   7.7  13.4  19.4  24.0  20.9  13.0   3.3  -2.9 -12.9   506   506   506   506   506   506   506   506   506   506   506   506 
1998 -18.7  -8.9  -0.9  10.2  16.7  20.3  22.9  19.8  15.3   8.2  -8.8 -14.4   506   506   506   506   506   506   506   506   506   506   506   506 
1999 -15.2 -12.5  -8.9   6.7  12.6  19.0  24.4  20.3  14.5   4.8  -4.7 -14.5   506   506   506   506   506   506   506   506   506   506   506   506 
2000 -19.8 -13.8  -4.6   5.6  14.6  21.2  23.9  22.8  16.2   5.0  -7.7 -18.7   506   506   506   506   506   506   506   506   506   506   506   506 
2001 -21.0 -15.6  -5.7   7.1  15.8  20.2  23.7  21.5  14.4   7.2  -2.6 -13.5   506   506   506   506   506   506   506   506   506   506   506   506 
2002 -15.0  -8.4  -0.6   7.1  16.1  17.8  22.1  19.2  15.0   3.7 -11.2 -16.4   506   506   506   506   506   506   506   506   506   506   506   506 
2003 -16.1 -13.0  -0.6   9.2  15.4  20.6  22.0  20.1  15.6   6.2  -6.4 -12.9   506   506   506   506   506   506   506   506   506   506   506   506 
2004 -17.5 -12.3  -3.7   5.9  14.3  20.9  22.1  20.7  16.4   7.5  -1.8 -16.8   506   506   506   506   506   506   506   506   506   506   506   506 
2005 -16.5 -15.4  -4.5   6.2  12.3  22.0  22.6  21.9  15.9   6.4  -3.7 -17.2   506   506   506   506   506   506   506   506   506   506   506   506 
2006 -19.0 -14.7  -5.6   4.1  15.6  18.8  23.3  22.8  14.9   5.9  -6.7 -13.9   506   506   506   506   506   506   506   506   506   506   506   506 
2007 -12.2 -12.3  -5.0   5.8  13.2  22.0  23.0  21.9  15.5   6.3  -4.7 -12.0   506   506   506   506   506   506   506   506   506   506   506   506 
2008 -18.2 -11.1   1.6   9.5  12.8  21.1  23.8  21.2  15.5   6.7  -6.2 -13.2   506   506   506   506   506   506   506   506   506   506   506   506 
2009 -17.9 -15.2  -5.8   7.6  17.0  18.2  21.3  21.2  14.5   6.1  -8.2 -19.4   506   506   506   506   506   506   506   506   506   506   506   506 
2010 -18.4 -17.2  -9.1   3.5  14.8  23.9  22.2  20.9  14.5   5.6  -4.8 -17.9   506   506   506   506   506   506   506   506   506   506   506   506 
2011 -19.9 -13.1  -4.7   5.6  13.3  19.0  23.6  21.7  13.1   7.2  -5.4 -16.1   506   506   506   506   506   506   506   506   506   506   506   506 
2012 -21.4 -14.6  -4.9   6.4  14.9  20.4  22.1  20.9  15.0   4.8  -6.0 -20.1   506   506   506   506   506   506   506   506   506   506   506   506 
2013 -20.7 -16.3  -7.6   4.0  16.3  20.8  22.8  21.2  13.9   5.2  -3.1 -15.4   506   506   506   506   506   506   506   506   506   506   506   506 
2014 -20.3 -16.1  -2.4   8.6  13.8  21.3  22.4  21.2  14.4   4.7  -4.2 -18.0   506   506   506   506   506   506   506   506   506   506   506   506 
2015 -16.3 -12.2  -1.1   7.2  12.9  20.8  22.4  22.7  14.8   5.9  -6.4 -14.5   506   506   506   506   506   506   506   506   506   506   506   506 
2016 -18.2 -14.9  -2.6   6.6  15.1  18.9  23.8  21.9  16.1   3.5 -10.8 -14.9   506   506   506   506   506   506   506   506   506   506   506   506 
