Number= 509530
Name= HAERBIN
Country= CHINA
Lat=   45.8
Long= -126.8
Height= 142
Start year= 1909
End year= 2016
First Good year= 1909
Source ID= 68
Source file= Jones
Jones data to= 2016
Normals source= Data
Normals source start year= 1961
Normals source end year= 1990
Normals= -18.4 -14.5  -3.7   7.0  14.8  20.3  23.1  21.4  14.8   6.1  -5.0 -14.6 
Standard deviations source= Data
Standard deviations source start year= 1941
Standard deviations source end year= 1990
Standard deviations=   2.2   2.4   2.6   1.6   1.2   1.1   0.9   0.9   1.0   1.2   2.1   2.6 
Obs:
1909 -18.1 -15.1  -9.1   2.9  13.3  16.9  22.4  21.7  13.0   4.3  -5.7 -19.5   506   506   506   506   506   506   506   506   506   506   506   506 
1910 -22.7 -18.5  -9.2   6.2  13.6  18.0  22.8  20.2  12.8   6.7  -7.0 -19.4   506   506   506   506   506   506   506   506   506   506   506   506 
1911 -21.2 -17.0  -8.9   4.7 -99.0  18.3  21.3  20.7  14.5   4.9  -3.7 -17.3   506   506   506   506   -99   506   506   506   506   506   506   506 
1912 -16.7 -11.5  -6.1   5.2  11.3  18.4  21.5  20.7  11.6   1.5 -10.6 -18.4   506   506   506   506   506   506   506   506   506   506   506   506 
1913 -20.1 -15.8  -7.3   6.5  12.4  17.3  20.2  20.6  13.5   4.6  -6.1 -16.4   506   506   506   506   506   506   506   506   506   506   506   506 
1914 -15.5 -11.5  -5.6   6.5  14.5  19.5  21.2  21.8  14.3   7.0 -12.0 -20.4   506   506   506   506   506   506   506   506   506   506   506   506 
1915 -25.8 -19.5 -12.6   1.5  11.3  17.9  22.2  20.5  13.7   4.6  -5.7 -14.5   506   506   506   506   506   506   506   506   506   506   506   506 
1916 -18.7 -15.3 -10.0   2.7  11.8  18.0  22.6  23.2  12.7   6.4  -3.8 -16.9   506   506   506   506   506   506   506   506   506   506   506   506 
1917 -23.5 -16.4  -5.6   4.5  10.2  20.5  23.0  21.6  14.0   4.9 -12.2 -19.8   506   506   506   506   506   506   506   506   506   506   506   506 
1918 -22.2 -15.4  -3.5   5.8  12.6  18.3  21.7  20.3  13.9   5.5  -7.6 -18.0   506   506   506   506   506   506   506   506   506   506   506   506 
1919 -22.8 -12.0  -5.4   3.5  11.2  17.8  26.5  22.4  15.0   5.9  -6.8 -17.5   506   506   506   506   506   506   506   506   506   506   506   506 
1920 -18.2 -21.2  -2.4   7.8  15.3  18.5  24.4  21.2  11.9   5.7  -7.1 -18.1   506   506   506   506   506   506   506   506   506   506   506   506 
1921 -17.7 -14.3  -6.6   5.4  14.2  20.8  22.8  22.0  14.3   5.3  -9.7 -17.1   506   506   506   506   506   506   506   506   506   506   506   506 
1922 -28.0 -13.5  -8.1   6.9  12.1  19.7  22.3  19.9  13.3   7.0 -11.9 -18.4   506   506   506   506   506   506   506   506   506   506   506   506 
1923 -21.6 -16.0  -3.4   3.8  13.8  18.4  22.7  21.1  12.8   4.3 -10.0 -17.6   506   506   506   506   506   506   506   506   506   506   506   506 
1924 -21.4 -19.0  -8.3   3.5  12.3  21.3  23.6  21.8  14.8   4.1  -7.2 -17.2   506   506   506   506   506   506   506   506   506   506   506   506 
1925 -21.3 -18.1  -6.9   7.6  14.2  21.1  23.0  21.1  15.1   6.4  -4.6 -15.8   506   506   506   506   506   506   506   506   506   506   506   506 
1926 -19.0 -13.9  -7.0   3.5  16.2  19.7  23.8  21.6  15.9   2.9  -7.0 -19.7   506   506   506   506   506   506   506   506   506   506   506   506 
1927 -20.0 -16.8  -6.7   7.0  11.2  18.8  23.3  20.5  15.2   5.0  -5.8 -17.1   506   506   506   506   506   506   506   506   506   506   506   506 
1928 -20.2 -16.1  -4.4   5.9  11.8  18.1  22.4  22.3  15.1   5.2  -6.6 -17.6   506   506   506   506   506   506   506   506   506   506   506   506 
1929 -21.2 -18.6  -5.0   4.2  13.4  18.8  23.1  20.5  12.5   6.0  -4.6 -15.6   506   506   506   506   506   506   506   506   506   506   506   506 
1930 -19.2 -14.0  -2.0   6.3  13.5  18.3  23.3  21.0  14.9   6.9 -10.0 -19.5   506   506   506   506   506   506   506   506   506   506   506   506 
1931 -24.2 -22.8  -7.1   3.1  11.3  17.9  21.8  21.6  15.4   6.1  -3.7 -16.4   506   506   506   506   506   506   506   506   506   506   506   506 
1932 -13.5 -14.7  -7.4   5.2  12.6  19.7  22.7  19.7  15.4   6.8  -4.0 -12.4   506   506   506   506   506   506   506   506   506   506   506   506 
1933 -19.1 -17.5  -7.3   5.0  15.2  20.3  24.5  21.2  14.4   6.2  -6.1 -14.2   506   506   506   506   506   506   506   506   506   506   506   506 
1934 -21.1 -13.4  -9.3   2.8  15.1  19.6  19.8  20.0  12.6   4.4  -5.3 -11.6   506   506   506   506   506   506   506   506   506   506   506   506 
1935 -18.0 -10.7  -4.5   3.3  11.1  17.3 -99.0  20.7  14.5   8.5  -8.6 -19.0   506   506   506   506   506   506   -99   506   506   506   506   506 
1936 -22.5 -19.5  -8.5   4.6  12.2  18.9  21.8  20.7  15.5   4.9  -8.0 -15.5   506   506   506   506   506   506   506   506   506   506   506   506 
1937 -19.6 -15.5  -9.1   4.8  12.0  19.4  22.8  21.5  14.5   6.4  -5.8 -20.8   506   506   506   506   506   506   506   506   506   506   506   506 
1938 -21.6 -17.0  -1.6   6.4  12.9  20.1  23.6  21.4  13.8   6.9  -6.7 -20.3   506   506   506   506   506   506   506   506   506   506   506   506 
1939 -23.0 -15.5  -3.5   7.3  13.2  18.2  24.6  23.7  14.1   5.4  -6.5 -13.9   506   506   506   506   506   506   506   506   506   506   506   506 
1940 -21.1 -14.8  -4.8   5.1  13.3  18.4  23.2  19.6  15.3   6.0  -6.4 -16.7   506   506   506   506   506   506   506   506   506   506   506   506 
1941 -19.6 -16.0  -8.8   3.0 -99.0  20.8  22.2  20.5  14.8   5.0  -3.5 -16.1   506   506   506   506   -99   506   506   506   506   506   506   506 
1942 -18.3 -17.1  -2.4   4.6 -99.0 -99.0 -99.0 -99.0 -99.0 -99.0 -99.0 -99.0   506   506   506   506   -99   -99   -99   -99   -99   -99   -99   -99 
1943 -99.0 -99.0 -99.0 -99.0 -99.0 -99.0 -99.0 -99.0 -99.0 -99.0 -99.0 -99.0   -99   -99   -99   -99   -99   -99   -99   -99   -99   -99   -99   -99 
1944 -99.0 -99.0 -99.0 -99.0 -99.0 -99.0 -99.0 -99.0 -99.0 -99.0 -99.0 -99.0   -99   -99   -99   -99   -99   -99   -99   -99   -99   -99   -99   -99 
1945 -99.0 -99.0 -99.0 -99.0 -99.0 -99.0 -99.0 -99.0 -99.0 -99.0 -99.0 -99.0   -99   -99   -99   -99   -99   -99   -99   -99   -99   -99   -99   -99 
1946 -99.0 -99.0 -99.0 -99.0 -99.0 -99.0 -99.0 -99.0 -99.0 -99.0 -99.0 -99.0   -99   -99   -99   -99   -99   -99   -99   -99   -99   -99   -99   -99 
1947 -99.0 -99.0 -99.0 -99.0 -99.0 -99.0 -99.0 -99.0 -99.0 -99.0 -99.0 -99.0   -99   -99   -99   -99   -99   -99   -99   -99   -99   -99   -99   -99 
1948 -99.0 -99.0 -99.0 -99.0 -99.0 -99.0 -99.0 -99.0 -99.0 -99.0 -99.0 -99.0   -99   -99   -99   -99   -99   -99   -99   -99   -99   -99   -99   -99 
1949 -16.1 -14.9  -8.0   5.6  14.7  20.4  24.3  22.5  14.5   7.1  -6.0 -17.7   506   506   506   506   506   506   506   506   506   506   506   506 
1950 -19.2 -14.0  -3.8   8.5  14.5  18.9  24.2  23.2  14.0   5.4  -8.4 -18.1   506   506   506   506   506   506   506   506   506   506   506   506 
1951 -20.6 -14.4  -6.7   5.8  14.7  18.7  23.3  22.0  12.5   5.7  -3.8 -11.1   506   506   506   506   506   506   506   506   506   506   506   506 
1952 -18.6 -18.1  -4.2   6.1  13.9  20.7  23.1  21.5  13.9   6.8  -7.9 -18.5   506   506   506   506   506   506   506   506   506   506   506   506 
1953 -22.0 -14.6  -3.2   5.4  12.8  20.5  23.0  21.1  14.0   7.2  -7.4 -14.1   506   506   506   506   506   506   506   506   506   506   506   506 
1954 -18.6 -12.8  -5.7   6.1  11.7  18.1  22.4  22.0  14.9   5.3  -3.0 -16.5   506   506   506   506   506   506   506   506   506   506   506   506 
1955 -16.8 -15.3  -7.4   4.0  13.3  20.0  23.5  23.0  16.0   6.3  -4.5 -10.2   506   506   506   506   506   506   506   506   506   506   506   506 
1956 -21.2 -17.4  -6.4   4.5  13.7  19.0  21.8  21.5  15.7   6.7  -9.1 -19.2   506   506   506   506   506   506   506   506   506   506   506   506 
1957 -17.9 -19.4 -10.7   6.4  14.4  20.1  22.0  19.9  12.5   6.1  -1.7 -13.8   506   506   506   506   506   506   506   506   506   506   506   506 
1958 -21.1 -15.8  -6.8   5.4  13.8  20.7  24.3  20.5  15.6   5.5  -2.9 -11.8   506   506   506   506   506   506   506   506   506   506   506   506 
1959 -18.9  -9.3   1.0   8.0  15.3  19.8  22.1  22.6  16.6   8.0  -5.6 -13.8   506   506   506   506   506   506   506   506   506   506   506   506 
1960 -19.8 -10.0  -4.2   5.6  12.0  19.1  23.2  21.5  16.1   6.2  -4.6 -17.6   506   506   506   506   506   506   506   506   506   506   506   506 
1961 -19.9 -15.6  -2.5   7.0  13.6  21.2  23.8  22.1  16.4   6.0  -2.6 -13.6   506   506   506   506   506   506   506   506   506   506   506   506 
1962 -16.2 -11.4  -5.1   6.2  13.9  20.4  23.6  21.4  15.5   5.5  -7.2 -12.5   506   506   506   506   506   506   506   506   506   506   506   506 
1963 -21.4 -15.1  -2.5   6.9  15.2  21.0  22.6  21.8  14.7   5.2  -6.3 -13.3   506   506   506   506   506   506   506   506   506   506   506   506 
1964 -17.4 -18.5  -2.9   6.7  16.4  19.2  22.2  21.1  13.0   5.6  -4.4 -13.7   506   506   506   506   506   506   506   506   506   506   506   506 
1965 -18.9 -17.7  -5.5   4.3  13.8  20.9  22.4  20.7  15.3   7.2  -6.1 -18.8   506   506   506   506   506   506   506   506   506   506   506   506 
1966 -18.6 -12.9  -5.1   5.0  15.6  20.4  22.2  21.5  13.4   8.6  -5.4 -17.2   506   506   506   506   506   506   506   506   506   506   506   506 
1967 -15.1 -11.5  -2.3   7.8  16.9  19.1  23.9  22.8  14.9   8.3  -6.9 -17.9   506   506   506   506   506   506   506   506   506   506   506   506 
1968 -19.5 -16.7  -3.2   9.6  15.1  20.5  23.7  21.5  14.1   5.6  -4.4 -11.8   506   506   506   506   506   506   506   506   506   506   506   506 
1969 -19.4 -16.9  -4.9   6.0  12.8  17.9  22.8  20.8  14.1   5.7  -7.5 -20.0   506   506   506   506   506   506   506   506   506   506   506   506 
1970 -23.1 -15.7  -9.6   7.8  16.1  21.6  23.1  22.2  14.8   6.2  -3.8 -13.8   506   506   506   506   506   506   506   506   506   506   506   506 
1971 -15.8 -13.3  -6.1   7.2  14.0  20.6  22.0  20.3  14.9   7.4  -2.0 -13.7   506   506   506   506   506   506   506   506   506   506   506   506 
1972 -16.0 -15.4  -1.8   6.8  13.2  18.8  23.6  19.6  13.4   5.2  -7.0 -15.4   506   506   506   506   506   506   506   506   506   506   506   506 
1973 -17.1 -14.9  -6.1   6.0  13.7  20.9  24.8  21.3  16.5   5.4  -4.9 -15.1   506   506   506   506   506   506   506   506   506   506   506   506 
1974 -17.9 -15.8  -5.1   5.5  13.8  18.3  24.4  21.6  15.6   4.0  -5.7 -15.6   506   506   506   506   506   506   506   506   506   506   506   506 
1975 -15.3 -12.8  -1.6  10.8  15.7  21.5  22.5  22.6  16.6   7.1  -1.4 -13.6   506   506   506   506   506   506   506   506   506   506   506   506 
1976 -15.9 -11.0  -3.7   5.8  13.9  19.5  24.3  19.9  14.9   5.3  -8.7 -18.2   506   506   506   506   506   506   506   506   506   506   506   506 
1977 -23.7 -16.6  -2.9   6.3  17.2  19.8  24.2  20.8  15.2   7.4  -5.0 -16.2   506   506   506   506   506   506   506   506   506   506   506   506 
1978 -19.4 -17.7  -3.2   7.3  13.9  22.6  23.5  21.2  16.0   4.3  -2.0 -14.7   506   506   506   506   506   506   506   506   506   506   506   506 
1979 -16.4 -13.8  -3.2   4.7  16.2  21.2  23.2  21.0  14.7   7.1  -6.2 -11.1   506   506   506   506   506   506   506   506   506   506   506   506 
1980 -20.8 -15.5  -3.9   4.3  14.8  21.6  22.8  22.1  14.1   3.9  -3.9 -16.2   506   506   506   506   506   506   506   506   506   506   506   506 
1981 -19.3 -13.8  -2.5   9.3  14.3  19.9  24.6  20.0  14.1   5.7  -8.5 -12.1   506   506   506   506   506   506   506   506   506   506   506   506 
1982 -16.6 -11.6  -3.0   9.8  15.1  21.6  24.4  23.2  14.5   6.0  -3.7 -12.0   506   506   506   506   506   506   506   506   506   506   506   506 
1983 -15.5 -14.8  -1.1   9.4  14.0  17.0  21.5  21.7  16.0   4.7  -3.2 -14.7   506   506   506   506   506   506   506   506   506   506   506   506 
1984 -19.5 -15.9  -7.3   6.3  16.0  20.4  22.7  21.7  14.2   4.8  -3.8 -13.4   506   506   506   506   506   506   506   506   506   506   506   506 
1985 -20.8 -15.3  -4.5   7.7  16.0  20.4  22.5  22.2  14.2   7.1  -6.4 -19.0   506   506   506   506   506   506   506   506   506   506   506   506 
1986 -19.8 -13.8  -2.2   6.0  14.6  21.1  22.7  20.2  14.7   4.6  -5.1 -11.9   506   506   506   506   506   506   506   506   506   506   506   506 
1987 -19.7 -13.6  -6.3   6.8  13.7  20.4  22.1  21.5  14.3   6.4  -7.7 -13.4   506   506   506   506   506   506   506   506   506   506   506   506 
1988 -14.4 -15.7  -4.1   6.4  13.6  21.3  22.8  22.3  15.2   6.5  -4.2 -15.4   506   506   506   506   506   506   506   506   506   506   506   506 
1989 -15.8 -10.4  -0.7   8.1  14.6  20.3  22.4  21.6  14.3   6.8  -3.8 -13.5   506   506   506   506   506   506   506   506   506   506   506   506 
1990 -21.3 -10.4   2.0   7.1  15.2  20.5  23.1  22.0  14.4   9.8  -1.2 -10.8   506   506   506   506   506   506   506   506   506   506   506   506 
1991 -18.0 -11.8  -3.9   7.5  15.8  19.9  21.8  23.1  14.5   6.9  -3.0 -14.7   506   506   506   506   506   506   506   506   506   506   506   506 
1992 -15.0 -11.4  -1.6   7.2  14.3  18.5  23.0  21.1  13.8   7.2  -6.4 -15.2   506   506   506   506   506   506   506   506   506   506   506   506 
1993 -18.0 -10.9  -1.0   6.3  15.1  18.8  23.0  20.4  14.9   6.2  -5.8 -14.5   506   506   506   506   506   506   506   506   506   506   506   506 
1994 -20.3 -13.4  -4.4   8.6  14.2  22.5  24.3  22.6  15.9   6.8  -2.1 -15.5   506   506   506   506   506   506   506   506   506   506   506   506 
1995 -14.8 -10.0  -2.1   6.5  13.5  21.7  23.2  21.4  15.3   8.3  -2.8 -11.7   506   506   506   506   506   506   506   506   506   506   506   506 
1996 -14.5  -9.8  -2.0   8.0  17.3  21.4  23.2  21.1  14.0   5.1  -6.6 -14.5   506   506   506   506   506   506   506   506   506   506   506   506 
1997 -17.1 -10.0  -2.0   8.2  14.4  22.1  25.1  22.2  14.3   4.3  -2.1 -10.6   506   506   506   506   506   506   506   506   506   506   506   506 
1998 -18.7  -7.4   0.2  11.9  17.4  20.8  23.8  21.5  16.4   9.1  -8.5 -12.6   506   506   506   506   506   506   506   506   506   506   506   506 
1999 -14.3 -10.4  -6.9   7.4  13.4  19.9  25.2  21.1  15.2   5.4  -3.8 -13.5   506   506   506   506   506   506   506   506   506   506   506   506 
2000 -19.8 -14.6  -2.3   6.9  16.1  23.2  24.6  23.2  17.0   6.0  -7.2 -18.4   506   506   506   506   506   506   506   506   506   506   506   506 
2001 -22.9 -16.7  -4.6   8.3  16.7  22.6  24.7  21.9  15.9   8.5  -2.0 -13.6   506   506   506   506   506   506   506   506   506   506   506   506 
2002 -13.8  -7.3   1.2   8.9  17.4  19.9  23.6  20.4  16.8   4.3  -8.8 -14.7   506   506   506   506   506   506   506   506   506   506   506   506 
2003 -15.2  -8.6   0.2  10.0  16.5  21.2  22.4  21.4  16.1   7.6  -4.5 -13.0   506   506   506   506   506   506   506   506   506   506   506   506 
2004 -15.7 -10.6  -2.0   7.5  15.5  23.2  22.9  21.8  16.8   8.9  -1.2 -15.5   506   506   506   506   506   506   506   506   506   506   506   506 
2005 -16.4 -16.8  -4.0   7.9  14.1  21.9  23.2  22.5  16.5   8.0  -2.1 -16.5   506   506   506   506   506   506   506   506   506   506   506   506 
2006 -17.4 -12.5  -2.6   5.5  16.6  20.1  23.4  23.0  16.6   7.6  -4.3 -11.9   506   506   506   506   506   506   506   506   506   506   506   506 
2007 -11.1  -6.8  -3.1   7.2  14.9  23.4  23.3  22.8  16.8   7.6  -3.4 -10.1   506   506   506   506   506   506   506   506   506   506   506   506 
2008 -17.4 -10.5   2.9  11.5  14.4  22.3  24.4  23.3  16.6   8.6  -4.1 -11.1   506   506   506   506   506   506   506   506   506   506   506   506 
2009 -15.7 -11.3  -3.6   9.7  18.2  19.0  22.6  22.3  15.7   7.2  -6.8 -16.6   506   506   506   506   506   506   506   506   506   506   506   506 
2010 -17.1 -15.5  -7.6   4.1  15.8  25.4  23.4  22.2  16.7   6.8  -3.5 -16.0   506   506   506   506   506   506   506   506   506   506   506   506 
2011 -20.5 -11.6  -3.4   7.7  14.8  21.6  24.5  23.0  15.0   9.1  -3.0 -13.7   506   506   506   506   506   506   506   506   506   506   506   506 
2012 -17.9 -12.1  -3.2   8.0  16.2  21.5  23.8  21.8  16.6   6.5  -5.2 -19.4   506   506   506   506   506   506   506   506   506   506   506   506 
2013 -20.4 -16.5  -7.4   4.6  18.2  21.6  24.0  22.6  16.1   7.2  -2.5 -14.1   506   506   506   506   506   506   506   506   506   506   506   506 
2014 -18.1 -14.7  -0.8  10.6  14.5  22.9  23.1  22.4  16.0   6.8  -1.4 -16.7   506   506   506   506   506   506   506   506   506   506   506   506 
2015 -15.6 -10.9  -1.4   8.8  14.5  22.3  23.8  23.3  16.7   7.6  -4.9 -13.9   506   506   506   506   506   506   506   506   506   506   506   506 
2016 -19.4 -11.6   0.1   7.9  16.2  20.6  24.5  23.4  17.6   4.7  -9.4 -13.0   506   506   506   506   506   506   506   506   506   506   506   506 
