Number= 384710
Name= CATKAL_RIVER
Country= KYRGYZSTAN
Lat=   41.9
Long=  -71.4
Height= 1937
Start year= 1933
End year= 1993
First Good year= 1933
Source ID= 99
Source file= Jones
Jones data to= 1993
Normals source= Data
Normals source start year= 1961
Normals source end year= 1990
Normals= -13.6 -12.0  -5.7   3.7  10.4  14.2  17.2  16.9  11.6   4.6  -3.9 -10.4 
Standard deviations source= Data
Standard deviations source start year= 1941
Standard deviations source end year= 1990
Standard deviations=   1.7   2.4   2.1   2.4   1.2   1.1   1.5   1.2   1.1   1.4   2.9   2.7 
Obs:
1933 -15.9  -9.9  -7.3   1.3  12.0  14.3  19.3  19.3  12.4   3.4  -2.9  -8.7   506   506   506   506   506   506   506   506   506   506   506   506 
1934 -13.0 -11.0  -7.4   0.3   6.1  14.9  16.5  16.7   9.2   2.6  -6.1  -9.9   506   506   506   506   506   506   506   506   506   506   506   506 
1935 -16.2 -10.1  -5.6  -1.5  10.7  12.6  17.3  18.4   9.4   4.3  -7.0 -14.4   506   506   506   506   506   506   506   506   506   506   506   506 
1936 -17.5 -10.3  -9.7   1.2  10.8  14.2  15.4  14.8  12.6   5.8  -3.1 -12.4   506   506   506   506   506   506   506   506   506   506   506   506 
1937 -15.8 -11.4  -8.1   1.2  10.1  13.6  16.8  16.2  11.4   4.1  -8.7 -12.1   506   506   506   506   506   506   506   506   506   506   506   506 
1938 -12.2  -9.4  -7.7   5.3  12.9  13.8  16.0  16.2  12.8   3.7  -6.0 -10.8   506   506   506   506   506   506   506   506   506   506   506   506 
1939 -12.4 -11.3  -7.8  -1.8  11.1  15.5  18.2  17.0  10.8   4.6  -3.0  -8.8   506   506   506   506   506   506   506   506   506   506   506   506 
1940 -10.8  -9.0  -5.0   5.0   9.8  15.7  16.7  16.1  10.3   6.1  -1.9  -8.6   506   506   506   506   506   506   506   506   506   506   506   506 
1941 -12.1  -9.5  -3.3   2.5  12.2  16.2  16.4  17.4  11.8   7.1  -3.7  -9.7   506   506   506   506   506   506   506   506   506   506   506   506 
1942 -12.0 -13.6  -4.7  -0.6  11.1  14.6  18.4  16.2  10.6   4.5  -2.9 -10.7   506   506   506   506   506   506   506   506   506   506   506   506 
1943 -12.1 -10.9  -6.9  -1.2   9.5  13.3  18.5  17.0  11.2   2.4  -7.0  -9.8   506   506   506   506   506   506   506   506   506   506   506   506 
1944 -13.4 -11.3  -3.6   5.9  12.0  13.3  20.4  17.6  10.6   2.4  -6.3 -15.6   506   506   506   506   506   506   506   506   506   506   506   506 
1945 -14.3 -15.5  -8.6   0.8  10.3  13.7  17.0  17.3  12.0   5.5  -5.1 -11.7   506   506   506   506   506   506   506   506   506   506   506   506 
1946 -11.1  -7.9  -5.8   4.7  11.6  13.5  15.7  16.0  11.6   6.3  -8.7 -12.5   506   506   506   506   506   506   506   506   506   506   506   506 
1947 -11.7 -10.5  -3.2   5.3   9.9  12.6  16.7  17.5  10.8   3.1  -2.6 -11.6   506   506   506   506   506   506   506   506   506   506   506   506 
1948 -11.1 -13.2  -8.9 -99.0  10.2  12.5  18.2  16.8  10.1   3.1  -4.7 -12.3   506   506   506   -99   506   506   506   506   506   506   506   506 
1949 -13.2 -10.4 -13.8   0.6  10.1  12.2  17.2  15.4   9.3   1.9  -6.7 -12.9   506   506   506   506   506   506   506   506   506   506   506   506 
1950 -11.7 -13.1  -4.7   1.2  11.5  14.5  17.8  17.7  10.5   3.9 -10.0 -15.5   506   506   506   506   506   506   506   506   506   506   506   506 
1951 -13.1 -14.4  -6.6   2.0  11.0  11.9  14.5  15.5  11.6   5.2  -2.0  -8.8   506   506   506   506   506   506   506   506   506   506   506   506 
1952 -11.4 -10.0  -6.2   0.4   9.8  13.4  16.9  16.8  10.7   4.5  -6.7 -12.4   506   506   506   506   506   506   506   506   506   506   506   506 
1953 -13.4  -8.9  -6.3  -0.7  11.1  14.2  18.7  15.9  12.2   0.5  -7.8 -12.4   506   506   506   506   506   506   506   506   506   506   506   506 
1954 -13.5 -12.0  -8.1   2.3  10.0  12.4  14.9  15.3  11.4   5.2  -4.1 -13.8   506   506   506   506   506   506   506   506   506   506   506   506 
1955 -13.9  -8.8  -3.7  -0.1   9.6  13.9  15.3  17.8  10.8   2.9  -4.0  -7.3   506   506   506   506   506   506   506   506   506   506   506   506 
1956 -15.3 -10.3  -6.3   0.6  11.5  12.5  20.5  17.2  11.6   4.6  -1.4 -12.9   506   506   506   506   506   506   506   506   506   506   506   506 
1957 -15.2 -15.6  -5.0   1.7   9.2  14.4  15.2  15.3  10.6   3.4  -5.7 -12.2   506   506   506   506   506   506   506   506   506   506   506   506 
1958 -12.7 -11.9  -5.1   2.9   7.7  13.9  17.7  14.5  11.6   4.1  -9.2  -8.2   506   506   506   506   506   506   506   506   506   506   506   506 
1959 -13.3 -13.3  -7.1   0.4   9.7  13.4  15.4  16.0  15.0   6.0  -5.9 -10.9   506   506   506   506   506   506   506   506   506   506   506   506 
1960 -13.0  -8.4  -9.6  -3.4   7.8  14.0  16.4  17.2  10.0   4.4  -5.4 -11.1   506   506   506   506   506   506   506   506   506   506   506   506 
1961 -12.2 -13.8  -6.6   5.4  13.0  13.9  18.4  16.7  12.1   2.0  -4.6 -12.1   506   506   506   506   506   506   506   506   506   506   506   506 
1962 -14.5 -10.3  -3.4   4.8   9.6  13.6  17.5  17.1  10.3   4.5  -9.3 -12.2   506   506   506   506   506   506   506   506   506   506   506   506 
1963 -13.4  -7.9  -5.1   5.3  10.7  15.0  16.2  15.8  10.9   5.9  -6.7  -9.7   506   506   506   506   506   506   506   506   506   506   506   506 
1964 -18.2 -11.4  -4.9   2.2   9.6  13.8  16.2  16.7  10.7   2.3  -3.4 -12.9   506   506   506   506   506   506   506   506   506   506   506   506 
1965 -12.3 -14.0  -8.1   2.0  12.1  14.2  17.7  16.8  10.1   5.4  -5.7 -12.4   506   506   506   506   506   506   506   506   506   506   506   506 
1966 -11.1  -9.7  -4.7   1.3   9.3  15.2  16.4  16.2  11.6   3.8  -3.0  -9.0   506   506   506   506   506   506   506   506   506   506   506   506 
1967 -16.0 -12.1  -5.8   3.9   9.4  13.6  16.1  16.9  11.6   3.6  -1.8  -8.6   506   506   506   506   506   506   506   506   506   506   506   506 
1968 -13.1 -13.7  -3.5   2.2   9.0  12.7  16.1  17.0  11.4   4.3  -4.9 -12.6   506   506   506   506   506   506   506   506   506   506   506   506 
1969 -15.3 -16.6  -2.8   0.1   8.3  14.2  14.9  15.8  10.2   4.3  -3.2  -7.0   506   506   506   506   506   506   506   506   506   506   506   506 
1970 -14.3  -8.2  -7.6   6.0  10.9  13.7  15.0  17.8  12.1   5.4  -2.9 -10.9   506   506   506   506   506   506   506   506   506   506   506   506 
1971 -16.7 -11.4  -4.5   5.7  11.0  15.7  17.6  16.2  11.6   5.3  -1.3  -7.2   506   506   506   506   506   506   506   506   506   506   506   506 
1972 -13.8 -18.1  -6.2   0.2  10.1  12.6  14.1  14.7  12.2   6.0  -0.7 -11.2   506   506   506   506   506   506   506   506   506   506   506   506 
1973 -15.3 -10.7  -7.5   3.7  10.7  16.1  19.6  17.8  10.8   5.3  -0.7  -7.9   506   506   506   506   506   506   506   506   506   506   506   506 
1974 -14.2 -15.3  -5.8   6.6  10.6  14.1  17.4  14.7  10.9   5.3  -4.0 -15.9   506   506   506   506   506   506   506   506   506   506   506   506 
1975 -13.5 -11.8  -6.3   5.8   9.3  14.3  18.6  17.8  12.1   4.4  -8.6 -12.3   506   506   506   506   506   506   506   506   506   506   506   506 
1976 -11.3 -12.2  -7.3   2.1  11.5  13.8  18.5  19.0  11.1   3.7  -6.2 -99.0   506   506   506   506   506   506   506   506   506   506   506   -99 
1977 -99.0 -99.0  -3.9   8.3  10.5  15.3  18.2  17.0  13.0   4.5  -2.2 -11.1   -99   -99   506   506   506   506   506   506   506   506   506   506 
1978 -15.6 -13.8  -7.6   5.5  10.8  14.1  18.3  17.2  13.1   5.3  -7.1  -5.5   506   506   506   506   506   506   506   506   506   506   506   506 
1979 -13.4 -10.4  -8.6   3.7   8.6  13.9  18.5  16.7  11.9   8.1  -1.5  -8.5   506   506   506   506   506   506   506   506   506   506   506   506 
1980 -13.7 -11.5  -7.0   4.7  11.2  14.1  19.0  16.8  12.1   5.5   0.6  -7.5   506   506   506   506   506   506   506   506   506   506   506   506 
1981 -11.2  -9.5  -3.4   5.1  11.6  12.3  15.6  14.4  10.7   3.6 -99.0 -99.0   506   506   506   506   506   506   506   506   506   506   -99   -99 
1982 -11.7 -11.5  -4.6   5.6  11.8  14.6  16.9  16.9   9.9   4.3 -10.0 -13.7   506   506   506   506   506   506   506   506   506   506   506   506 
1983 -13.0 -12.1  -7.0   5.1  10.4  13.1  17.1  19.3  12.4   4.4  -0.7 -99.0   506   506   506   506   506   506   506   506   506   506   506   -99 
1984 -16.2 -16.0  -4.8   2.6  10.0  15.1  19.5  20.4  10.5   3.9  -4.9 -18.1   506   506   506   506   506   506   506   506   506   506   506   506 
1985 -12.8  -8.9 -99.0 -99.0 -99.0 -99.0 -99.0 -99.0 -99.0 -99.0 -99.0 -99.0   506   506   -99   -99   -99   -99   -99   -99   -99   -99   -99   -99 
1986 -12.9 -10.7  -7.4   2.6  10.6  14.0  18.0  17.0  13.6   5.5  -5.4 -11.3   506   506   506   506   506   506   506   506   506   506   506   506 
1987 -10.9  -9.4  -2.4   0.6   9.7  13.0  15.7  17.9  11.7   2.5  -1.8  -5.8   506   506   506   506   506   506   506   506   506   506   506   506 
1988 -10.7 -11.6  -5.7   3.2   9.2  14.9  18.7  16.0  12.3   3.1   1.3  -8.4   506   506   506   506   506   506   506   506   506   506   506   506 
1989 -14.4 -14.3  -6.9   0.4   9.1  13.0  16.2  16.8  11.2   6.5  -9.2  -8.8   506   506   506   506   506   506   506   506   506   506   506   506 
1990 -12.2 -10.5  -5.7   2.2  11.9  16.6  16.6  17.8  13.8   5.2  -0.2 -99.0   506   506   506   506   506   506   506   506   506   506   506   -99 
1991 -12.3 -11.8  -4.6   5.7   9.2  13.0  16.2  17.0  11.7   4.4 -99.0  -6.7   506   506   506   506   506   506   506   506   506   506   -99   506 
1992 -99.0 -99.0 -99.0 -99.0 -99.0 -99.0  15.7  14.6  10.5 -99.0   1.1 -99.0   -99   -99   -99   -99   -99   -99   506   506   506   -99   506   -99 
1993 -15.1 -10.7  -9.4  -2.5   9.0  13.5 -99.0 -99.0 -99.0 -99.0 -99.0 -99.0   506   506   506   506   506   506   -99   -99   -99   -99   -99   -99 
