Number= 388040
Name= REPATEK
Country= TURKMENISTAN
Lat=   38.6
Long=  -63.2
Height= 185
Start year= 1913
End year= 1990
First Good year= 1913
Source ID= 99
Source file= Jones
Jones data to= 1990
Normals source= Data
Normals source start year= 1961
Normals source end year= 1990
Normals=   1.8   4.1  10.3  18.1  24.3  29.5  31.8  29.0  22.4  14.7   8.6   3.7 
Standard deviations source= Data
Standard deviations source start year= 1941
Standard deviations source end year= 1990
Standard deviations=   3.1   3.7   2.3   1.5   1.4   1.4   1.2   1.2   1.1   1.9   2.7   3.2 
Obs:
1913   3.6  -0.1   7.7  14.1  25.4  28.0  32.9  27.8  23.5  14.9   9.1   6.7   506   506   506   506   506   506   506   506   506   506   506   506 
1914   6.9   4.9  12.3  17.8  23.5  31.3  32.2  29.6  23.9  15.0   8.9   1.1   506   506   506   506   506   506   506   506   506   506   506   506 
1915   5.8   3.9  15.3  17.1  26.4  30.3  29.9  30.8  25.9  15.5  11.1   5.5   506   506   506   506   506   506   506   506   506   506   506   506 
1916   4.3   1.9   9.6  17.7  24.7  26.1  30.6  31.6  22.7  13.6   3.2   3.3   506   506   506   506   506   506   506   506   506   506   506   506 
1917   7.5   7.3  10.6  19.5  27.7  27.8  30.6  29.8  23.2  13.7   6.8   0.5   506   506   506   506   506   506   506   506   506   506   506   506 
1918   3.0   3.9   7.8  15.2 -99.0 -99.0 -99.0 -99.0 -99.0 -99.0 -99.0 -99.0   506   506   506   506   -99   -99   -99   -99   -99   -99   -99   -99 
1919 -99.0 -99.0 -99.0 -99.0 -99.0 -99.0 -99.0 -99.0 -99.0 -99.0 -99.0 -99.0   -99   -99   -99   -99   -99   -99   -99   -99   -99   -99   -99   -99 
1920 -99.0 -99.0 -99.0 -99.0 -99.0 -99.0 -99.0 -99.0 -99.0 -99.0 -99.0 -99.0   -99   -99   -99   -99   -99   -99   -99   -99   -99   -99   -99   -99 
1921 -99.0 -99.0 -99.0 -99.0 -99.0 -99.0 -99.0 -99.0 -99.0 -99.0 -99.0 -99.0   -99   -99   -99   -99   -99   -99   -99   -99   -99   -99   -99   -99 
1922 -99.0 -99.0 -99.0 -99.0 -99.0 -99.0 -99.0 -99.0 -99.0 -99.0 -99.0 -99.0   -99   -99   -99   -99   -99   -99   -99   -99   -99   -99   -99   -99 
1923 -99.0 -99.0 -99.0 -99.0 -99.0 -99.0 -99.0 -99.0 -99.0 -99.0 -99.0 -99.0   -99   -99   -99   -99   -99   -99   -99   -99   -99   -99   -99   -99 
1924 -99.0 -99.0 -99.0 -99.0 -99.0 -99.0 -99.0 -99.0 -99.0 -99.0 -99.0 -99.0   -99   -99   -99   -99   -99   -99   -99   -99   -99   -99   -99   -99 
1925 -99.0 -99.0 -99.0 -99.0 -99.0 -99.0 -99.0 -99.0 -99.0 -99.0 -99.0 -99.0   -99   -99   -99   -99   -99   -99   -99   -99   -99   -99   -99   -99 
1926 -99.0 -99.0 -99.0 -99.0 -99.0 -99.0 -99.0 -99.0 -99.0  15.6   4.2   6.4   -99   -99   -99   -99   -99   -99   -99   -99   -99   506   506   506 
1927  -2.5   2.9   7.1  18.3  25.4  30.1  32.3  30.1  23.8  19.2   8.1   3.8   506   506   506   506   506   506   506   506   506   506   506   506 
1928  -1.4   3.6   6.1  18.1  25.8  30.4  30.1  27.9  21.7  15.3   8.7   3.3   506   506   506   506   506   506   506   506   506   506   506   506 
1929  -6.4   1.6  10.5  21.2  24.1  28.5  31.3  28.4  24.7  14.0   7.4  -5.8   506   506   506   506   506   506   506   506   506   506   506   506 
1930  -3.7   1.7   9.9  16.9  24.2  30.9  32.9  29.0  20.8  14.5  11.4  -0.4   506   506   506   506   506   506   506   506   506   506   506   506 
1931   0.3  -3.8  11.7  19.1  21.7  28.0  31.9  29.5  25.1  14.4   5.7   2.4   506   506   506   506   506   506   506   506   506   506   506   506 
1932   1.5   6.2  11.5  20.7  23.6  29.0  32.1  27.2  22.4  13.7   6.0  -3.8   506   506   506   506   506   506   506   506   506   506   506   506 
1933  -2.2   6.4   7.1  17.4  26.3  28.0  33.3  30.7  22.4  15.1   9.7   4.5   506   506   506   506   506   506   506   506   506   506   506   506 
1934  -4.8   6.2  10.4  15.9  19.8  30.0  30.5  30.7  20.8  14.3   5.2   3.6   506   506   506   506   506   506   506   506   506   506   506   506 
1935  -3.2   6.9   9.7  18.5  24.1  26.6  31.8  31.5  22.0  16.9   4.7   2.5   506   506   506   506   506   506   506   506   506   506   506   506 
1936  -0.7   5.6 -99.0 -99.0 -99.0 -99.0  31.2  28.6  23.9  18.9   9.8   1.5   506   506   -99   -99   -99   -99   506   506   506   506   506   506 
1937  -0.4   4.8   7.6  14.9  24.7  29.5  32.8  30.7  24.1  15.5   5.1   1.7   506   506   506   506   506   506   506   506   506   506   506   506 
1938   4.8   7.7   8.5  20.3  26.5  28.2  29.4  28.5  22.3  14.3   7.0   2.5   506   506   506   506   506   506   506   506   506   506   506   506 
1939   3.4   5.5   9.3  14.6  23.8  32.1  31.6  28.3  23.1  14.7   9.5   6.7   506   506   506   506   506   506   506   506   506   506   506   506 
1940   3.5   6.7   8.5  19.9  23.5  30.7  32.0  29.3  23.1  17.4   9.8   7.7   506   506   506   506   506   506   506   506   506   506   506   506 
1941   2.7   9.6  13.5  19.1  26.5  31.5  30.2  29.6  23.5  18.1   8.6   4.6   506   506   506   506   506   506   506   506   506   506   506   506 
1942   4.9   1.9  10.6  16.5  26.0  30.1  32.6  28.2  21.7  16.6  10.7   3.3   506   506   506   506   506   506   506   506   506   506   506   506 
1943   1.0   1.7   6.3  16.5  24.1  27.8  32.2  29.4  20.5  12.8   7.5   4.5   506   506   506   506   506   506   506   506   506   506   506   506 
1944   5.1   7.8  16.3  18.0  26.2  29.1  34.4  29.6  21.6  14.7   7.8  -6.1   506   506   506   506   506   506   506   506   506   506   506   506 
1945   1.7   1.6   8.5  17.6  23.1  28.9  30.9  31.4  23.3  16.9   6.9   5.0   506   506   506   506   506   506   506   506   506   506   506   506 
1946   1.0   9.1  12.3  18.1  28.4  27.7  30.0  28.4  23.7  16.9   3.4  -3.5   506   506   506   506   506   506   506   506   506   506   506   506 
1947   4.6   5.8  14.1  18.9  23.2  26.9  30.5  30.4  21.7  15.3  12.4   1.8   506   506   506   506   506   506   506   506   506   506   506   506 
1948   5.7   7.3   9.5  15.1  25.1  29.1  32.4  29.0  21.9  13.9   7.8  -0.5   506   506   506   506   506   506   506   506   506   506   506   506 
1949  -1.3   3.9   7.7  16.0  22.4  28.5  31.9  28.3  20.9   9.6   4.2   3.2   506   506   506   506   506   506   506   506   506   506   506   506 
1950  -1.1   1.4  12.3  16.3  26.1  29.0  30.4  28.4  21.8  14.7   2.6  -2.0   506   506   506   506   506   506   506   506   506   506   506   506 
1951   0.0  -1.8   8.8  18.5  25.2  26.4  31.0  28.5  22.9  15.9   7.3   6.2   506   506   506   506   506   506   506   506   506   506   506   506 
1952   2.9   8.4   9.7  18.0  23.4  28.3  31.3  29.4  20.9  13.4   3.6   1.1   506   506   506   506   506   506   506   506   506   506   506   506 
1953   5.0  10.4   9.0  16.6  24.2  27.8  31.7  28.4  21.3  12.6   6.4   1.3   506   506   506   506   506   506   506   506   506   506   506   506 
1954   2.7   2.1   6.1  17.2  24.2  26.4  30.2  28.3  21.6  15.6   6.1   2.0   506   506   506   506   506   506   506   506   506   506   506   506 
1955   2.2   8.8  10.6  16.1  23.5  28.9  31.9  30.7  22.7  12.2  10.1   6.5   506   506   506   506   506   506   506   506   506   506   506   506 
1956   0.1   4.0   8.7  19.0  24.6  27.1  33.3  29.2  21.7  13.5   9.6   1.7   506   506   506   506   506   506   506   506   506   506   506   506 
1957  -1.8   2.6  11.1  15.4  24.0  27.9  29.2  28.1  21.6  13.7   7.0   4.9   506   506   506   506   506   506   506   506   506   506   506   506 
1958   7.0   6.9  13.3  17.4  22.4  29.6  31.8  28.3  21.7  13.9   2.5   4.9   506   506   506   506   506   506   506   506   506   506   506   506 
1959   2.2   3.3   8.3  20.6  24.0  28.9  29.6  30.7  25.6  15.1   3.8  -1.4   506   506   506   506   506   506   506   506   506   506   506   506 
1960   5.4   9.1   5.7  16.2  22.1  29.8  30.1  29.2  21.9  14.9   7.2   1.0   506   506   506   506   506   506   506   506   506   506   506   506 
1961   3.8   3.2  10.6  17.3  27.5  28.7  32.4  29.5  22.3  11.7   9.2   5.9   506   506   506   506   506   506   506   506   506   506   506   506 
1962   0.7   8.2  13.4  16.8  23.5  26.9  32.4  28.5  20.6  13.4   3.8   3.0   506   506   506   506   506   506   506   506   506   506   506   506 
1963   6.8   9.6  10.9  20.2  24.2  29.5  31.0  27.6  22.0  16.6   8.6   2.3   506   506   506   506   506   506   506   506   506   506   506   506 
1964  -2.9   5.5  12.8  15.6  23.7  28.4  31.4  28.7  21.8  10.1   8.6  -1.1   506   506   506   506   506   506   506   506   506   506   506   506 
1965   1.9   5.0   9.9  17.5  26.0  28.9  32.0  29.0  21.7  16.5  10.6   4.3   506   506   506   506   506   506   506   506   506   506   506   506 
1966   6.6   8.8  11.1  17.5  22.7  31.3  31.3  30.1  23.1  14.0   4.4   3.6   506   506   506   506   506   506   506   506   506   506   506   506 
1967   1.8   3.7  10.2  16.8  23.1  28.1  30.8  28.8  22.7  14.1   9.9   5.0   506   506   506   506   506   506   506   506   506   506   506   506 
1968   5.3   3.8  11.2  15.9  23.8  28.8  30.7  28.7  21.8  14.2   9.0   3.2   506   506   506   506   506   506   506   506   506   506   506   506 
1969  -7.2  -6.6   8.4  15.9  22.7  29.0  30.4  27.5  22.6  15.7   7.7   7.7   506   506   506   506   506   506   506   506   506   506   506   506 
1970   0.3   8.0  10.0  19.5  26.6  28.7  30.4  29.8  21.5  15.9   8.8   1.6   506   506   506   506   506   506   506   506   506   506   506   506 
1971  -1.2   5.2  13.2  16.8  25.2  29.2  31.2  27.8  22.2  15.4  12.1   7.8   506   506   506   506   506   506   506   506   506   506   506   506 
1972  -4.2  -4.0   6.8  18.5  23.2  29.2  29.2  26.0  23.1  15.8  10.1  -0.8   506   506   506   506   506   506   506   506   506   506   506   506 
1973  -1.6   7.7   9.5  18.8  23.6  31.2  32.1  29.8  19.9  15.8   9.9   3.0   506   506   506   506   506   506   506   506   506   506   506   506 
1974  -1.8   0.8  10.0  16.5  25.0  29.2  31.8  26.8  21.3  13.8   9.6   1.1   506   506   506   506   506   506   506   506   506   506   506   506 
1975   2.6   3.7  11.3  19.4  24.8  30.4  33.0  29.9  23.1  13.2   4.8   3.5   506   506   506   506   506   506   506   506   506   506   506   506 
1976   7.0   1.6   7.5  18.0  24.7  29.8  32.7  30.6  23.1  13.7   3.6 -99.0   506   506   506   506   506   506   506   506   506   506   506   -99 
1977 -99.0   4.3  14.1  20.6  25.5  32.5  31.8  28.5  23.1  14.6  10.8   4.4   -99   506   506   506   506   506   506   506   506   506   506   506 
1978   2.8   0.3   8.7  19.0  23.1  28.7  31.9  27.8  24.0  16.2   6.4 -99.0   506   506   506   506   506   506   506   506   506   506   506   -99 
1979   1.1   6.1  10.3  19.4  21.3  28.0  32.6  29.2  23.6  18.4   6.9   6.5   506   506   506   506   506   506   506   506   506   506   506   506 
1980   0.2   0.7   9.6  20.9  24.9  29.9  32.7  28.5  22.7  14.4  11.6   5.2   506   506   506   506   506   506   506   506   506   506   506   506 
1981   6.0   6.6  13.3  17.6  23.4  28.1  31.6  29.0  23.2  12.6  10.2 -99.0   506   506   506   506   506   506   506   506   506   506   506   -99 
1982   0.3   3.5   9.0  20.0  24.6  28.5  30.8  28.3  20.8  15.1   4.6   2.2   506   506   506   506   506   506   506   506   506   506   506   506 
1983   4.3   6.9   9.0  18.7  24.8  28.4  34.3  30.7  22.9  14.3  11.5   3.8   506   506   506   506   506   506   506   506   506   506   506   506 
1984   1.1  -3.7 -99.0  18.5  24.0  29.6  33.8  32.1  21.5  14.9  10.0  -5.3   506   506   -99   506   506   506   506   506   506   506   506   506 
1985   1.5   8.6   7.9  19.7  24.3  31.4  32.5  27.7  22.7  13.8   7.4   5.4   506   506   506   506   506   506   506   506   506   506   506   506 
1986   5.1   6.3   5.7  17.7  25.5  29.3  31.9  28.8  24.2  16.6   8.1   5.0   506   506   506   506   506   506   506   506   506   506   506   506 
1987   6.4   6.3  11.4  16.2  25.2  29.1  31.0  31.3  22.3  10.9   8.0   6.6   506   506   506   506   506   506   506   506   506   506   506   506 
1988   3.1   3.5  11.2  19.9  23.4  31.0  32.8  28.0  22.3  17.0  11.7   7.7   506   506   506   506   506   506   506   506   506   506   506   506 
1989   0.4   1.7  11.3  16.1  22.2  29.4  32.7  29.7  22.0  17.4   8.5   6.9   506   506   506   506   506   506   506   506   506   506   506   506 
1990   0.7   6.3  11.3  17.1  25.7  32.3  31.7  30.8  24.5  14.6  11.0   1.5   506   506   506   506   506   506   506   506   506   506   506   506 
