Number= 352290
Name= AKTOBE
Country= KAZAKHSTAN
Lat=   50.3
Long=  -57.2
Height= 219
Start year= 1904
End year= 2020
First Good year= 1904
Source ID= 73
Source file= Jones
Jones data to= 2012
Normals source= Data
Normals source start year= 1961
Normals source end year= 1990
Normals= -14.2 -13.9  -6.1   6.7  15.4  20.3  22.8  20.1  13.7   4.2  -3.1  -9.9 
Standard deviations source= Data
Standard deviations source start year= 1941
Standard deviations source end year= 1990
Standard deviations=   3.9   4.2   3.6   2.9   2.1   1.8   1.6   1.4   1.7   1.9   2.6   3.4 
Obs:
1904 -99.0 -99.0 -99.0 -99.0 -99.0 -99.0 -99.0 -99.0 -99.0 -99.0  -4.1  -8.1   -99   -99   -99   -99   -99   -99   -99   -99   -99   -99   506   506 
1905 -15.4 -15.3 -13.8   2.3  14.7  20.2  21.7  18.4  14.2  10.5  -1.2  -6.2   506   506   506   506   506   506   506   506   506   506   506   506 
1906 -14.5 -18.8  -2.9   7.1  17.7  24.1  25.2  19.9  11.4   3.3  -4.3  -9.7   506   506   506   506   506   506   506   506   506   506   506   506 
1907 -16.0 -15.4  -7.7   3.8  14.9  19.4  25.3  19.9  12.9   3.2 -10.9 -12.2   506   506   506   506   506   506   506   506   506   506   506   506 
1908 -16.1 -17.0 -12.5   1.3  12.9  21.2  22.5  19.3  15.3   1.4  -6.9 -14.5   506   506   506   506   506   506   506   506   506   506   506   506 
1909 -17.1 -10.5 -11.2   7.4  17.5  20.5  24.3  20.5  15.4   3.5   1.1  -9.8   506   506   506   506   506   506   506   506   506   506   506   506 
1910 -12.2 -17.5  -8.9   7.7  17.0  20.4  24.8  21.1  12.9   2.1  -3.6 -10.5   506   506   506   506   506   506   506   506   506   506   506   506 
1911 -17.9 -15.9 -12.2   6.1 -99.0  23.6  25.8 -99.0   9.6   2.1  -0.4 -11.0   506   506   506   506   -99   506   506   -99   506   506   506   506 
1912 -11.1 -15.5  -7.0   5.3  14.4 -99.0 -99.0  20.0  11.6   2.1  -1.6 -99.0   506   506   506   506   506   -99   -99   506   506   506   506   -99 
1913  -9.1 -16.3  -4.0   4.2  13.3  18.7  23.7  22.0 -99.0 -99.0   0.6  -3.6   506   506   506   506   506   506   506   506   -99   -99   506   506 
1914 -10.0  -7.2  -3.0   4.6  16.1  18.6  23.2  20.5  11.7   3.3  -8.2 -12.9   506   506   506   506   506   506   506   506   506   506   506   506 
1915 -10.6 -11.2  -6.3   6.8  15.5  20.2  21.8  19.4  13.9   2.2  -2.3  -8.6   506   506   506   506   506   506   506   506   506   506   506   506 
1916 -12.0 -15.6 -10.6   6.0  17.7  21.1  22.6  21.0  14.2   5.5  -4.7 -12.5   506   506   506   506   506   506   506   506   506   506   506   506 
1917 -13.6 -17.0  -9.7 -99.0  15.4  17.8  23.7  20.2 -99.0 -99.0 -99.0 -99.0   506   506   506   -99   506   506   506   506   -99   -99   -99   -99 
1918 -99.0 -99.0 -99.0 -99.0 -99.0 -99.0 -99.0 -99.0 -99.0 -99.0 -99.0 -99.0   -99   -99   -99   -99   -99   -99   -99   -99   -99   -99   -99   -99 
1919 -99.0 -99.0 -99.0 -99.0 -99.0 -99.0 -99.0 -99.0 -99.0 -99.0 -99.0 -99.0   -99   -99   -99   -99   -99   -99   -99   -99   -99   -99   -99   -99 
1920 -99.0 -99.0 -99.0 -99.0 -99.0 -99.0 -99.0 -99.0 -99.0 -99.0 -99.0 -99.0   -99   -99   -99   -99   -99   -99   -99   -99   -99   -99   -99   -99 
1921 -99.0 -99.0 -99.0 -99.0 -99.0 -99.0 -99.0 -99.0 -99.0 -99.0 -99.0 -99.0   -99   -99   -99   -99   -99   -99   -99   -99   -99   -99   -99   -99 
1922 -99.0 -99.0 -99.0 -99.0 -99.0 -99.0 -99.0 -99.0 -99.0 -99.0 -99.0 -99.0   -99   -99   -99   -99   -99   -99   -99   -99   -99   -99   -99   -99 
1923 -99.0 -99.0 -99.0 -99.0 -99.0 -99.0  23.7  20.0  13.4   7.1   1.2 -12.3   -99   -99   -99   -99   -99   -99   506   506   506   506   506   506 
1924 -99.0 -99.0  -8.7   5.7  14.8  22.2  22.4  19.3  14.9   4.2  -3.5  -9.5   -99   -99   506   506   506   506   506   506   506   506   506   506 
1925 -12.3  -9.9  -2.7   4.0  15.4  20.4  22.8  22.0  14.5   4.9  -1.8  -6.4   506   506   506   506   506   506   506   506   506   506   506   506 
1926 -13.2 -16.1  -4.8   1.5  13.1  19.4  18.2  18.7  12.7   5.1  -1.4  -6.6   506   506   506   506   506   506   506   506   506   506   506   506 
1927 -17.9 -14.9 -11.7   6.4  16.5  22.0  25.3  21.0  14.5   7.1  -4.3 -15.3   506   506   506   506   506   506   506   506   506   506   506   506 
1928 -16.8 -14.0 -15.0   1.8  13.7  18.3  21.5  18.6  13.7   4.6  -1.2 -11.7   506   506   506   506   506   506   506   506   506   506   506   506 
1929 -17.2 -22.0  -6.9   4.1  14.7  20.2  25.7  21.6  11.5   5.0  -4.2 -20.8   506   506   506   506   506   506   506   506   506   506   506   506 
1930 -14.5 -17.7  -2.1   5.9  16.1  21.8  24.0  22.9  11.2   4.4  -1.7 -17.7   506   506   506   506   506   506   506   506   506   506   506   506 
1931 -18.0 -22.8  -7.6   5.2  16.1  22.6  28.6  19.8  15.4   6.8  -4.7 -12.3   506   506   506   506   506   506   506   506   506   506   506   506 
1932 -10.6 -15.1  -7.9   7.6  16.8  21.4  21.1  20.6  13.4   5.3  -5.9 -10.1   506   506   506   506   506   506   506   506   506   506   506   506 
1933 -17.2 -19.7  -9.8   7.9  15.6  21.4  25.2  20.2  14.7   2.8  -3.5 -15.6   506   506   506   506   506   506   506   506   506   506   506   506 
1934 -19.2 -10.9 -10.6   0.2  14.6  17.2  21.6  21.1  10.8   5.2  -4.3 -17.1   506   506   506   506   506   506   506   506   506   506   506   506 
1935 -17.6  -9.2 -10.3   6.1  16.1  18.0  22.1  22.3  13.6   8.9  -8.4 -11.4   506   506   506   506   506   506   506   506   506   506   506   506 
1936 -14.0 -13.9 -10.2   3.8  12.9  22.8  22.5  21.7  12.2   6.6  -1.7  -6.8   506   506   506   506   506   506   506   506   506   506   506   506 
1937 -16.5 -17.0  -5.8   5.0  12.1  20.2  24.3  23.3  17.7   5.8  -5.4 -12.4   506   506   506   506   506   506   506   506   506   506   506   506 
1938 -14.1 -12.7  -7.5   8.8  15.4  20.0  20.1  21.5  15.3   5.3  -2.5 -20.4   506   506   506   506   506   506   506   506   506   506   506   506 
1939 -20.5 -11.1  -6.4   6.6  15.5  24.1  23.9  19.1  11.3   0.5  -4.1  -9.0   506   506   506   506   506   506   506   506   506   506   506   506 
1940 -19.9 -17.3  -5.9   8.9  11.8  19.5  25.3  24.7  15.8   2.2  -0.3  -7.9   506   506   506   506   506   506   506   506   506   506   506   506 
1941 -17.7 -12.7  -7.7   3.9  12.4  18.3  20.6  19.5  14.1   3.7 -10.7 -13.0   506   506   506   506   506   506   506   506   506   506   506   506 
1942 -15.7 -20.7 -11.3  -1.0  14.0  19.3  22.8  20.2  12.0   4.6  -4.8 -11.5   506   506   506   506   506   506   506   506   506   506   506   506 
1943 -18.2 -17.7 -10.9   7.6  18.7  20.5  22.9  20.0  12.4   3.3  -8.0 -11.8   506   506   506   506   506   506   506   506   506   506   506   506 
1944 -10.0  -6.9  -0.9   7.9  16.2  19.6  22.2  18.3  14.6   3.8  -7.8 -17.8   506   506   506   506   506   506   506   506   506   506   506   506 
1945 -18.8 -23.2  -7.4   5.7  10.6  18.6  20.3  22.3  12.4   4.0  -7.1 -12.2   506   506   506   506   506   506   506   506   506   506   506   506 
1946 -13.0  -5.5  -7.7   5.7  14.8  19.1  19.3  20.8  14.9   2.0  -4.5 -14.5   506   506   506   506   506   506   506   506   506   506   506   506 
1947 -18.1 -14.9  -0.8   7.1  11.5  16.3  21.2  18.7  13.2   4.7  -0.5 -11.3   506   506   506   506   506   506   506   506   506   506   506   506 
1948  -6.9 -12.0  -8.0   2.1  17.8  24.4  22.8  21.7  12.7   5.7  -2.4 -13.7   506   506   506   506   506   506   506   506   506   506   506   506 
1949 -12.0 -12.8 -12.0   2.7  15.6  22.0  23.6  19.9  10.8   3.1  -5.5 -13.7   506   506   506   506   506   506   506   506   506   506   506   506 
1950 -21.6 -15.8  -7.8   8.3  14.8  18.3  20.2  18.7  14.5   4.2  -5.6 -12.8   506   506   506   506   506   506   506   506   506   506   506   506 
1951 -18.0 -21.9  -5.3  11.8  16.4  20.6  23.9  22.1  14.5   2.9  -7.0  -5.5   506   506   506   506   506   506   506   506   506   506   506   506 
1952 -13.7 -13.0  -9.7   1.5  17.3  21.4  24.8  22.6  14.5   5.0  -6.7 -13.7   506   506   506   506   506   506   506   506   506   506   506   506 
1953 -13.0 -10.9  -6.5   6.6  14.9  18.2  23.7  23.3  13.7   2.0 -10.3 -10.5   506   506   506   506   506   506   506   506   506   506   506   506 
1954 -18.5 -25.0 -11.9   1.9  15.5  20.3  25.3  21.8  14.8   7.1  -2.1 -10.7   506   506   506   506   506   506   506   506   506   506   506   506 
1955 -11.6 -11.4 -11.2   5.4  17.2  24.0  21.9  19.7  13.8   6.1  -5.7 -12.2   506   506   506   506   506   506   506   506   506   506   506   506 
1956 -16.5 -20.2 -12.0   7.2  13.3  19.4  21.8  22.1  10.2   6.6  -3.7 -10.1   506   506   506   506   506   506   506   506   506   506   506   506 
1957 -18.7 -13.4  -9.0   4.2  19.3  22.4  20.8  19.9  18.3   4.9  -6.9  -6.9   506   506   506   506   506   506   506   506   506   506   506   506 
1958 -11.3  -7.6  -8.5   2.0  14.1  21.9  20.8  20.9  10.5   4.5  -3.6 -13.8   506   506   506   506   506   506   506   506   506   506   506   506 
1959 -13.0 -13.6  -8.8   6.6  16.0  19.0  21.6  18.5  12.3   1.5  -6.5 -18.2   506   506   506   506   506   506   506   506   506   506   506   506 
1960 -11.3 -13.0 -14.0   6.1  10.3  21.2  20.1  20.0  12.3   3.3  -8.8 -10.7   506   506   506   506   506   506   506   506   506   506   506   506 
1961 -13.0 -12.4  -3.6   6.5  17.9  20.7  22.0  20.5  11.8   3.8  -3.6  -5.9   506   506   506   506   506   506   506   506   506   506   506   506 
1962 -11.3 -10.7   0.1   8.8  15.3  19.4  24.9  19.0  13.2   4.4  -3.7 -12.1   506   506   506   506   506   506   506   506   506   506   506   506 
1963 -12.2 -11.3  -7.8   5.4  15.3  19.2  22.2  18.9  13.3   7.1  -0.9 -11.1   506   506   506   506   506   506   506   506   506   506   506   506 
1964 -12.9 -17.0 -10.6   0.2  14.7  19.1  20.9  18.2  13.9   3.1  -1.4  -8.8   506   506   506   506   506   506   506   506   506   506   506   506 
1965 -13.8 -14.6  -2.5   3.7  15.5  20.7  23.6  19.5  14.3   3.4  -2.3  -6.5   506   506   506   506   506   506   506   506   506   506   506   506 
1966 -12.7  -9.6  -2.3   8.4  14.4  19.2  23.9  22.4  14.0   3.0  -3.7 -17.0   506   506   506   506   506   506   506   506   506   506   506   506 
1967 -14.3 -15.4  -3.6   9.7  18.8  21.5  22.2  22.5  11.0   6.6  -1.1  -8.3   506   506   506   506   506   506   506   506   506   506   506   506 
1968 -12.7 -14.7  -5.9   5.6  18.2  18.6  19.9  20.7  14.8   2.5  -4.9 -15.5   506   506   506   506   506   506   506   506   506   506   506   506 
1969 -25.5 -19.4 -12.9   6.2  12.2  21.4  21.6  19.4  14.8   3.3  -0.8 -10.3   506   506   506   506   506   506   506   506   506   506   506   506 
1970 -17.0 -11.3  -6.2   8.9  14.5  18.0  22.7  18.7  13.9   4.1  -2.9 -15.6   506   506   506   506   506   506   506   506   506   506   506   506 
1971 -11.4 -17.8  -8.6   4.5  13.3  18.9  24.0  19.0  18.2   5.4   1.1  -6.6   506   506   506   506   506   506   506   506   506   506   506   506 
1972 -23.7 -16.8 -11.2   8.6  15.2  18.9  22.4  21.1  12.7   4.9  -1.5  -8.7   506   506   506   506   506   506   506   506   506   506   506   506 
1973 -18.7 -10.6  -4.8   8.6  15.9  20.3  20.6  19.0   9.4   3.5  -0.9  -6.5   506   506   506   506   506   506   506   506   506   506   506   506 
1974 -19.1 -15.9  -3.3   6.9  16.2  19.1  22.7  18.4  14.8   8.8  -3.7  -9.4   506   506   506   506   506   506   506   506   506   506   506   506 
1975 -10.0 -14.9  -4.5  12.2  17.0  24.1  24.6  20.2  16.2   3.3  -5.6  -7.2   506   506   506   506   506   506   506   506   506   506   506   506 
1976  -9.9 -18.7 -11.0   6.5  15.7  20.7  20.2  23.8  11.8  -4.5  -7.6 -16.3   506   506   506   506   506   506   506   506   506   506   506   506 
1977 -21.2 -15.1  -1.7   9.6  17.7  23.2  22.5  19.5  13.0   2.5  -1.4 -10.5   506   506   506   506   506   506   506   506   506   506   506   506 
1978 -13.2 -14.7  -5.3   6.1  13.0  19.4  22.8  19.3  14.6   3.2  -2.5 -12.0   506   506   506   506   506   506   506   506   506   506   506   506 
1979 -16.7 -10.7  -5.1   2.6  17.8  17.2  22.8  21.1  14.3   5.1  -3.9  -6.8   506   506   506   506   506   506   506   506   506   506   506   506 
1980 -17.1 -18.3 -10.2   6.7  17.6  19.7  24.0  18.5  13.0   5.2  -3.6  -8.3   506   506   506   506   506   506   506   506   506   506   506   506 
1981 -12.2 -10.2  -5.0   4.8  12.8  19.8  24.0  21.9  14.8   6.5  -0.8  -7.5   506   506   506   506   506   506   506   506   506   506   506   506 
1982 -11.8 -16.7  -8.1   9.7  15.1  18.2  23.2  19.4  14.6   4.2  -2.8  -5.8   506   506   506   506   506   506   506   506   506   506   506   506 
1983  -7.4  -5.8  -5.8  10.7  13.8  19.4  24.8  20.3  12.8   5.6  -2.4  -7.0   506   506   506   506   506   506   506   506   506   506   506   506 
1984 -12.2 -16.7  -4.8   4.7  16.7  19.9  26.5  20.0  13.7   5.5  -5.2 -17.9   506   506   506   506   506   506   506   506   506   506   506   506 
1985 -13.6 -12.2  -9.7   6.5  14.6  21.6  21.1  21.7  14.5   3.6  -3.6  -9.5   506   506   506   506   506   506   506   506   506   506   506   506 
1986  -9.5 -15.4  -7.1   8.8  14.5  20.9  21.2  20.5  13.8   4.6  -6.2 -10.7   506   506   506   506   506   506   506   506   506   506   506   506 
1987 -14.6 -10.7 -11.1   1.5  17.2  22.6  22.2  20.3  12.2   2.3  -7.2 -10.1   506   506   506   506   506   506   506   506   506   506   506   506 
1988 -14.7 -16.1  -6.3   7.5  13.8  23.7  23.8  22.3  14.5   5.1  -4.0  -8.5   506   506   506   506   506   506   506   506   506   506   506   506 
1989 -10.8 -12.1  -5.8   3.2  14.8  21.9  24.2  20.0  13.7   5.5  -2.8  -7.5   506   506   506   506   506   506   506   506   506   506   506   506 
1990 -13.0  -9.7   0.8   8.7  13.9  20.9  21.1  18.3  13.7   4.7  -2.0  -9.5   506   506   506   506   506   506   506   506   506   506   506   506 
1991 -10.8 -13.3  -7.2   9.8  17.1  22.3  22.9  19.2  14.7   9.9  -2.3 -12.3   506   506   506   506   506   506   506   506   506   506   506   506 
1992  -9.5 -11.0  -8.3   6.2  13.2  17.9  19.4  17.5  14.3   4.0  -1.1 -10.8   506   506   506   506   506   506   506   506   506   506   506   506 
1993  -8.5 -14.0  -7.0   4.6  14.0  18.7  21.8  20.2   9.9   5.0 -13.9 -11.9   506   506   506   506   506   506   506   506   506   506   506   506 
1994 -11.5 -19.6  -9.4   6.5  14.4  19.8  17.9  18.5  14.6   6.4  -3.0 -11.7   506   506   506   506   506   506   506   506   506   506   506   506 
1995 -14.6  -8.9  -3.1  14.1  16.0  23.2  24.0  21.2  13.6   6.6  -0.2 -10.3   506   506   506   506   506   506   506   506   506   506   506   506 
1996 -18.4 -14.1 -10.0   2.7  16.5  22.3  24.1  18.9  13.4   3.3  -3.6 -11.3   506   506   506   506   506   506   506   506   506   506   506   506 
1997 -14.3 -10.7  -1.7   8.6  14.9  22.7  20.7  18.7  13.2   9.9  -4.6 -12.5   506   506   506   506   506   506   506   506   506   506   506   506 
1998 -14.9 -12.6  -6.6   2.8  14.7  24.7  25.4  22.2  13.6   6.9  -7.3  -7.2   506   506   506   506   506   506   506   506   506   506   506   506 
1999  -9.1  -7.5 -10.6   7.5  13.0  18.9  22.0  22.6  13.4   7.9  -6.8  -5.1   506   506   506   506   506   506   506   506   506   506   506   506 
2000  -9.2  -6.9  -5.9  10.6  11.0  21.0  22.2  21.5  12.2   3.1  -4.3  -7.2   506   506   506   506   506   506   506   506   506   506   506   506 
2001  -9.6 -11.2  -1.8   9.3  16.7  18.9  21.7  19.0  12.9   4.0  -0.7 -10.3   506   506   506   506   506   506   506   506   506   506   506   506 
2002  -6.7  -3.9   1.2   4.6  10.9  17.9  23.2  19.0  16.1   5.3  -0.8 -19.0   506   506   506   506   506   506   506   506   506   506   506   506 
2003 -11.8 -12.7  -8.8   4.6  14.9  16.8  21.0  22.6  14.9   6.6  -3.1  -5.4   506   506   506   506   506   506   506   506   506   506   506   506 
2004 -11.4  -8.5  -2.9   6.8  16.3  21.1  22.0  20.7  16.2   6.3   0.6  -9.0   506   506   506   506   506   506   506   506   506   506   506   506 
2005 -13.3 -18.0  -4.5   6.5  17.6  21.1  23.9  20.0  15.2   7.7  -1.8 -99.0   506   506   506   506   506   506   506   506   506   506   506   -99 
2006 -20.0  -9.9   0.2   9.5  15.4  24.0  21.0  22.9  14.8   6.7  -3.2  -4.8   506   506   506   506   506   506   506   506   506   506   506   506 
2007  -4.5  -9.8  -7.7   5.7  16.2  19.0  22.6  24.0  15.1   5.6  -5.7 -16.0   506   506   506   506   506   506   506   506   506   506   506   506 
2008 -17.8 -11.1   2.0   9.9  15.5  19.8  24.9  23.1  12.6   6.6   1.1  -9.9   506   506   506   506   506   506   506   506   506   506   506   506 
2009 -14.0 -11.8  -1.2   4.8  14.6  22.5  22.8  19.6  15.5   6.4  -1.5 -10.4   506   506   506   506   506   506   506   506   506   506   506   506 
2010 -18.7 -15.9  -5.2   7.6  17.7  25.0  25.6  25.0  15.4   5.1   2.7  -5.2   506   506   506   506   506   506   506   506   506   506   506   506 
2011 -16.2 -17.1  -7.5   9.7  15.9  20.0  25.6  20.7  15.1   6.3  -7.3 -12.4   506   506   506   506   506   506   506   506   506   506   506   506 
2012 -13.6 -18.9  -5.9  15.3  18.5  24.0  26.2  25.6  14.5   8.8  -0.3 -12.1   506   506   506   506   506   506   506   506   506   506   506   506 
2013 -11.7 -10.2  -2.3  11.3  17.1  22.6  22.5  20.4  14.3   6.0   2.1  -7.6   900   900   900   900   900   900   900   900   900   900   900   900 
2014 -14.2 -17.1  -3.7   5.6  18.9  22.8  20.6  24.4  13.6   4.0  -4.7  -8.6   900   900   900   900   900   900   900   900   900   900   900   900 
2015 -13.5 -11.8  -6.0   6.3  15.6  25.1  23.2  20.7  16.6   4.2  -3.0  -3.8   900   900   900   900   900   900   900   900   900   900   900   900 
2016 -12.5  -3.8  -1.1   9.8  16.2  19.8  22.3  24.9  13.9   4.0  -4.2 -11.0   900   900   900   900   900   900   900   900   900   900   900   900 
2017 -10.1 -12.1  -5.5   6.0  14.7  19.8  23.6  23.8  15.6   5.2   1.1 -10.6   900   900   900   900   900   900   900   900   900   900   900   900 
2018 -15.5 -11.7  -7.8   6.7  16.5 -99.0  25.9  20.6  15.3   6.8  -4.5  -9.9   900   900   900   900   900   -99   900   900   900   900   900   900 
2019 -12.3 -11.7  -0.6   8.2  17.8  22.3  24.6  19.5  10.9   8.0  -4.7  -7.0   900   900   900   900   900   900   900   900   900   900   900   900 
2020  -5.8  -5.3   0.9   8.2  17.7  21.0  25.3  20.7  13.4   6.4 -99.0 -99.0   900   900   900   900   900   900   900   900   900   900   -99   -99 
