Number= 357000
Name= ATYRAU
Country= KAZAKHSTAN
Lat=   47.1
Long=  -51.9
Height= -22
Start year= 1885
End year= 2020
First Good year= 1885
Source ID= 73
Source file= Jones
Jones data to= 2012
Normals source= Data
Normals source start year= 1961
Normals source end year= 1990
Normals=  -8.4  -8.0  -0.1  11.1  19.1  23.7  26.3  24.1  17.4   8.1   1.5  -4.3 
Standard deviations source= Data
Standard deviations source start year= 1941
Standard deviations source end year= 1990
Standard deviations=   4.0   4.7   3.3   2.4   1.9   1.7   1.5   1.4   1.7   1.9   2.3   2.8 
Obs:
1885 -99.0 -99.0 -99.0 -99.0 -99.0 -99.0 -99.0 -99.0 -99.0   7.7  -1.4  -3.3   -99   -99   -99   -99   -99   -99   -99   -99   -99   506   506   506 
1886 -10.1 -14.3  -1.7   7.7  17.4  23.6  24.7  22.3  15.0   5.9   0.0  -2.1   506   506   506   506   506   506   506   506   506   506   506   506 
1887 -10.7  -9.2  -0.7   8.9  18.5  23.0  23.9  23.5  19.7  10.2   2.9   0.2   506   506   506   506   506   506   506   506   506   506   506   506 
1888  -6.4  -8.1   1.4  14.1  19.4  22.1  25.4  24.6  15.2  12.6  -1.4 -11.9   506   506   506   506   506   506   506   506   506   506   506   506 
1889 -16.8  -6.0  -3.5   8.9  17.9  22.8 -99.0 -99.0 -99.0 -99.0 -99.0 -99.0   506   506   506   506   506   506   -99   -99   -99   -99   -99   -99 
1890 -10.7 -11.4   0.2  10.3  17.3  25.3  27.9  23.7  18.7   8.6  -1.2 -11.1   506   506   506   506   506   506   506   506   506   506   506   506 
1891 -17.0  -9.9   0.9   8.4  18.5  24.2  26.7  24.7  15.5   7.1  -3.1  -1.8   506   506   506   506   506   506   506   506   506   506   506   506 
1892  -9.7  -6.0  -7.6   6.9  17.2  23.4  26.6  23.0  16.8   7.4  -1.9  -7.3   506   506   506   506   506   506   506   506   506   506   506   506 
1893 -20.5 -11.2  -0.9   6.9  15.4  24.1  26.5  23.5  18.2   9.3   2.1  -3.5   506   506   506   506   506   506   506   506   506   506   506   506 
1894 -13.2  -5.1  -2.4   6.4  17.9  21.9  24.2  23.7  14.8   6.5  -1.2  -9.4   506   506   506   506   506   506   506   506   506   506   506   506 
1895 -11.4  -8.5   1.3   7.2  15.7  21.8  25.3  23.2  16.0   9.2  -0.1  -4.9   506   506   506   506   506   506   506   506   506   506   506   506 
1896 -11.8  -9.3  -5.3   4.8  16.3  21.4  23.2  24.4  16.5  10.3  -0.9  -9.3   506   506   506   506   506   506   506   506   506   506   506   506 
1897 -12.0  -7.5  -3.3   8.2  21.2  24.3  26.2  24.0  18.1   7.3  -1.3  -7.5   506   506   506   506   506   506   506   506   506   506   506   506 
1898  -8.0 -10.8  -8.9   3.4  18.5  21.3  27.1  21.2  16.1 -99.0  -1.5  -1.4   506   506   506   506   506   506   506   506   506   -99   506   506 
1899  -3.6  -9.0  -0.3  10.9  17.0  24.1  25.5  23.8  17.7  11.0   2.4 -12.8   506   506   506   506   506   506   506   506   506   506   506   506 
1900 -18.9 -12.0  -0.6   7.5  18.7  22.5  25.8  22.3  14.0  11.8  -0.8  -2.8   506   506   506   506   506   506   506   506   506   506   506   506 
1901 -11.7  -4.2   1.6  12.3  19.7  25.0  26.1  24.0  15.1   5.0   1.4  -1.7   506   506   506   506   506   506   506   506   506   506   506   506 
1902  -1.9  -6.2  -0.2   8.5  17.7  26.9  25.8  25.3  14.5   6.1  -2.9  -6.6   506   506   506   506   506   506   506   506   506   506   506   506 
1903  -7.2  -1.8  -4.0  10.3  18.0  24.5  27.8  23.7  15.5   9.2   0.3  -8.8   506   506   506   506   506   506   506   506   506   506   506   506 
1904 -13.8  -3.6  -0.9   7.6  18.1  21.1  23.2  20.1  15.2   8.1   1.7  -3.6   506   506   506   506   506   506   506   506   506   506   506   506 
1905 -10.0  -8.6  -8.6   7.2  18.0  24.8  25.5  23.3  17.9  14.1   2.8  -2.5   506   506   506   506   506   506   506   506   506   506   506   506 
1906  -7.8 -12.6   1.6   9.4  20.8  25.2  27.0  22.6  14.6   8.1   0.4  -3.8   506   506   506   506   506   506   506   506   506   506   506   506 
1907 -10.4 -11.5  -3.1   8.1  17.6  23.2  27.8  23.2  15.4   6.9  -5.7  -8.2   506   506   506   506   506   506   506   506   506   506   506   506 
1908 -10.7 -11.2  -6.5   7.0  15.9  24.3  25.5  23.8  19.4   5.2  -1.7  -9.2   506   506   506   506   506   506   506   506   506   506   506   506 
1909 -14.9  -8.1  -6.5   8.6  19.2  23.2  27.3  23.8  20.1   7.9   5.7  -3.1   506   506   506   506   506   506   506   506   506   506   506   506 
1910  -5.4 -11.2  -4.6  11.4  19.5  23.6  27.7  23.8  16.9   6.2   0.6  -5.8   506   506   506   506   506   506   506   506   506   506   506   506 
1911 -12.9 -12.0  -4.6   9.4  19.0  24.9  26.8  22.7  14.6   5.6   1.8  -7.2   506   506   506   506   506   506   506   506   506   506   506   506 
1912  -5.9  -9.3  -4.2   6.6  16.4  25.6  23.1  22.3  17.5   5.8   1.6  -3.8   506   506   506   506   506   506   506   506   506   506   506   506 
1913 -99.0 -99.0 -99.0 -99.0 -99.0 -99.0 -99.0 -99.0 -99.0 -99.0   2.8   0.3   -99   -99   -99   -99   -99   -99   -99   -99   -99   -99   506   506 
1914  -4.1  -1.4   4.1   8.5  18.1  22.5  25.3 -99.0  15.3   7.5  -2.8  -6.2   506   506   506   506   506   506   506   -99   506   506   506   506 
1915  -2.9  -5.2   1.0  10.8  17.7  22.2  25.1  22.3  16.9   6.3   1.8  -2.0   506   506   506   506   506   506   506   506   506   506   506   506 
1916  -6.7 -10.6  -4.8  10.8  19.4  22.6  24.6  24.1  15.0   7.6  -2.1  -8.0   506   506   506   506   506   506   506   506   506   506   506   506 
1917  -7.6 -10.7  -3.4  12.2  16.4  22.0  26.1  23.4  17.7 -99.0 -99.0 -99.0   506   506   506   506   506   506   506   506   506   -99   -99   -99 
1918 -99.0 -99.0 -99.0 -99.0 -99.0 -99.0 -99.0 -99.0 -99.0 -99.0 -99.0 -99.0   -99   -99   -99   -99   -99   -99   -99   -99   -99   -99   -99   -99 
1919 -99.0 -99.0 -99.0 -99.0 -99.0 -99.0 -99.0 -99.0 -99.0 -99.0 -99.0 -99.0   -99   -99   -99   -99   -99   -99   -99   -99   -99   -99   -99   -99 
1920 -99.0 -99.0 -99.0 -99.0 -99.0 -99.0 -99.0 -99.0 -99.0 -99.0 -99.0 -99.0   -99   -99   -99   -99   -99   -99   -99   -99   -99   -99   -99   -99 
1921 -99.0 -99.0 -99.0 -99.0 -99.0 -99.0 -99.0 -99.0 -99.0 -99.0  -1.2 -99.0   -99   -99   -99   -99   -99   -99   -99   -99   -99   -99   506   -99 
1922  -9.5 -11.2   0.9  11.0  19.6  21.7  26.8  23.0  14.5   7.5   1.9  -2.8   506   506   506   506   506   506   506   506   506   506   506   506 
1923  -8.9 -10.4  -0.8   6.0  19.4  25.7  25.5  22.2  16.8  10.0   3.1  -5.3   506   506   506   506   506   506   506   506   506   506   506   506 
1924  -6.9 -12.9  -2.9   9.1  19.0  25.1  25.3  23.6  17.5   7.2   0.5  -6.6   506   506   506   506   506   506   506   506   506   506   506   506 
1925  -8.7  -4.5   1.8   9.0  19.1  23.9  25.9  24.9  17.6   8.2   2.0  -1.6   506   506   506   506   506   506   506   506   506   506   506   506 
1926  -7.3 -10.3  -0.2   7.2  18.0  22.5  23.3  23.2  16.3   7.7   2.1  -1.8   506   506   506   506   506   506   506   506   506   506   506   506 
1927 -12.9 -10.6  -5.1   9.6  18.8  25.1  27.1  24.6  17.4  11.7  -0.3 -11.6   506   506   506   506   506   506   506   506   506   506   506   506 
1928 -14.9  -9.9 -11.5   5.4  17.5  22.5  24.8  20.9  16.1   6.8   2.5  -7.0   506   506   506   506   506   506   506   506   506   506   506   506 
1929 -12.4 -18.7  -5.3   7.0  18.3  22.4  26.4  25.4  15.3   8.6   0.8 -13.6   506   506   506   506   506   506   506   506   506   506   506   506 
1930 -11.2 -12.1   2.6   9.3  19.0  23.0  26.6  26.2  14.9   7.7   1.9  -9.1   506   506   506   506   506   506   506   506   506   506   506   506 
1931 -13.1 -18.1  -0.5   8.8  18.4  24.1  30.4  23.4  17.9  10.2  -2.7  -7.7   506   506   506   506   506   506   506   506   506   506   506   506 
1932  -5.5 -11.0  -3.9  11.2  20.1  24.6  23.9  24.0  17.7   8.2  -1.6  -5.3   506   506   506   506   506   506   506   506   506   506   506   506 
1933 -11.1 -11.5  -3.4  10.5  18.3  22.5  26.5  23.7  18.6   7.5   1.3  -9.3   506   506   506   506   506   506   506   506   506   506   506   506 
1934 -17.2  -4.6  -1.9   7.8  18.6  21.7  26.3  24.8  15.3   7.8   0.5  -9.3   506   506   506   506   506   506   506   506   506   506   506   506 
1935 -12.0  -4.8  -1.6  12.2  19.0  21.3  26.6  26.2  17.4  12.9  -4.8 -99.0   506   506   506   506   506   506   506   506   506   506   506   -99 
1936 -10.1  -8.3  -3.2   7.9  17.0  24.3  26.8  25.1  15.8   8.8   2.4  -2.9   506   506   506   506   506   506   506   506   506   506   506   506 
1937 -12.3 -10.2  -3.0   8.1  16.0  20.3  27.8  26.0  21.2   9.9   1.0  -3.9   506   506   506   506   506   506   506   506   506   506   506   506 
1938  -6.3  -6.6  -1.3  11.2  18.5  23.7  25.9  25.5  19.0  11.1   3.2 -11.1   506   506   506   506   506   506   506   506   506   506   506   506 
1939 -11.0  -4.8  -1.3   9.3  19.9  26.7  26.9  23.1  14.0   4.2   1.0  -1.8   506   506   506   506   506   506   506   506   506   506   506   506 
1940 -13.8 -12.3  -1.2  13.3  15.6  22.9  27.7  27.6  18.9   6.4   3.0  -3.1   506   506   506   506   506   506   506   506   506   506   506   506 
1941 -12.1  -5.0   0.8  11.4  16.3  22.4  25.6  23.1  17.1   7.6  -3.0  -5.9   506   506   506   506   506   506   506   506   506   506   506   506 
1942 -12.7 -15.9  -5.8   7.0  19.1  24.2  26.4  22.7  15.3   8.3  -1.1  -5.4   506   506   506   506   506   506   506   506   506   506   506   506 
1943 -11.7 -11.6  -2.5  11.4  21.1  23.9  25.9  24.2  15.6   8.4  -1.3  -5.1   506   506   506   506   506   506   506   506   506   506   506   506 
1944  -4.2  -1.5   5.0  10.9  20.2  23.7  26.6  22.2  18.7   7.5  -1.1 -10.9   506   506   506   506   506   506   506   506   506   506   506   506 
1945 -13.5 -14.5  -1.3   7.6  15.2  23.2  26.2  25.3  16.7   7.6  -1.3  -8.9   506   506   506   506   506   506   506   506   506   506   506   506 
1946  -7.2  -0.5   1.8   9.7  19.5  24.4  23.4  25.7  18.9   6.0  -1.3 -10.3   506   506   506   506   506   506   506   506   506   506   506   506 
1947 -10.1  -8.4   3.6  10.3  15.8  22.2  25.6  23.3  16.6   8.1   3.9  -2.6   506   506   506   506   506   506   506   506   506   506   506   506 
1948  -2.3  -2.9  -1.4   8.0  21.4  27.9  25.8  24.5  15.0   8.3   1.7  -8.3   506   506   506   506   506   506   506   506   506   506   506   506 
1949  -7.4  -8.8  -5.3   6.9  19.0  26.3  27.2  23.8  15.0   5.8  -1.2  -5.3   506   506   506   506   506   506   506   506   506   506   506   506 
1950 -17.4 -10.6  -2.6  13.5  19.3  21.9  23.6  22.6  18.4   8.2  -1.0  -7.1   506   506   506   506   506   506   506   506   506   506   506   506 
1951 -12.9 -17.7   0.0  15.9  18.8  24.3  27.1  26.1  17.6   5.7  -0.1  -3.1   506   506   506   506   506   506   506   506   506   506   506   506 
1952  -8.4  -7.6  -5.0   7.2  18.9  23.1  27.0  25.7  17.8  10.2  -1.2  -7.4   506   506   506   506   506   506   506   506   506   506   506   506 
1953  -7.3  -3.5  -0.3  10.8  18.5  23.7  26.7  27.2  16.0   5.5  -5.5  -6.4   506   506   506   506   506   506   506   506   506   506   506   506 
1954 -13.3 -22.0  -7.6   7.7  18.6  24.0  29.0  24.3  18.0  10.6   1.7  -4.9   506   506   506   506   506   506   506   506   506   506   506   506 
1955  -5.3  -2.1  -2.5   8.4  19.8  26.2  25.4  23.1  17.3  10.6  -1.3  -6.1   506   506   506   506   506   506   506   506   506   506   506   506 
1956 -10.2 -15.7  -6.1  10.3  16.1  23.3  24.0  24.7  14.3   9.4  -0.4  -6.9   506   506   506   506   506   506   506   506   506   506   506   506 
1957 -12.5  -6.0  -1.5  11.0  22.6  24.1  23.7  23.9  20.0   7.7  -2.7  -2.4   506   506   506   506   506   506   506   506   506   506   506   506 
1958  -3.4  -1.4   0.1   8.9  17.8  23.8  24.4  23.9  13.5   8.0  -1.4  -6.4   506   506   506   506   506   506   506   506   506   506   506   506 
1959  -7.1 -11.8  -4.5  10.7  19.0  23.0  26.2  24.0  15.9   4.3  -5.5 -11.5   506   506   506   506   506   506   506   506   506   506   506   506 
1960  -4.6  -6.4  -5.4  10.1  14.8  25.6  25.6  23.7  15.6   8.5  -1.3  -5.5   506   506   506   506   506   506   506   506   506   506   506   506 
1961  -6.9  -4.5   3.2  10.4  21.2  25.4  25.5  23.8  14.9   7.2  -0.1  -1.7   506   506   506   506   506   506   506   506   506   506   506   506 
1962  -6.5  -6.8   4.5  11.6  19.3  23.5  28.5  22.7  16.9   8.7  -0.3  -5.5   506   506   506   506   506   506   506   506   506   506   506   506 
1963  -6.0  -4.0  -2.2  10.8  20.4  21.7  25.8  22.5  17.5   9.5   1.7  -6.6   506   506   506   506   506   506   506   506   506   506   506   506 
1964  -9.1 -10.6  -4.5   7.7  18.0  23.6  25.3  22.7  17.5   8.2   1.5  -3.1   506   506   506   506   506   506   506   506   506   506   506   506 
1965  -8.8  -8.5   0.8   5.8  18.5  23.3  25.9  23.2  16.4   6.3   2.7  -0.6   506   506   506   506   506   506   506   506   506   506   506   506 
1966  -4.3  -2.5   3.5  13.6  19.1  22.1  28.1  26.5  16.5   7.6   0.7 -10.9   506   506   506   506   506   506   506   506   506   506   506   506 
1967  -8.8 -10.8   0.0  13.5  21.4  22.2  24.7  26.4  14.7  10.4   4.3  -3.3   506   506   506   506   506   506   506   506   506   506   506   506 
1968  -6.1  -6.0   1.2   9.6  21.7  22.6  23.7  23.8  18.6   8.1  -0.8  -7.2   506   506   506   506   506   506   506   506   506   506   506   506 
1969 -17.2 -12.7  -2.9   9.9  16.0  25.5  24.0  23.7  17.4   7.0   2.9  -4.3   506   506   506   506   506   506   506   506   506   506   506   506 
1970 -10.7  -3.4   1.8  13.0  18.8  21.5  27.0  22.5  16.4   8.9   2.8  -8.2   506   506   506   506   506   506   506   506   506   506   506   506 
1971  -5.1 -10.4  -2.0   8.3  17.4  23.3  27.6  23.5  21.9   8.8   5.0  -1.5   506   506   506   506   506   506   506   506   506   506   506   506 
1972 -19.1 -13.4  -4.4  12.4  20.3  25.9  27.9  26.5  17.5   9.2   2.9  -5.4   506   506   506   506   506   506   506   506   506   506   506   506 
1973 -13.5  -3.8   1.1  13.3  19.5  23.0  23.6  22.9  13.2   8.3   2.8  -1.8   506   506   506   506   506   506   506   506   506   506   506   506 
1974 -13.2 -10.8  -0.4   9.5  20.2  23.4  25.0  22.7  18.5  12.7   3.7  -3.2   506   506   506   506   506   506   506   506   506   506   506   506 
1975  -5.3  -9.2   0.0  15.0  21.8  27.9  28.1  24.0  19.7   7.5  -1.6  -2.8   506   506   506   506   506   506   506   506   506   506   506   506 
1976  -3.8 -12.7  -4.7  12.1  18.9  23.5  23.8  27.6  16.7   0.6  -0.4  -7.2   506   506   506   506   506   506   506   506   506   506   506   506 
1977 -16.4  -6.7   4.2  13.9  21.1  26.0  25.7  23.5  16.6   5.4   3.0  -5.2   506   506   506   506   506   506   506   506   506   506   506   506 
1978  -6.5  -8.9   3.5  10.6  16.8  21.3  25.9  23.6  18.7   7.2   1.9  -5.7   506   506   506   506   506   506   506   506   506   506   506   506 
1979  -8.5  -3.6   4.1  10.2  21.3  21.7  26.7  26.1  18.9   8.7   2.1  -2.1   506   506   506   506   506   506   506   506   506   506   506   506 
1980 -13.6 -10.6  -3.6  10.7  20.1  21.1  27.6  22.5  16.4   7.5   2.2   0.1   506   506   506   506   506   506   506   506   506   506   506   506 
1981  -4.1  -4.0   0.8   8.7  16.3  24.6  27.8  26.1  18.3  10.5   3.4  -1.8   506   506   506   506   506   506   506   506   506   506   506   506 
1982  -6.7 -14.3  -2.4  13.0  18.5  21.4  27.7  23.1  18.1   7.2   0.6  -2.6   506   506   506   506   506   506   506   506   506   506   506   506 
1983  -4.8  -0.9   0.5  15.2  19.0  22.6  28.0  23.9  16.5   9.7   1.8  -3.3   506   506   506   506   506   506   506   506   506   506   506   506 
1984  -4.3 -10.9   0.5  10.0  20.9  23.9  29.3  23.5  18.4   9.3  -1.5 -11.4   506   506   506   506   506   506   506   506   506   506   506   506 
1985  -8.1  -7.4  -6.4  10.3  19.8  23.6  23.8  25.6  16.9   7.1   1.8  -4.9   506   506   506   506   506   506   506   506   506   506   506   506 
1986  -4.5 -12.3  -1.6  14.4  17.7  25.3  26.0  24.7  18.9   8.0  -1.0  -4.2   506   506   506   506   506   506   506   506   506   506   506   506 
1987  -9.3  -8.1  -3.7   5.8  19.3  26.2  25.7  23.0  15.3   5.8  -1.6  -4.2   506   506   506   506   506   506   506   506   506   506   506   506 
1988  -8.6 -10.6   0.4  11.5  17.1  26.5  27.2  24.9  17.6   8.8   0.5  -3.3   506   506   506   506   506   506   506   506   506   506   506   506 
1989  -5.3  -3.5   1.7  10.6  16.2  25.8  26.9  24.4  18.0   9.4   1.2  -1.8   506   506   506   506   506   506   506   506   506   506   506   506 
1990  -6.8  -6.8   4.6  11.9  17.4  23.1  25.8  22.1  18.7   8.9   4.2  -5.0   506   506   506   506   506   506   506   506   506   506   506   506 
1991  -5.0  -7.2   0.9  13.0  19.1  25.7  27.8  23.5  17.0  12.4   1.0  -5.7   506   506   506   506   506   506   506   506   506   506   506   506 
1992  -4.5  -5.2  -1.1  10.0  16.9  23.4  24.9  22.0  18.4   8.1   2.9  -4.4   506   506   506   506   506   506   506   506   506   506   506   506 
1993  -5.1  -6.6  -1.5   9.6  17.3  22.4  25.6  24.2  15.1   7.9  -8.0  -6.5   506   506   506   506   506   506   506   506   506   506   506   506 
1994  -6.2 -15.9  -4.1  11.1  17.7  22.3  24.1  23.2  18.8  11.1   0.9  -6.6   506   506   506   506   506   506   506   506   506   506   506   506 
1995  -5.7  -2.0   2.2  16.4  19.9  26.5  26.7  24.6  18.6  10.2   5.4  -5.3   506   506   506   506   506   506   506   506   506   506   506   506 
1996 -10.7  -8.4  -1.9   8.5  21.5  24.5  28.0  24.3  18.0   8.0   3.0  -4.2   506   506   506   506   506   506   506   506   506   506   506   506 
1997  -8.7  -6.8   2.2  11.8  18.2  25.4  25.3  23.9  15.2  12.9   0.1  -7.4   506   506   506   506   506   506   506   506   506   506   506   506 
1998  -9.0  -7.7  -0.8   9.5  18.1  28.0  28.1  25.2  17.2   9.6  -1.7  -4.0   506   506   506   506   506   506   506   506   506   506   506   506 
1999  -3.7  -1.3   1.6  12.6  15.8  23.8  26.7  27.3  16.5  12.0  -2.7  -0.5   506   506   506   506   506   506   506   506   506   506   506   506 
2000  -2.9  -0.3   3.7  15.0  14.9  23.3  27.1  25.7  16.4   7.1  -0.6  -2.1   506   506   506   506   506   506   506   506   506   506   506   506 
2001  -3.9  -4.8   4.3  12.8  19.3  23.1  26.7  24.0  17.5   8.0   4.0  -5.4   506   506   506   506   506   506   506   506   506   506   506   506 
2002  -3.5   0.8   5.7   8.9  14.5  22.5  28.9  23.6  20.2  10.0   3.1 -12.9   506   506   506   506   506   506   506   506   506   506   506   506 
2003  -5.6  -6.9  -1.7   9.0  18.8  20.3  26.2  26.6  18.6  11.8   2.6  -2.1   506   506   506   506   506   506   506   506   506   506   506   506 
2004  -3.9  -1.1   4.4  10.7  19.4  24.3  25.3  26.5  19.2   9.7   3.6  -2.9   506   506   506   506   506   506   506   506   506   506   506   506 
2005  -5.4  -7.4   0.7  12.1  22.4  24.8  27.3  24.6  21.4  12.0   2.7 -99.0   506   506   506   506   506   506   506   506   506   506   506   -99 
2006 -15.2  -8.9   2.9  12.5  18.1  27.7  25.3  28.4  18.8  11.0   0.8  -1.7   506   506   506   506   506   506   506   506   506   506   506   506 
2007   2.0  -3.1   1.8  10.6  20.1  24.6  27.0  28.9  19.4  11.3  -0.3  -6.6   506   506   506   506   506   506   506   506   506   506   506   506 
2008 -13.9  -7.7   6.7  13.2  18.6  23.9  27.6  26.6  17.4  11.0   4.6  -5.1   506   506   506   506   506   506   506   506   506   506   506   506 
2009  -9.4  -4.1   2.6   8.1  17.8  27.2  27.5  22.6  19.8  12.1   2.0  -3.3   506   506   506   506   506   506   506   506   506   506   506   506 
2010  -9.1  -7.6   1.5  11.0  20.9  29.1  30.6  28.6  20.9   9.0   6.9   1.0   506   506   506   506   506   506   506   506   506   506   506   506 
2011  -8.1 -11.3  -0.4  10.3  19.8  24.7  30.6  25.8  18.5  10.6  -2.1  -6.0   506   506   506   506   506   506   506   506   506   506   506   506 
2012  -7.8 -15.0  -0.8  18.9  23.4  26.7  27.9  28.5  18.4  12.8   3.1  -7.7   506   506   506   506   506   506   506   506   506   506   506   506 
2013  -6.0  -1.8   3.5  13.1  22.3  25.0  26.5  24.4  18.5   9.8   5.3  -1.7   900   900   900   900   900   900   900   900   900   900   900   900 
2014  -7.5  -8.9   3.3  10.5  23.9  26.2  26.7  29.4  18.4   7.2  -1.3  -3.3   900   900   900   900   900   900   900   900   900   900   900   900 
2015  -6.2  -6.3   0.4  10.9  19.5  28.9  27.2  25.2  21.0   7.5   2.9   0.6   900   900   900   900   900   900   900   900   900   900   900   900 
2016  -5.3   0.9   5.1  13.3  20.3  24.8  27.3  29.8  18.0   7.3  -0.3  -5.4   900   900   900   900   900   900   900   900   900   900   900   900 
2017  -4.9  -6.3   4.0  12.1  19.2  23.7  28.8  28.4  20.9   9.4   4.2  -4.0   900   900   900   900   900   900   900   900   900   900   900   900 
2018  -9.2  -5.6   0.0  11.0  22.0 -99.0  31.2  25.1  20.1  11.5   0.5  -3.7   900   900   900   900   900   -99   900   900   900   900   900   900 
2019  -4.8  -3.0   4.6  12.1  21.4  27.9  27.3  23.9  16.7  12.2  -0.5  -0.6   900   900   900   900   900   900   900   900   900   900   900   900 
2020  -1.3   1.1   7.3  10.5  20.7  27.8  30.5  23.9  18.6  11.6 -99.0 -99.0   900   900   900   900   900   900   900   900   900   900   -99   -99 
