Number= 814010
Name= SAINT LAURENT MARONI
Country= FRENCH GUIANA
Lat=    5.5
Long=   54.0
Height= 4
Start year= 1961
End year= 2020
First Good year= 1961
Source ID= 10
Source file= Jones
Jones data to= 2014
Normals source= Data
Normals source start year= 1961
Normals source end year= 1990
Normals=  25.4  25.5  25.8  26.1  26.1  26.0  26.3  26.8  27.1  27.1  26.7  25.9 
Standard deviations source= Data
Standard deviations source start year= 1961
Standard deviations source end year= 1990
Standard deviations=   0.5   0.4   0.4   0.4   0.4   0.6   0.6   0.5   0.5   0.6   0.5   0.5 
Obs:
1961  25.3  25.3  25.8  26.1  25.9  25.3  26.4  27.2  27.2  26.8  26.7  25.4   506   506   506   506   506   506   506   506   506   506   506   506 
1962  25.3  25.3  25.8  26.0  26.4  26.0  26.6  27.0  27.2  27.1  26.9  26.0   506   506   506   506   506   506   506   506   506   506   506   506 
1963  25.4  25.1  25.5  26.0  26.1  26.1  26.7  27.2  27.6  27.7  26.7  26.0   506   506   506   506   506   506   506   506   506   506   506   506 
1964  25.1  25.9  26.2  26.8  26.3  26.3  26.6  27.6  27.4  26.8  26.6  25.7   506   506   506   506   506   506   506   506   506   506   506   506 
1965  25.4  25.2  25.9  25.7  26.2  26.1  26.3  26.8  27.3  27.6  26.7  26.0   506   506   506   506   506   506   506   506   506   506   506   506 
1966  25.8  25.8  25.9  26.2  26.5  26.7  26.6  27.0  27.3  27.5  27.1  26.6   506   506   506   506   506   506   506   506   506   506   506   506 
1967  25.4  25.7  25.7  26.3  25.7  25.7  26.4  26.7  27.2  26.8  27.0  25.9   506   506   506   506   506   506   506   506   506   506   506   506 
1968  25.2  25.4  25.2  26.3  26.1  25.9  26.3  26.9  27.1  27.2  26.4  26.1   506   506   506   506   506   506   506   506   506   506   506   506 
1969  25.9  26.0  26.4  26.9  26.7  27.0  27.2  27.8  28.2  28.0  27.7  26.9   506   506   506   506   506   506   506   506   506   506   506   506 
1970  26.0  26.1  26.2  26.4  26.6  26.6  26.9  27.4  27.1  27.5  27.2  26.1   506   506   506   506   506   506   506   506   506   506   506   506 
1971  25.7  25.1  25.7  25.5  26.0  25.8  26.1  26.9  27.2  26.8  26.8  25.8   506   506   506   506   506   506   506   506   506   506   506   506 
1972  25.4  25.5  26.3  25.9  26.1  26.1  26.9  26.8  27.5  27.9  26.8  26.1   506   506   506   506   506   506   506   506   506   506   506   506 
1973  26.0  26.0  26.3  26.5  26.3  26.4  26.6  27.3  27.3  27.2  26.9  26.0   506   506   506   506   506   506   506   506   506   506   506   506 
1974  25.2  25.5  25.6  25.7  26.0  26.1  26.2  26.9  27.3  27.0  26.7  25.7   506   506   506   506   506   506   506   506   506   506   506   506 
1975  25.4  25.2  25.6  25.9  26.2  25.7  25.8  26.7  27.0  27.4  26.6  26.3   506   506   506   506   506   506   506   506   506   506   506   506 
1976  25.1  25.3  25.2  25.7  25.4  25.8  26.1  26.8  27.4  28.0  27.3  25.9   506   506   506   506   506   506   506   506   506   506   506   506 
1977  25.5  25.5  25.8  25.9  26.2  26.4  26.5  27.2  27.3  27.6  27.0  25.7   506   506   506   506   506   506   506   506   506   506   506   506 
1978  25.6  26.0  26.2  26.6  26.4  26.8  26.8  26.9  27.1  27.2  27.1  25.5   506   506   506   506   506   506   506   506   506   506   506   506 
1979  25.9  25.9  26.3  26.6  26.9  26.9  27.1  27.6  28.0  28.2  27.6  26.8   506   506   506   506   506   506   506   506   506   506   506   506 
1980  26.2  25.7  26.0  26.5  26.9  27.2  27.2  27.6  28.2  27.5  26.9  26.4   506   506   506   506   506   506   506   506   506   506   506   506 
1981  25.6  25.3  26.1  26.2  25.9  25.7  25.6  26.5  26.5  26.4  26.4  25.6   506   506   506   506   506   506   506   506   506   506   506   506 
1982  25.6  25.2  25.5  25.6  25.4  25.3  25.2  25.8  26.4  26.1  25.8  25.6   506   506   506   506   506   506   506   506   506   506   506   506 
1983  23.5  25.5  26.0  25.7  26.1  25.9  25.4  26.4  26.4  25.9  26.1  25.0   506   506   506   506   506   506   506   506   506   506   506   506 
1984  24.8  25.2  25.5  25.7  25.7  25.2  25.4  25.8  25.7  26.1  25.5  25.1   506   506   506   506   506   506   506   506   506   506   506   506 
1985  25.1  24.6  25.3  25.4  25.7  25.3  25.6  25.4  26.5  26.2  26.1  25.1   506   506   506   506   506   506   506   506   506   506   506   506 
1986  25.2  25.1  25.5  26.2  25.7  25.2  25.4  26.2  26.7  26.7  26.7  25.4   506   506   506   506   506   506   506   506   506   506   506   506 
1987  25.3  25.6  26.0  26.4  26.2  26.5  26.3  26.8  27.4  27.5  26.6  26.0   506   506   506   506   506   506   506   506   506   506   506   506 
1988  25.6  25.5  25.9  26.6  26.1  25.8  25.8  26.7  26.7  27.1  26.3  25.2   506   506   506   506   506   506   506   506   506   506   506   506 
1989  24.9  24.9  25.0  25.5  25.6  25.4  25.7  26.7  26.8  26.4  26.2  25.5   506   506   506   506   506   506   506   506   506   506   506   506 
1990  24.9  25.1  25.7  25.7  25.7  25.5  26.0  26.3  27.3  27.3  26.7  26.1   506   506   506   506   506   506   506   506   506   506   506   506 
1991  25.5  25.7  25.9  26.2  26.3  25.9  26.1  26.0  26.6  26.5  26.4  25.7   506   506   506   506   506   506   506   506   506   506   506   506 
1992  25.7  25.5  26.0  26.2  26.1  25.7  25.6  26.3  27.0  27.0  26.3  25.8   506   506   506   506   506   506   506   506   506   506   506   506 
1993  25.1  25.4  25.6  26.0  25.9  25.5  26.3  26.2  26.7  27.0  26.5  26.1   506   506   506   506   506   506   506   506   506   506   506   506 
1994  25.4  25.3  25.7  25.6  25.6  25.7  26.0  26.3  26.9  27.2  26.2  25.9   506   506   506   506   506   506   506   506   506   506   506   506 
1995  25.6  25.5  26.1  26.6  26.4  25.8  26.2  27.3  27.3  27.5  26.5  26.3   506   506   506   506   506   506   506   506   506   506   506   506 
1996  25.8  25.5  26.0  26.4  26.7  25.8  25.8  26.3  27.1  27.2 -99.0  25.9   506   506   506   506   506   506   506   506   506   506   -99   506 
1997  25.9  25.2  25.8  26.4  26.9  26.2  26.1  26.5  27.5  28.0  27.4  26.3   506   506   506   506   506   506   506   506   506   506   506   506 
1998  26.2  26.8  26.8  27.0  27.0  26.4  26.9  27.4  27.7  27.5  26.7  26.2   506   506   506   506   506   506   506   506   506   506   506   506 
1999  25.5  25.7  26.0  26.2  26.1  25.7  26.1  26.2  27.1  27.2  27.5  26.4   506   506   506   506   506   506   506   506   506   506   506   506 
2000  25.3  25.3  25.7  25.6  25.7  25.8  26.0  26.5  27.0  26.8  26.5  25.5   506   506   506   506   506   506   506   506   506   506   506   506 
2001  25.1  25.3  26.0  26.3  26.0  25.7  26.1  26.8  27.0  27.4  26.6  26.5   506   506   506   506   506   506   506   506   506   506   506   506 
2002  25.9  26.2  26.1  26.1  26.2  25.7  26.5  26.5  27.2  27.4  26.3  26.0   506   506   506   506   506   506   506   506   506   506   506   506 
2003  25.8  26.1  26.4  26.5  25.9  25.8  26.2  27.6  27.5  27.8  27.2  26.2   506   506   506   506   506   506   506   506   506   506   506   506 
2004  26.0  26.1  26.2  26.3  26.0  25.4  26.1  26.7  27.4  27.6 -99.0  27.1   506   506   506   506   506   506   506   506   506   506   -99   506 
2005  26.0  26.5  26.6  26.3 -99.0 -99.0 -99.0 -99.0 -99.0 -99.0  26.7  26.9   506   506   506   506   -99   -99   -99   -99   -99   -99   506   506 
2006  26.5  26.7  26.6  26.9  26.0  25.6  26.1  26.7  27.4  27.4  26.5  25.5   506   506   506   506   506   506   506   506   506   506   506   506 
2007  26.0  25.8  25.9  26.2  25.9  25.9  26.3  26.7  27.0  27.0  26.6  25.8   506   506   506   506   506   506   506   506   506   506   506   506 
2008  25.3  25.2  25.3  26.0  25.9  25.9  26.3  27.2  27.5  27.7  27.6  26.3   506   506   506   506   506   506   506   506   506   506   506   506 
2009  25.6  25.5  26.1  26.1  26.8  26.2  26.7  27.5  27.7  27.2  26.6  25.8   506   506   506   506   506   506   506   506   506   506   506   506 
2010  25.6  26.1  26.4  26.6  26.3  26.3  26.3  26.5  27.3  27.7  26.9  25.8   506   506   506   506   506   506   506   506   506   506   506   506 
2011  25.4  25.1  25.5  26.4  26.1  26.0  25.9  26.8  27.2  26.7  26.1  25.7   506   506   506   506   506   506   506   506   506   506   506   506 
2012  25.1  24.8  25.5  25.8  25.7  25.7  26.1  26.3  27.0  27.5  27.1  26.2   506   506   506   506   506   506   506   506   506   506   506   506 
2013  25.7  25.4  26.1  26.0  25.6  25.8  25.9  26.2  26.6  26.2  26.1  25.5   506   506   506   506   506   506   506   506   506   506   506   506 
2014  25.0  25.2  25.4  25.9  26.1  26.0  25.9  26.1  26.7  27.3  26.3  25.7   506   506   506   506   506   506   506   506   506   506   506   506 
2015  24.9  25.2  25.3  25.7  25.6  25.5  25.9  26.3  27.4  27.5  27.0  25.9   900   900   900   900   900   900   900   900   900   900   900   900 
2016  25.6  25.7  26.3  26.0  26.1  25.4  26.2  26.6  27.3  27.7  27.3  25.8   900   900   900   900   900   900   900   900   900   900   900   900 
2017  25.3  25.4  25.7  26.0  25.9  26.2  26.2  27.2  27.3  27.1  26.4  25.5   900   900   900   900   900   900   900   900   900   900   900   900 
2018  25.2  24.9  25.7  25.4  25.7  25.5  25.7  26.2  26.9  27.5  26.4  25.1   900   900   900   900   900   900   900   900   900   900   900   900 
2019  25.4  25.4  26.0  26.2  26.3  26.1  26.0  26.6  28.1  27.2  27.2  25.9   900   900   900   900   900   900   900   900   900   900   900   900 
2020  25.9  25.6  26.3  26.5  26.2  26.0  26.7  26.8  27.6  27.3  26.3  25.8   900   900   900   900   900   900   900   900   900   900   900   900 
