Number= 684000
Name= MAKATINIAGR_KWAZU
Country= SOUTH AFRICA
Lat=  -27.4
Long=  -32.2
Height= 73
Start year= 1966
End year= 1981
First Good year= 1966
Source ID= 99
Source file= Jones
Jones data to= 1981
Normals source start year= 1966
Normals source end year= 1981
Normals= -99.0 -99.0 -99.0 -99.0 -99.0 -99.0 -99.0 -99.0 -99.0 -99.0 -99.0 -99.0 
Standard deviations source= Data
Standard deviations source start year= 1966
Standard deviations source end year= 1981
Obs:
1966 -99.0 -99.0 -99.0 -99.0 -99.0 -99.0 -99.0  18.9  20.8  23.1  24.5  26.3   -99   -99   -99   -99   -99   -99   -99   506   506   506   506   506 
1967  27.0  25.4  24.8  23.1  20.2  16.9  15.7  18.7  21.3  23.6  24.6  25.1   506   506   506   506   506   506   506   506   506   506   506   506 
1968  27.3  26.1  23.9  21.6  19.9  14.7  17.1  19.2  21.0  22.9  22.8  27.7   506   506   506   506   506   506   506   506   506   506   506   506 
1969  28.0 -99.0  25.3  23.2  19.5  16.9  18.0  19.4  21.5  22.8  23.8  24.8   506   -99   506   506   506   506   506   506   506   506   506   506 
1970  27.4  26.0  25.0  23.0  20.5  17.5  17.8  20.3  22.6  21.7  25.3  27.6   506   506   506   506   506   506   506   506   506   506   506   506 
1971  25.9  25.5  26.5  23.8  19.8  16.8  17.3  19.5  22.2  23.0  23.9  25.3   506   506   506   506   506   506   506   506   506   506   506   506 
1972  27.3  24.8  24.4  23.1  19.4  16.0  16.5  18.0  20.5  23.5  22.8  26.1   506   506   506   506   506   506   506   506   506   506   506   506 
1973  26.5  25.5  27.0  21.5  19.8  17.8  17.0  18.5  20.9  22.3  22.7  23.2   506   506   506   506   506   506   506   506   506   506   506   506 
1974  26.7  26.2  25.7  21.6  19.8  17.0  16.8  18.9  21.7  24.3  24.7  25.3   506   506   506   506   506   506   506   506   506   506   506   506 
1975  25.9  25.0  23.5  22.1  20.0  16.8  15.8  18.5  22.1  21.1  23.2  24.3   506   506   506   506   506   506   506   506   506   506   506   506 
1976  24.8  25.3  24.8  22.0  18.4  16.5  16.8  18.0  21.8  22.4  24.6  26.8   506   506   506   506   506   506   506   506   506   506   506   506 
1977  27.5  26.1  23.6  22.9  19.4  17.6  16.5  18.2  22.1  23.5  24.1  27.2   506   506   506   506   506   506   506   506   506   506   506   506 
1978  25.4  26.4  25.7  22.0  19.7  15.8  17.0  20.8  20.5  21.5  23.3  24.7   506   506   506   506   506   506   506   506   506   506   506   506 
1979  26.0  27.6  25.8  23.6  20.8  17.3  16.8  20.0  20.7  23.7  24.0  25.5   506   506   506   506   506   506   506   506   506   506   506   506 
1980  26.1  26.4  25.3  23.2  20.6  17.0  16.4  19.3  20.8  22.7  24.9  26.9   506   506   506   506   506   506   506   506   506   506   506   506 
1981  28.7  25.6  25.4  23.1  19.0  15.5  16.4  16.9  18.8  20.1  24.2 -99.0   506   506   506   506   506   506   506   506   506   506   506   -99 
