Number= 700637
Name= DEADHORSE
Country= ALASKA
Lat=   70.2
Long=  148.5
Height= 23
Start year= 1973
End year= 2008
First Good year= 1973
Source ID= 54
Source file= Jones
Jones data to= 2008
Normals source start year= 1973
Normals source end year= 1990
Normals= -99.0 -99.0 -99.0 -99.0 -99.0 -99.0 -99.0 -99.0 -99.0 -99.0 -99.0 -99.0 
Standard deviations source= Data
Standard deviations source start year= 1973
Standard deviations source end year= 1990
Obs:
1973 -19.9 -24.6 -18.4 -16.6 -99.0 -99.0 -99.0   8.3   2.6  -9.6 -16.5 -22.5   506   506   506   506   -99   -99   -99   506   506   506   506   506 
1974 -24.4 -99.0 -99.0 -21.6 -99.0 -99.0 -99.0 -99.0 -99.0 -99.0 -99.0 -99.0   506   -99   -99   506   -99   -99   -99   -99   -99   -99   -99   -99 
1975 -99.0 -99.0 -99.0 -99.0 -99.0 -99.0 -99.0 -99.0 -99.0 -99.0 -99.0 -99.0   -99   -99   -99   -99   -99   -99   -99   -99   -99   -99   -99   -99 
1976 -99.0 -99.0 -99.0 -99.0 -99.0 -99.0 -99.0 -99.0 -99.0 -99.0 -99.0 -99.0   -99   -99   -99   -99   -99   -99   -99   -99   -99   -99   -99   -99 
1977 -99.0 -99.0 -99.0 -99.0 -99.0 -99.0 -99.0 -99.0 -99.0 -99.0 -99.0 -21.7   -99   -99   -99   -99   -99   -99   -99   -99   -99   -99   -99   506 
1978 -18.6 -99.0 -32.2 -17.3  -8.0   4.4   7.8   4.7   2.2 -13.2 -14.2 -23.4   506   -99   506   506   506   506   506   506   506   506   506   506 
1979 -18.1 -30.2 -28.6 -16.9  -3.8   2.4   9.6   8.4   1.4  -4.9  -9.4 -99.0   506   506   506   506   506   506   506   506   506   506   506   -99 
1980 -99.0 -99.0 -99.0 -99.0 -99.0 -99.0 -99.0 -99.0 -99.0 -99.0 -99.0 -99.0   -99   -99   -99   -99   -99   -99   -99   -99   -99   -99   -99   -99 
1981 -99.0 -99.0 -99.0 -99.0 -99.0 -99.0 -99.0 -99.0 -99.0  -9.6 -99.0 -99.0   -99   -99   -99   -99   -99   -99   -99   -99   -99   506   -99   -99 
1982 -26.0 -24.5 -26.2 -99.0 -99.0   3.2   8.6   6.5   0.2 -14.4 -24.3 -25.5   506   506   506   -99   -99   506   506   506   506   506   506   506 
1983 -32.0 -27.1 -29.5 -18.3  -9.3   3.5   6.2   5.1  -0.7 -13.2 -18.5 -18.4   506   506   506   506   506   506   506   506   506   506   506   506 
1984 -28.3 -38.4 -27.9 -22.4  -6.4   4.2   8.9   6.2   1.5  -8.2 -25.1 -28.6   506   506   506   506   506   506   506   506   506   506   506   506 
1985 -21.2 -30.2 -24.4 -24.6  -4.6   3.9   6.6   5.3  -0.7 -11.8 -17.3 -20.1   506   506   506   506   506   506   506   506   506   506   506   506 
1986 -27.9 -23.9 -30.3 -21.9  -7.1   3.7   6.9   4.7   2.6 -10.8 -21.1 -23.7   506   506   506   506   506   506   506   506   506   506   506   506 
1987 -26.1 -32.3 -27.8 -21.2  -5.8   2.4   7.9   8.3   1.2  -4.1 -19.3 -22.5   506   506   506   506   506   506   506   506   506   506   506   506 
1988 -22.5 -26.5 -26.9 -18.6  -7.9   3.2   8.2   5.9  -0.7 -13.9 -27.7 -22.0   506   506   506   506   506   506   506   506   506   506   506   506 
1989 -31.3 -11.9 -23.8 -13.0  -7.1   3.3  11.2  10.1   2.7  -6.9 -26.9 -23.1   506   506   506   506   506   506   506   506   506   506   506   506 
1990 -33.3 -33.1 -22.7 -10.6  -2.9   5.5   9.6   4.9   0.6  -9.2 -23.1 -28.3   506   506   506   506   506   506   506   506   506   506   506   506 
1991 -25.9 -31.0 -27.7 -16.2  -1.7   4.0   5.9   3.5   0.3  -7.9 -25.1 -29.7   506   506   506   506   506   506   506   506   506   506   506   506 
1992 -28.4 -32.0 -22.8 -16.4  -5.5   4.1   8.4   6.3  -2.8 -10.1 -18.9 -25.3   506   506   506   506   506   506   506   506   506   506   506   506 
1993 -23.3 -23.5 -22.2 -13.8  -3.8   4.1  10.3   6.2   1.3  -4.6 -15.3 -22.5   506   506   506   506   506   506   506   506   506   506   506   506 
1994 -23.7 -24.9 -27.5 -17.6  -5.3   2.4   9.5   9.6  -0.5 -11.1 -22.3 -26.0   506   506   506   506   506   506   506   506   506   506   506   506 
1995 -25.5 -28.3 -26.8 -13.2  -0.9   5.9   9.6   6.4   3.9  -6.8 -15.1 -23.8   506   506   506   506   506   506   506   506   506   506   506   506 
1996 -23.7 -26.2 -20.0 -17.5  -1.9   7.3  10.9   4.3  -2.3 -16.3 -17.3 -21.0   506   506   506   506   506   506   506   506   506   506   506   506 
1997 -28.4 -26.2 -26.2 -15.5  -5.0   3.2   7.3   9.6   3.1  -8.1 -12.8 -25.4   506   506   506   506   506   506   506   506   506   506   506   506 
1998 -28.6 -25.5 -17.6  -8.8  -0.8   5.6  10.3  10.6   3.7  -5.8 -12.5 -19.0   506   506   506   506   506   506   506   506   506   506   506   506 
1999 -29.3 -30.0 -29.1 -20.8  -5.3   2.5   7.3   7.2   0.4  -9.6 -19.5 -25.5   506   506   506   506   506   506   506   506   506   506   506   506 
2000 -24.3 -23.8 -25.4 -18.4  -9.3   5.4   7.0   4.5   0.2 -10.1 -18.0 -19.6   506   506   506   506   506   506   506   506   506   506   506   506 
2001 -21.6 -20.5 -27.5 -17.4 -10.5   3.3   8.1   4.9   1.6 -12.6 -18.8 -23.2   506   506   506   506   506   506   506   506   506   506   506   506 
2002 -22.7 -27.8 -20.6 -16.0  -3.7   3.4   6.6   5.9   3.2  -6.5 -12.9 -18.7   506   506   506   506   506   506   506   506   506   506   506   506 
2003 -22.7 -25.0 -24.3 -14.6  -4.8   2.3   9.1   4.0   0.2  -4.6 -17.1 -22.0   506   506   506   506   506   506   506   506   506   506   506   506 
2004 -23.9 -29.9 -26.3 -18.7  -5.3   5.6   8.7   7.9   1.0  -7.4 -18.2 -22.9   506   506   506   506   506   506   506   506   506   506   506   506 
2005 -20.5 -26.0 -22.6 -17.3  -4.8   2.3   4.5   6.3   1.2  -7.5 -24.1 -19.9   506   506   506   506   506   506   506   506   506   506   506   506 
2006 -26.7 -22.1 -29.1 -20.8  -4.2   6.8   7.6   4.1   3.5  -4.0 -18.9 -19.8   506   506   506   506   506   506   506   506   506   506   506   506 
2007 -27.4 -25.7 -30.5 -13.7  -7.9   3.2   7.4   6.6   2.1  -7.3 -12.4 -20.6   506   506   506   506   506   506   506   506   506   506   506   506 
2008 -28.6 -26.9 -31.0 -13.5  -4.3   5.5   8.6   4.9   1.0  -8.0 -15.7 -18.5   506   506   506   506   506   506   506   506   506   506   506   506 
