Number= 701160
Name= WALES
Country= UNITED STATES
Lat=   65.6
Long=  168.1
Height= 7
Start year= 1925
End year= 1995
First Good year= 1925
Source ID= 99
Source file= Jones
Jones data to= 1995
Normals source= Data
Normals source start year= 1961
Normals source end year= 1990
Normals= -16.6 -20.3 -18.4 -12.9  -2.7   3.4   8.1   8.2   4.6  -1.9  -8.5 -15.5 
Standard deviations source= Data
Standard deviations source start year= 1941
Standard deviations source end year= 1990
Standard deviations=   4.4   5.4   3.9   3.6   1.8   1.2   1.1   1.3   1.1   1.5   2.8   3.7 
Obs:
1925 -99.0 -99.0 -99.0 -99.0 -99.0 -99.0 -99.0 -99.0 -99.0 -99.0  -4.6 -16.8   -99   -99   -99   -99   -99   -99   -99   -99   -99   -99   506   506 
1926 -18.6 -25.0 -13.6  -9.0  -4.0   6.6   9.3  10.2   9.0   2.5   0.2 -15.6   506   506   506   506   506   506   506   506   506   506   506   506 
1927 -16.1 -19.9 -22.2 -13.2  -2.5   5.9   8.7   9.3   2.7  -2.2  -6.4 -12.3   506   506   506   506   506   506   506   506   506   506   506   506 
1928 -14.6 -15.2 -20.7 -10.9  -4.1   4.8   7.7   6.7   4.1  -0.1 -11.9 -18.5   506   506   506   506   506   506   506   506   506   506   506   506 
1929 -12.1 -13.9 -22.3 -99.0  -0.5 -99.0 -99.0 -99.0 -99.0 -99.0 -99.0 -99.0   506   506   506   -99   506   -99   -99   -99   -99   -99   -99   -99 
1930 -99.0 -99.0 -99.0 -99.0 -99.0 -99.0 -99.0 -99.0 -99.0 -99.0 -99.0 -99.0   -99   -99   -99   -99   -99   -99   -99   -99   -99   -99   -99   -99 
1931 -99.0 -99.0 -99.0 -99.0 -99.0 -99.0 -99.0 -99.0 -99.0 -99.0 -99.0 -99.0   -99   -99   -99   -99   -99   -99   -99   -99   -99   -99   -99   -99 
1932 -99.0 -99.0 -99.0 -99.0 -99.0 -99.0 -99.0 -99.0 -99.0 -99.0 -99.0 -99.0   -99   -99   -99   -99   -99   -99   -99   -99   -99   -99   -99   -99 
1933 -99.0 -99.0 -99.0 -99.0 -99.0 -99.0 -99.0 -99.0 -99.0 -99.0 -99.0 -99.0   -99   -99   -99   -99   -99   -99   -99   -99   -99   -99   -99   -99 
1934 -99.0 -99.0 -99.0 -99.0 -99.0 -99.0 -99.0 -99.0 -99.0 -99.0 -99.0 -99.0   -99   -99   -99   -99   -99   -99   -99   -99   -99   -99   -99   -99 
1935 -99.0 -99.0 -99.0 -99.0 -99.0 -99.0 -99.0 -99.0 -99.0 -99.0 -99.0 -99.0   -99   -99   -99   -99   -99   -99   -99   -99   -99   -99   -99   -99 
1936 -99.0 -99.0 -99.0 -99.0 -99.0 -99.0 -99.0 -99.0 -99.0 -99.0 -99.0 -99.0   -99   -99   -99   -99   -99   -99   -99   -99   -99   -99   -99   -99 
1937 -99.0 -99.0 -99.0 -99.0 -99.0 -99.0 -99.0 -99.0 -99.0 -99.0 -99.0 -99.0   -99   -99   -99   -99   -99   -99   -99   -99   -99   -99   -99   -99 
1938 -99.0 -99.0 -99.0 -99.0 -99.0 -99.0 -99.0 -99.0 -99.0 -99.0 -99.0 -99.0   -99   -99   -99   -99   -99   -99   -99   -99   -99   -99   -99   -99 
1939 -99.0 -99.0 -99.0 -99.0 -99.0 -99.0 -99.0 -99.0 -99.0 -99.0 -99.0 -99.0   -99   -99   -99   -99   -99   -99   -99   -99   -99   -99   -99   -99 
1940 -99.0 -99.0 -99.0 -99.0 -99.0 -99.0 -99.0 -99.0 -99.0 -99.0 -99.0 -99.0   -99   -99   -99   -99   -99   -99   -99   -99   -99   -99   -99   -99 
1941 -99.0 -99.0 -99.0 -99.0 -99.0 -99.0 -99.0 -99.0 -99.0 -99.0 -99.0 -99.0   -99   -99   -99   -99   -99   -99   -99   -99   -99   -99   -99   -99 
1942 -99.0 -99.0 -99.0 -99.0 -99.0 -99.0 -99.0 -99.0 -99.0 -99.0 -99.0 -99.0   -99   -99   -99   -99   -99   -99   -99   -99   -99   -99   -99   -99 
1943 -99.0 -99.0 -99.0 -99.0 -99.0 -99.0 -99.0 -99.0 -99.0 -99.0 -99.0 -99.0   -99   -99   -99   -99   -99   -99   -99   -99   -99   -99   -99   -99 
1944 -99.0 -99.0 -99.0 -99.0 -99.0   2.8   7.0   7.2   4.0  -1.8 -11.5 -14.9   -99   -99   -99   -99   -99   506   506   506   506   506   506   506 
1945 -17.4 -21.3 -23.1  -7.4  -3.5   1.9   7.6   6.0   5.4  -2.2 -99.0 -19.2   506   506   506   506   506   506   506   506   506   506   -99   506 
1946 -99.0 -99.0 -23.7 -16.5  -3.3   3.9   8.6   5.9   3.5  -0.2  -7.6 -19.0   -99   -99   506   506   506   506   506   506   506   506   506   506 
1947 -21.8 -15.3 -99.0 -10.1   0.0   3.7   9.1   7.6   3.2  -3.0  -8.2 -17.7   506   506   -99   506   506   506   506   506   506   506   506   506 
1948 -24.2 -16.9 -18.9  -4.0  -4.2   4.0   6.1   6.2   2.7  -3.3 -10.8 -16.4   506   506   506   506   506   506   506   506   506   506   506   506 
1949 -15.9 -19.2 -12.4 -15.5  -4.7   0.6   6.8   8.4   6.5   0.7  -5.5 -13.7   506   506   506   506   506   506   506   506   506   506   506   506 
1950  -8.1 -17.8 -17.6  -9.6  -4.2   2.7   9.0   9.4   5.4   1.3  -3.7 -11.6   506   506   506   506   506   506   506   506   506   506   506   506 
1951 -22.3 -21.7 -19.4 -10.4  -1.6   4.2   7.1   6.9   4.2  -1.6  -4.4 -12.7   506   506   506   506   506   506   506   506   506   506   506   506 
1952 -19.3 -20.8 -17.7 -12.4  -3.8   2.9   6.4   8.4   4.2  -0.4  -5.4 -13.9   506   506   506   506   506   506   506   506   506   506   506   506 
1953 -19.6 -22.9 -21.4 -11.1  -2.0   4.1   7.2   6.9   4.7  -1.9  -7.1 -19.5   506   506   506   506   506   506   506   506   506   506   506   506 
1954 -18.3 -24.2 -14.6  -7.7   0.9   3.8   6.8   8.3   4.7  -1.1  -8.2 -20.7   506   506   506   506   506   506   506   506   506   506   506   506 
1955 -18.8 -27.0 -19.5 -14.0  -4.7   1.7   7.0   7.5   4.5  -4.2 -11.5 -14.6   506   506   506   506   506   506   506   506   506   506   506   506 
1956 -99.0 -99.0 -20.3 -12.4 -99.0 -99.0   7.7   6.3   4.5  -4.0 -17.1 -18.5   -99   -99   506   506   -99   -99   506   506   506   506   506   506 
1957  -9.8 -17.7 -20.1  -4.6  -0.2   5.1   7.2   8.0   3.4  -0.5  -6.9 -19.5   506   506   506   506   506   506   506   506   506   506   506   506 
1958 -23.4 -18.0 -12.5  -9.9  -5.3   5.2   9.1   6.4   3.9  -4.3  -8.5 -14.4   506   506   506   506   506   506   506   506   506   506   506   506 
1959 -14.1 -13.9 -22.0 -15.8  -1.3   4.2   6.5   8.6   4.6 -99.0  -8.7 -22.8   506   506   506   506   506   506   506   506   506   -99   506   506 
1960 -19.8 -14.3 -13.6 -15.7  -1.4   2.2   8.4   8.8   3.1  -1.9 -10.1 -10.8   506   506   506   506   506   506   506   506   506   506   506   506 
1961 -15.0 -26.3 -24.1 -12.5  -0.9   3.3   6.4   7.3   5.2  -2.1  -7.8 -20.5   506   506   506   506   506   506   506   506   506   506   506   506 
1962 -12.7 -10.9 -14.2  -9.8  -1.9   3.8   8.5   9.1   3.1  -3.0  -8.9 -13.5   506   506   506   506   506   506   506   506   506   506   506   506 
1963  -7.4 -16.6 -17.3  -9.7   0.1   2.5   6.5   6.5   4.5  -3.6  -9.8 -12.6   506   506   506   506   506   506   506   506   506   506   506   506 
1964 -21.0 -29.4 -22.0 -15.1  -4.9   2.6   7.6   8.9   5.0  -0.4  -8.6 -17.6   506   506   506   506   506   506   506   506   506   506   506   506 
1965 -20.7 -26.6 -14.8 -11.2  -5.5   2.3   6.9   6.1   4.4  -3.8  -3.5 -17.2   506   506   506   506   506   506   506   506   506   506   506   506 
1966 -15.8 -19.0 -23.2 -13.9  -4.8   3.5   7.6   7.7   4.7  -2.5  -4.9 -16.6   506   506   506   506   506   506   506   506   506   506   506   506 
1967 -10.6 -18.9  -8.0  -7.9  -0.9   5.4   8.2   8.9   5.1  -1.9  -9.2 -13.7   506   506   506   506   506   506   506   506   506   506   506   506 
1968 -13.8 -25.0 -15.6 -14.1  -3.0   2.0   8.9   9.9   4.1  -1.4 -11.1 -18.4   506   506   506   506   506   506   506   506   506   506   506   506 
1969 -10.5 -21.0 -20.9 -11.1   0.2   5.2   7.8   6.3   6.7   0.5 -14.1 -16.1   506   506   506   506   506   506   506   506   506   506   506   506 
1970 -23.6 -17.6 -17.3 -99.0  -2.5   4.1   7.4   7.2   3.0  -4.9  -5.2 -13.6   506   506   506   -99   506   506   506   506   506   506   506   506 
1971 -19.2 -28.2 -20.8 -16.2  -5.5   3.9   8.8   6.7   4.1  -1.4  -7.0 -14.2   506   506   506   506   506   506   506   506   506   506   506   506 
1972 -16.2 -18.2 -23.0 -13.4  -1.8   3.2  10.3   9.8   5.1  -0.1  -7.0 -10.9   506   506   506   506   506   506   506   506   506   506   506   506 
1973 -17.5 -15.0 -22.9 -13.2  -3.8   2.7   6.2   6.8   4.9  -1.7  -5.8 -14.5   506   506   506   506   506   506   506   506   506   506   506   506 
1974 -16.9 -25.9 -18.1 -13.9  -3.5   3.0   8.7  10.4   7.1  -3.7 -10.3 -24.2   506   506   506   506   506   506   506   506   506   506   506   506 
1975 -18.6 -19.5 -14.8 -14.7  -5.1   0.8   6.5   8.1   2.4  -3.8 -12.1 -20.8   506   506   506   506   506   506   506   506   506   506   506   506 
1976 -20.0 -27.0 -18.7 -17.1  -4.6 -99.0   7.4   8.8   5.7  -1.3 -10.3 -19.0   506   506   506   506   506   -99   506   506   506   506   506   506 
1977 -13.4 -20.5 -26.8 -15.1  -2.3   3.4 -99.0 -99.0 -99.0 -99.0 -99.0 -12.4   506   506   506   506   506   506   -99   -99   -99   -99   -99   506 
1978 -99.0 -99.0 -99.0 -99.0 -99.0 -99.0 -99.0 -99.0 -99.0 -99.0 -99.0 -99.0   -99   -99   -99   -99   -99   -99   -99   -99   -99   -99   -99   -99 
1979 -99.0 -99.0 -99.0 -99.0 -99.0 -99.0 -99.0   9.8   4.3  -0.4  -6.0 -19.0   -99   -99   -99   -99   -99   -99   -99   506   506   506   506   506 
1980 -19.2 -15.5 -15.8 -13.8  -1.9   3.9   8.5   7.2   4.1  -0.2  -6.9 -18.1   506   506   506   506   506   506   506   506   506   506   506   506 
1981 -14.4 -18.3 -16.1  -9.0   0.0   5.6   7.4   6.8   4.1  -1.9 -10.7 -13.3   506   506   506   506   506   506   506   506   506   506   506   506 
1982 -13.4 -10.6 -16.0 -99.0  -3.7   3.7   8.9   8.8   5.1  -2.9  -6.8 -13.5   506   506   506   -99   506   506   506   506   506   506   506   506 
1983 -18.9 -20.3 -16.8  -9.5  -1.5   3.0   9.7   6.9   3.8  -2.8  -8.6  -4.8   506   506   506   506   506   506   506   506   506   506   506   506 
1984 -16.3 -29.6 -19.3 -18.6  -5.1   5.0 -99.0   6.8   6.2  -0.2  -9.4 -99.0   506   506   506   506   506   506   -99   506   506   506   506   -99 
1985 -10.7 -18.4 -20.9 -20.8  -3.3   1.9   9.1   9.8   4.6  -2.5  -5.8  -9.0   506   506   506   506   506   506   506   506   506   506   506   506 
1986 -19.9 -15.5 -19.3 -13.0  -2.5   5.1   9.5   7.9   4.6  -1.5  -5.9 -11.5   506   506   506   506   506   506   506   506   506   506   506   506 
1987 -18.3 -22.3 -15.6 -14.8  -2.2   3.2   8.5   9.2   2.3  -0.9 -11.2 -19.2   506   506   506   506   506   506   506   506   506   506   506   506 
1988 -14.3 -19.8 -23.0 -10.4  -2.3   2.9   8.4   8.0   4.4  -3.7 -13.7 -16.8   506   506   506   506   506   506   506   506   506   506   506   506 
1989 -24.9  -4.9 -11.3  -7.0  -2.9   3.0   8.4   8.8   6.1  -1.6 -10.7 -15.0   506   506   506   506   506   506   506   506   506   506   506   506 
1990 -22.1 -28.2 -17.7  -8.6   1.1   4.1   9.4  11.2   4.7  -0.8  -7.3 -17.3   506   506   506   506   506   506   506   506   506   506   506   506 
1991 -18.6 -20.5 -18.4 -10.7  -1.5   4.7   8.7   9.1   6.7   0.7  -7.4 -18.1   506   506   506   506   506   506   506   506   506   506   506   506 
1992 -18.5 -21.0 -23.1  -8.9  -4.7   4.6   8.1   7.6   1.2  -2.6  -9.7 -16.8   506   506   506   506   506   506   506   506   506   506   506   506 
1993 -19.0 -14.9 -18.5 -10.5  -1.4   4.0  11.1   7.6   3.2  -0.1  -7.5 -15.0   506   506   506   506   506   506   506   506   506   506   506   506 
1994 -19.7 -14.5 -22.6 -15.0  -3.6   3.6   7.5   6.5   4.1  -4.1 -14.3 -19.5   506   506   506   506   506   506   506   506   506   506   506   506 
1995 -19.1 -18.6 -18.3 -11.9  -0.9   0.9   4.9   7.4 -99.0 -99.0 -99.0 -99.0   506   506   506   506   506   506   506   506   -99   -99   -99   -99 
