Number= 852233
Name= INDEPENDENCIA
Country= BOLIVIA
Lat=  -17.1
Long=   65.9
Height= 2788
Start year= 1973
End year= 2005
First Good year= 1973
Source ID= 59
Source file= Jones
Jones data to= 2005
Normals source start year= 1973
Normals source end year= 1990
Normals= -99.0 -99.0 -99.0 -99.0 -99.0 -99.0 -99.0 -99.0 -99.0 -99.0 -99.0 -99.0 
Standard deviations source= Data
Standard deviations source start year= 1973
Standard deviations source end year= 1990
Obs:
1973 -99.0 -99.0 -99.0 -99.0 -99.0  11.2  11.3  11.4  11.5  13.5  16.0  15.4   -99   -99   -99   -99   -99   506   506   506   506   506   506   506 
1974  14.5  13.5  12.3  12.9  12.1  11.1  11.8  11.5  10.7  11.1  14.0  12.8   506   506   506   506   506   506   506   506   506   506   506   506 
1975  12.0  11.8  11.9  12.0  10.5   8.8   9.0  10.5  10.9  12.3  13.0  12.1   506   506   506   506   506   506   506   506   506   506   506   506 
1976  11.8  12.7  11.8  11.8  10.5   9.8   9.6  10.1  10.3  13.5 -99.0 -99.0   506   506   506   506   506   506   506   506   506   506   -99   -99 
1977 -99.0 -99.0 -99.0 -99.0 -99.0  11.4  12.1  12.8  12.6  15.2  15.2  14.6   -99   -99   -99   -99   -99   506   506   506   506   506   506   506 
1978  14.2  14.2  14.6  13.9  13.0  12.2  12.5  11.4   9.6  14.3  14.3  14.0   506   506   506   506   506   506   506   506   506   506   506   506 
1979  13.8  15.0  14.1  14.0  13.4  12.5  12.1  13.8  13.7  14.3  16.1  15.1   506   506   506   506   506   506   506   506   506   506   506   506 
1980  14.9  15.5  14.5  15.1  13.3  12.5  12.4  12.7  13.1  14.1  15.5  15.7   506   506   506   506   506   506   506   506   506   506   506   506 
1981  14.9  14.1  14.7  13.7  13.3  12.4  11.1  12.3  12.5  14.3  16.0  16.1   506   506   506   506   506   506   506   506   506   506   506   506 
1982  15.1  14.9  14.5  13.8  12.8  12.7  12.6  13.1  14.2  14.6  15.1  15.5   506   506   506   506   506   506   506   506   506   506   506   506 
1983  16.1  15.6  15.9  15.8  14.1  12.2  12.9  12.7  12.0  13.0  14.1  13.9   506   506   506   506   506   506   506   506   506   506   506   506 
1984  11.6  13.0  14.3  14.0  13.7  13.0  12.2 -99.0  14.0  14.9  14.2  13.9   506   506   506   506   506   506   506   -99   506   506   506   506 
1985  14.8  14.8  15.7  14.4  14.0  12.4  12.4 -99.0 -99.0 -99.0 -99.0 -99.0   506   506   506   506   506   506   506   -99   -99   -99   -99   -99 
1986 -99.0 -99.0 -99.0 -99.0 -99.0 -99.0 -99.0 -99.0 -99.0 -99.0  15.9 -99.0   -99   -99   -99   -99   -99   -99   -99   -99   -99   -99   506   -99 
1987 -99.0 -99.0 -99.0 -99.0 -99.0 -99.0 -99.0 -99.0 -99.0 -99.0 -99.0 -99.0   -99   -99   -99   -99   -99   -99   -99   -99   -99   -99   -99   -99 
1988 -99.0 -99.0 -99.0 -99.0 -99.0 -99.0 -99.0 -99.0 -99.0 -99.0 -99.0 -99.0   -99   -99   -99   -99   -99   -99   -99   -99   -99   -99   -99   -99 
1989 -99.0 -99.0 -99.0 -99.0 -99.0 -99.0 -99.0 -99.0 -99.0 -99.0 -99.0  13.8   -99   -99   -99   -99   -99   -99   -99   -99   -99   -99   -99   506 
1990  16.4  18.1  18.9  19.3  16.4  14.2  14.0  16.3  16.9  17.0  18.7  19.4   506   506   506   506   506   506   506   506   506   506   506   506 
1991  18.8  18.3  19.3  18.4 -99.0 -99.0 -99.0 -99.0  14.7  17.5  17.4  18.5   506   506   506   506   -99   -99   -99   -99   506   506   506   506 
1992  16.9  17.4  16.8  16.0  16.4  14.8  13.8  13.8  14.8  16.3  16.1  16.9   506   506   506   506   506   506   506   506   506   506   506   506 
1993  16.1  15.8  15.7  14.9  14.6  13.2  12.4  14.0  14.3  16.2  17.1  17.4   506   506   506   506   506   506   506   506   506   506   506   506 
1994  16.4  16.2 -99.0  16.6  18.8  13.8  13.8  14.2  15.4  16.4  16.8  16.9   506   506   -99   506   506   506   506   506   506   506   506   506 
1995  16.8  16.9  16.7  16.3  14.6  14.2  13.8  14.7  15.9  17.4  17.4  17.0   506   506   506   506   506   506   506   506   506   506   506   506 
1996  16.9  16.3  16.5  16.2  15.1  12.6  12.7  13.6  14.8  16.1  15.6  15.3   506   506   506   506   506   506   506   506   506   506   506   506 
1997  16.0  15.0  15.1  14.9  13.3  13.7  13.5  13.8  15.5  16.5  16.9  18.0   506   506   506   506   506   506   506   506   506   506   506   506 
1998  17.9  17.0  16.5  15.8  14.0  13.0  12.9 -99.0  15.0  15.5  15.9  16.7   506   506   506   506   506   506   506   -99   506   506   506   506 
1999  15.4  15.2  14.8  14.7  13.8  12.5  12.2  13.2  13.8  15.4  16.0  17.1   506   506   506   506   506   506   506   506   506   506   506   506 
2000  15.7  15.3  15.3  15.5  13.8  12.5  12.3  13.7  14.8  14.6  16.2  16.4   506   506   506   506   506   506   506   506   506   506   506   506 
2001  14.5  15.1  15.1  15.0  13.5  12.0  12.7  12.8  14.2  15.9  17.8  16.5   506   506   506   506   506   506   506   506   506   506   506   506 
2002  16.7  15.6  15.0  14.8  14.7  12.9  11.6  13.3  14.7  15.5  15.8  16.9   506   506   506   506   506   506   506   506   506   506   506   506 
2003  17.3  16.6  15.8  14.9  14.2  13.5  12.4  12.6  14.1  16.3  16.7  16.2   506   506   506   506   506   506   506   506   506   506   506   506 
2004  15.5  15.4  16.0  15.9  13.1  13.5  12.1  12.7  15.7  16.3  16.6  17.2   506   506   506   506   506   506   506   506   506   506   506   506 
2005  16.4  15.0 -99.0 -99.0 -99.0 -99.0 -99.0 -99.0 -99.0 -99.0 -99.0 -99.0   506   506   -99   -99   -99   -99   -99   -99   -99   -99   -99   -99 
