Number= 855850
Name= JUAN FERNANDEZ ESTAC
Country= CHILE
Lat=  -33.6
Long=   78.8
Height= 35
Start year= 1901
End year= 2020
First Good year= 1901
Source ID= 90
Source file= Jones
Jones data to= 2016
Normals source= Data
Normals source start year= 1961
Normals source end year= 1990
Normals=  18.5  18.6  17.9  16.6  15.4  13.7  12.7  12.4  12.4  13.4  14.9  17.0 
Standard deviations source= Data
Standard deviations source start year= 1941
Standard deviations source end year= 1990
Standard deviations=   0.8   0.8   0.6   0.6   0.8   0.7   0.6   0.6   0.7   0.5   0.7   0.8 
Obs:
1901  19.4  18.8  17.9  16.4  14.4  14.0  12.1  12.1  12.4  12.8  14.5  18.0   506   506   506   506   506   506   506   506   506   506   506   506 
1902  19.8  20.7  20.0  17.7  15.6  13.3  11.4  10.9  12.7  13.1  14.9  16.9   506   506   506   506   506   506   506   506   506   506   506   506 
1903  18.1  19.1  18.3  16.2  14.6  13.3  11.7  12.4  13.7  13.5  14.8  16.7   506   506   506   506   506   506   506   506   506   506   506   506 
1904  18.9  18.7  17.9  16.9  15.7  14.3  13.4  12.3  13.6  13.3  15.9  17.6   506   506   506   506   506   506   506   506   506   506   506   506 
1905  18.8  19.5  19.4  17.7  16.0 -99.0 -99.0 -99.0 -99.0 -99.0 -99.0 -99.0   506   506   506   506   506   -99   -99   -99   -99   -99   -99   -99 
1906  18.9  20.3  19.6  18.1  15.6  14.0  13.0  12.4  12.2  12.9  14.4  16.1   506   506   506   506   506   506   506   506   506   506   506   506 
1907  16.7  17.6  16.7  15.2  14.0  13.2  12.6 -99.0 -99.0 -99.0 -99.0 -99.0   506   506   506   506   506   506   506   -99   -99   -99   -99   -99 
1908 -99.0 -99.0 -99.0 -99.0 -99.0 -99.0 -99.0 -99.0 -99.0 -99.0 -99.0 -99.0   -99   -99   -99   -99   -99   -99   -99   -99   -99   -99   -99   -99 
1909 -99.0 -99.0 -99.0 -99.0 -99.0  13.2  12.1  11.7  12.1  13.4  13.6  15.8   -99   -99   -99   -99   -99   506   506   506   506   506   506   506 
1910  18.3  18.3  17.6  16.4  16.0  14.3 -99.0 -99.0  11.8  13.9  15.8  18.1   506   506   506   506   506   506   -99   -99   506   506   506   506 
1911  17.7  18.6  17.9  17.2  16.1  13.6  13.2  12.2  12.4  13.5  16.1  18.1   506   506   506   506   506   506   506   506   506   506   506   506 
1912  19.2  19.4  19.5  17.1  14.6  14.2  12.8  12.9  13.0  14.4  15.2  18.0   506   506   506   506   506   506   506   506   506   506   506   506 
1913  19.2  20.0  18.4  17.2  15.6  15.1  14.1  13.3  13.0  13.3  15.2  17.5   506   506   506   506   506   506   506   506   506   506   506   506 
1914  18.9  19.1  18.4  16.3  15.4  14.3  14.0  12.8  12.6  13.7  15.0  16.2   506   506   506   506   506   506   506   506   506   506   506   506 
1915  17.0  17.7  17.7  17.1  14.5  13.1  13.4  12.2  12.0  13.4  15.7  16.9   506   506   506   506   506   506   506   506   506   506   506   506 
1916  18.6  17.9  17.4  17.0  15.6  12.6  11.9  12.3  11.7  13.9  15.0  15.5   506   506   506   506   506   506   506   506   506   506   506   506 
1917  17.0  19.6  18.4  16.8  15.8  14.6  13.0  13.5  12.8  14.2  15.5  17.6   506   506   506   506   506   506   506   506   506   506   506   506 
1918  18.6  18.8  18.8  17.5  15.6  13.4  13.7  13.3  12.2  12.9  14.3  18.0   506   506   506   506   506   506   506   506   506   506   506   506 
1919  20.3  19.2  18.9  17.3  17.6  13.4  13.0  12.6  12.0  13.2  14.7  17.5   506   506   506   506   506   506   506   506   506   506   506   506 
1920  18.6  18.2  19.6  16.8  15.9  14.1  13.1  13.2  13.0  13.0  15.8  16.8   506   506   506   506   506   506   506   506   506   506   506   506 
1921  18.9  19.1  18.5  17.7  16.5  12.9  13.0  12.6  12.3  13.6  14.0  16.2   506   506   506   506   506   506   506   506   506   506   506   506 
1922  18.4  19.2  18.9  17.1  15.8  13.6  14.0  13.1  12.8  13.0  14.1  17.4   506   506   506   506   506   506   506   506   506   506   506   506 
1923  18.1  18.4  18.9  16.9  13.6  13.5  12.1  12.3  12.0  12.7  14.8  16.1   506   506   506   506   506   506   506   506   506   506   506   506 
1924  18.1  19.1  18.5  17.1  14.7  13.9  13.9  12.5  13.1  14.6  14.5  16.9   506   506   506   506   506   506   506   506   506   506   506   506 
1925  19.2  18.9  18.9  16.5  14.2  14.1  12.1  12.1  13.3  12.9  15.7  18.2   506   506   506   506   506   506   506   506   506   506   506   506 
1926  19.2  19.7  19.5  17.6  15.9  14.1  13.8  12.2  12.1  14.0  15.2  17.0   506   506   506   506   506   506   506   506   506   506   506   506 
1927  18.7  20.3  19.0  17.4  16.0  13.5  12.4  12.3  12.7  12.7  14.5  16.0   506   506   506   506   506   506   506   506   506   506   506   506 
1928  17.3  18.2  17.3  15.7  14.9  12.8  12.9  11.4  11.3  12.5  15.1  15.9   506   506   506   506   506   506   506   506   506   506   506   506 
1929  17.7  18.7  17.4  17.6  15.1  13.9  13.7  12.5  13.3  12.8  14.8  15.7   506   506   506   506   506   506   506   506   506   506   506   506 
1930  17.9  18.7  19.4  18.2  16.2  15.4  14.5  12.6  14.0  14.0  16.0  17.4   506   506   506   506   506   506   506   506   506   506   506   506 
1931  18.6  19.6  19.0  17.2  14.8  14.6  12.4  12.2  12.2  14.4  14.4  18.7   506   506   506   506   506   506   506   506   506   506   506   506 
1932  18.7  19.2  18.4  16.4  14.6  14.8  13.6  11.8  12.1  13.4  14.4  16.1   506   506   506   506   506   506   506   506   506   506   506   506 
1933  18.2  18.8  17.3  16.0  14.4  14.0  11.7  12.6  12.5  13.6  14.9  17.4   506   506   506   506   506   506   506   506   506   506   506   506 
1934  19.3  18.5  18.1  16.2  14.9  13.5  11.1  10.7  12.7  12.3  13.7  15.6   506   506   506   506   506   506   506   506   506   506   506   506 
1935  19.0  19.0  18.4  17.0  16.0  13.5  11.8  12.4  11.8  11.7  15.6  16.3   506   506   506   506   506   506   506   506   506   506   506   506 
1936  17.3  17.9  18.1  17.6  14.9  12.6  13.0  11.7  12.3  12.6  14.7  17.9   506   506   506   506   506   506   506   506   506   506   506   506 
1937  16.9  18.6  16.9  15.8  14.7  13.2  12.6  12.4  11.4  12.8  14.9  16.0   506   506   506   506   506   506   506   506   506   506   506   506 
1938  16.7  17.7  17.7  15.6  14.7  12.5  12.5  11.5  12.4  14.0  16.0  17.9   506   506   506   506   506   506   506   506   506   506   506   506 
1939  19.9  18.9  18.5  16.6  16.2  14.4  13.7  13.2  13.0  13.7  14.7  16.7   506   506   506   506   506   506   506   506   506   506   506   506 
1940  19.3  19.6  18.4  17.5  15.8  13.6  13.0  11.7  12.2  13.8  14.5  15.8   506   506   506   506   506   506   506   506   506   506   506   506 
1941  17.7  18.8  18.6  16.3  13.5  13.3  12.3  11.8 -99.0  13.7  14.7  17.8   506   506   506   506   506   506   506   506   -99   506   506   506 
1942  19.6  19.2  18.1  16.7  15.1  13.6  12.7  11.5  12.0  13.1  15.8  17.5   506   506   506   506   506   506   506   506   506   506   506   506 
1943  18.7  19.9  18.2  16.9  15.3  13.2  12.5  11.4  12.1  13.4  14.4  16.9   506   506   506   506   506   506   506   506   506   506   506   506 
1944  18.3  19.3  18.6  17.3  14.8  14.0  12.9  11.7  12.3  13.3  15.9  18.5   506   506   506   506   506   506   506   506   506   506   506   506 
1945  19.7  19.8  19.5  18.2  17.2  15.0  13.0  12.8  12.8  14.3  15.6  17.0   506   506   506   506   506   506   506   506   506   506   506   506 
1946  17.8  18.5  18.2  16.7  14.7  14.2  14.0  13.3  14.7  14.2  16.7  17.4   506   506   506   506   506   506   506   506   506   506   506   506 
1947  19.1  18.3  18.8  16.5  15.7  15.1  13.0  12.6  12.2  13.3  15.1  16.9   506   506   506   506   506   506   506   506   506   506   506   506 
1948  19.8  18.7  18.0  16.5  15.1  13.1  13.0  12.0  15.3  13.1  14.7  18.4   506   506   506   506   506   506   506   506   506   506   506   506 
1949  18.8  19.5  18.1  17.4  16.4  13.4  12.1  11.5  11.8  13.0  14.9  17.5   506   506   506   506   506   506   506   506   506   506   506   506 
1950  18.2  20.4  19.1  15.7  14.3  13.2 -99.0 -99.0 -99.0 -99.0 -99.0  17.3   506   506   506   506   506   506   -99   -99   -99   -99   -99   506 
1951 -99.0 -99.0 -99.0 -99.0 -99.0 -99.0 -99.0 -99.0 -99.0 -99.0 -99.0 -99.0   -99   -99   -99   -99   -99   -99   -99   -99   -99   -99   -99   -99 
1952 -99.0 -99.0 -99.0 -99.0 -99.0 -99.0 -99.0 -99.0 -99.0 -99.0 -99.0 -99.0   -99   -99   -99   -99   -99   -99   -99   -99   -99   -99   -99   -99 
1953  19.4  20.0  18.5  16.7  15.8  13.5  12.7  13.0  13.5  12.7 -99.0  17.7   506   506   506   506   506   506   506   506   506   506   -99   506 
1954  18.0  19.0  18.7  16.7  14.4  13.9  12.4  12.6  11.7  13.0  16.4  18.8   506   506   506   506   506   506   506   506   506   506   506   506 
1955  20.3  19.0  17.8  16.3  14.1  14.5  12.2  11.7  12.4  13.2  15.9  18.6   506   506   506   506   506   506   506   506   506   506   506   506 
1956  17.5  18.1  17.4  15.7  14.5  13.1  13.1  12.3  12.0  13.7  16.1  16.5   506   506   506   506   506   506   506   506   506   506   506   506 
1957  19.1  18.6  18.7  16.7  15.7  13.6  12.1  12.4  12.3  12.5  15.3  17.8   506   506   506   506   506   506   506   506   506   506   506   506 
1958  19.2  18.7  17.9  16.3  14.8  14.3  14.0  11.9  11.5  13.2  15.5  16.7   506   506   506   506   506   506   506   506   506   506   506   506 
1959  17.9  17.6  18.1  16.8  15.1  12.5  13.6  11.9  12.3  12.9  14.3  17.5   506   506   506   506   506   506   506   506   506   506   506   506 
1960  20.3  20.4  19.1  16.9  15.9  15.2  12.6  12.5  12.7  13.4  15.1  17.5   506   506   506   506   506   506   506   506   506   506   506   506 
1961  18.6  19.2  17.8  16.4  15.8  13.3  13.3  13.3  12.3  13.8  14.9  16.5   506   506   506   506   506   506   506   506   506   506   506   506 
1962  17.8  18.2  19.2  16.1  15.1  14.1  12.3  13.1  12.2  13.4  15.5  18.2   506   506   506   506   506   506   506   506   506   506   506   506 
1963  18.5  18.7  17.9  17.5  15.3  13.7  12.8  12.9  12.0  12.6  14.0  16.6   506   506   506   506   506   506   506   506   506   506   506   506 
1964  19.0  19.0  17.6  16.0  15.2  12.7  12.7  12.5  12.4  14.0  16.3  17.8   506   506   506   506   506   506   506   506   506   506   506   506 
1965 -99.0 -99.0 -99.0 -99.0 -99.0 -99.0 -99.0 -99.0 -99.0  13.0  15.1  16.2   -99   -99   -99   -99   -99   -99   -99   -99   -99   506   506   506 
1966  17.3  17.0  17.0  15.8  15.1  13.2  12.8  11.5  11.6  12.7  14.5  16.0   506   506   506   506   506   506   506   506   506   506   506   506 
1967  18.5  18.2  17.5  17.0  15.4  12.4  11.8  11.5  11.5  13.3  15.1  17.6   506   506   506   506   506   506   506   506   506   506   506   506 
1968  18.7  19.7  17.3  15.9  15.4  12.9  12.7  12.7  13.3  13.2  15.5  17.1   506   506   506   506   506   506   506   506   506   506   506   506 
1969  18.1  18.1  17.4  16.6  15.3  13.5  12.7  12.6  13.0  12.6  14.6 -99.0   506   506   506   506   506   506   506   506   506   506   506   -99 
1970 -99.0  18.9  18.6  17.9  15.9  13.7  12.8  11.3  12.7  12.9  14.7  16.6   -99   506   506   506   506   506   506   506   506   506   506   506 
1971  17.4  17.2  16.6  15.4  14.9  13.1  12.8  11.7  12.3  14.1  16.9  17.3   506   506   506   506   506   506   506   506   506   506   506   506 
1972  19.9  19.7  17.9  16.6  16.6  14.3  12.6  12.8  12.0  13.0  14.2  18.0   506   506   506   506   506   506   506   506   506   506   506   506 
1973  18.6  18.0  17.7  15.7  15.2  13.5  12.0  12.4  11.9  12.8  14.1  15.8   506   506   506   506   506   506   506   506   506   506   506   506 
1974  17.8  17.3  17.7  16.3  15.3  13.4  12.3  12.0  11.8  13.3  14.3  15.9   506   506   506   506   506   506   506   506   506   506   506   506 
1975  17.5  18.0  17.0  16.9  14.5  13.9  12.7  11.9  12.2  13.2  14.7  16.3   506   506   506   506   506   506   506   506   506   506   506   506 
1976  17.9  18.4  16.9  15.8  15.1  13.9  12.4  11.8  12.2  13.3  15.1  17.8   506   506   506   506   506   506   506   506   506   506   506   506 
1977  19.3  18.9  18.4  17.6  16.9  15.0  12.1  12.6  13.3  14.1  15.6  16.7   506   506   506   506   506   506   506   506   506   506   506   506 
1978  18.3  18.8  18.2  16.9  16.9  14.4  15.3  12.3  13.2  13.8 -99.0 -99.0   506   506   506   506   506   506   506   506   506   506   -99   -99 
1979  18.2  18.3  17.9  16.8  15.7  13.6  13.4  14.0  12.8  13.8  15.3  17.4   506   506   506   506   506   506   506   506   506   506   506   506 
1980  19.4  20.3  19.3  16.0  15.6  14.2  12.9  13.0  12.7  13.1  14.3  17.7   506   506   506   506   506   506   506   506   506   506   506   506 
1981  18.8  18.5  18.2  17.5  16.1  13.6  13.3  12.7  12.5  13.0  14.2  16.2   506   506   506   506   506   506   506   506   506   506   506   506 
1982  19.0  18.6  18.2  17.1  15.2  13.8  13.4  12.7  13.2  13.5  14.3  17.3   506   506   506   506   506   506   506   506   506   506   506   506 
1983  18.9  19.0  17.9  16.6  14.5  13.0  12.1  12.0  11.9  13.7  15.8  18.0   506   506   506   506   506   506   506   506   506   506   506   506 
1984  19.2  18.6  18.2  16.7  13.9  12.3  11.8  11.2  12.7  13.7  14.0  16.4   506   506   506   506   506   506   506   506   506   506   506   506 
1985  18.6  18.5  17.5  15.8  15.6  14.6  12.7  12.3  12.7  13.4  15.0  16.3   506   506   506   506   506   506   506   506   506   506   506   506 
1986  17.9  18.6  17.6  16.5  15.5  13.9  13.3  13.2  12.6  14.4  14.7  16.7   506   506   506   506   506   506   506   506   506   506   506   506 
1987  18.5  19.1  18.7  17.1  14.7  14.2  13.1  12.6  12.5  14.1  15.5  17.4   506   506   506   506   506   506   506   506   506   506   506   506 
1988  18.3  18.7  18.8  17.0  15.4  13.8  11.8  12.3  11.8  13.0  15.2  16.9   506   506   506   506   506   506   506   506   506   506   506   506 
1989  19.4  19.9  18.2  16.9  14.7  14.5  13.0  12.0  11.6  13.0  15.3  18.3   506   506   506   506   506   506   506   506   506   506   506   506 
1990  18.8  18.7  18.2  16.4  14.8  13.4  12.7  13.2  13.1  13.3  14.0  16.3   506   506   506   506   506   506   506   506   506   506   506   506 
1991  18.2  18.6  17.4  16.4  15.4  13.2  12.8  11.6  12.8  12.4  15.2  16.7   506   506   506   506   506   506   506   506   506   506   506   506 
1992  18.0  18.1  18.8  16.1  14.1  12.6  11.6  11.8  12.1  13.1  15.0  17.2   506   506   506   506   506   506   506   506   506   506   506   506 
1993  19.0  19.1  19.5  16.5  14.8  13.9  11.9  12.0  12.1  13.4  15.2  16.3   506   506   506   506   506   506   506   506   506   506   506   506 
1994  18.5  18.2  18.1  16.5  15.2  14.4  13.4  11.5  13.1  13.7  15.5  17.4   506   506   506   506   506   506   506   506   506   506   506   506 
1995  18.2  18.0  17.8  17.3  15.3  14.3  11.8  11.9  12.0  13.0  13.8  17.6   506   506   506   506   506   506   506   506   506   506   506   506 
1996  18.2  18.3  18.6  16.2  15.4  12.8  13.1  12.7  12.6  13.4  16.0  17.2   506   506   506   506   506   506   506   506   506   506   506   506 
1997  19.3  17.8  17.6  17.9  15.6  13.8  12.8  12.1  12.4  12.7  14.6  16.3   506   506   506   506   506   506   506   506   506   506   506   506 
1998  17.8  17.6  17.8  15.7  16.0  13.5  12.7  12.2  12.3  13.8  14.9  16.8   506   506   506   506   506   506   506   506   506   506   506   506 
1999  17.6  18.2  16.8  15.7  14.4  13.3  11.9  12.4  12.5  13.0  15.6  16.8   506   506   506   506   506   506   506   506   506   506   506   506 
2000  18.6  18.4  17.4  15.3  14.4  13.8  11.7  12.5  11.8  12.7  14.7  17.6   506   506   506   506   506   506   506   506   506   506   506   506 
2001  19.1  19.4  17.8  16.0  14.5  13.6  13.1  11.5  11.6  12.9  14.5  17.4   506   506   506   506   506   506   506   506   506   506   506   506 
2002  18.9  18.4  17.7  15.5  14.4  11.6  11.8  12.0  12.0  13.2  14.4  16.0   506   506   506   506   506   506   506   506   506   506   506   506 
2003  18.4  18.5  18.0  16.1  14.7  15.3  12.4  12.4  12.6  13.6  14.9  16.2   506   506   506   506   506   506   506   506   506   506   506   506 
2004  17.5  17.7  17.4  16.4  14.6  14.1  12.3  11.4  12.2  13.8  14.8  17.5   506   506   506   506   506   506   506   506   506   506   506   506 
2005  18.2  18.7  18.4  16.1  14.5  13.7  12.4  12.0  12.2  13.1  15.6  16.5   506   506   506   506   506   506   506   506   506   506   506   506 
2006  18.4  18.6  17.7  16.4  15.1  14.6  13.1  12.6  12.3  13.8  14.9  17.3   506   506   506   506   506   506   506   506   506   506   506   506 
2007  18.2  18.0  18.0  15.9  13.9  11.7  12.3  10.8  11.4  13.3  14.2  15.9   506   506   506   506   506   506   506   506   506   506   506   506 
2008  18.6  19.8  18.8  17.0  15.7  14.0  13.7  13.0  12.4  13.7  15.6  17.3   506   506   506   506   506   506   506   506   506   506   506   506 
2009  19.0  19.4  19.1  18.8  16.8  14.5  12.9  13.6  12.4  13.4  13.8  16.3   506   506   506   506   506   506   506   506   506   506   506   506 
2010  18.3  17.4  17.6  15.6  14.0  13.2  11.5  11.5  12.0  12.9  14.2  15.9   506   506   506   506   506   506   506   506   506   506   506   506 
2011  18.3  17.7  17.4  16.2  14.4  13.2  11.5  11.8  12.1  12.9  14.8  17.3   506   506   506   506   506   506   506   506   506   506   506   506 
2012  19.3  19.6  19.6  16.8  16.0  14.2  12.0  11.6  12.0  13.1  15.4  16.8   506   506   506   506   506   506   506   506   506   506   506   506 
2013  17.8  19.3  18.3  16.8  15.4  14.2  12.5  12.1  12.6  13.8  14.3  17.0   506   506   506   506   506   506   506   506   506   506   506   506 
2014  18.8  18.3  17.4  16.1  15.7  13.4  12.4  12.6  12.6  13.6  14.2  16.0   506   506   506   506   506   506   506   506   506   506   506   506 
2015  17.9  18.4  18.7  17.0  16.0  14.3  13.6  12.9  12.4  12.9  14.3 -99.0   506   506   506   506   506   506   506   506   506   506   506   -99 
2016  18.8  19.1 -99.0 -99.0 -99.0 -99.0  12.9  13.2  13.0  14.0  15.7  17.3   506   506   -99   -99   -99   -99   900   900   900   900   900   900 
2017  20.3  20.6  18.5  17.0  14.6  13.4  12.0  11.6  11.4  13.1  14.6  16.2   900   900   900   900   900   900   900   900   900   900   900   900 
2018  17.9  18.6  18.2  16.2  14.9  13.1  12.0  11.6  12.6  12.6  15.0  16.1   900   900   900   900   900   900   900   900   900   900   900   900 
2019  16.8  18.0  17.3  15.8  14.6  12.9  12.6  12.1  11.6  12.9  15.4  17.2   900   900   900   900   900   900   900   900   900   900   900   900 
2020  18.2  18.3  18.2  16.3  15.2  13.1  12.4  11.6  11.8  12.5  14.3  16.1   900   900   900   900   900   900   900   900   900   900   900   900 
