Number= 751180
Name= MT CARROLL
Country= USA
Lat=   42.1
Long=   90.0
Height= 195
Start year= 1887
End year= 2017
First Good year= 1887
Source ID= 64
Source file= Jones
Jones data to= 2017
Normals source= Data
Normals source start year= 1961
Normals source end year= 1990
Normals=  -8.5  -5.8   1.2   8.2  14.3  19.5  21.7  20.2  15.9   9.7   2.5  -5.4 
Standard deviations source= Data
Standard deviations source start year= 1941
Standard deviations source end year= 1990
Standard deviations=   3.2   2.8   2.7   1.8   1.9   1.4   1.2   1.4   1.4   2.0   1.8   2.9 
Obs:
1887 -99.0 -99.0 -99.0 -99.0  20.2  23.9  27.1 -99.0  17.8   8.3   2.1  -5.0   -99   -99   -99   -99   506   506   506   -99   506   506   506   506 
1888 -13.6  -7.8  -2.6  10.0  13.3  21.4  24.8  21.7  16.7  10.3   4.7 -99.0   506   506   506   506   506   506   506   506   506   506   506   -99 
1889  -3.3  -6.7   5.6  11.0  15.7  18.2  23.2  19.9  15.1   7.1   2.4   3.4   506   506   506   506   506   506   506   506   506   506   506   506 
1890  -5.0  -1.2  -3.9 -99.0  14.3  21.8  22.4  19.3  14.1   9.1   2.6  -3.9   506   506   506   -99   506   506   506   506   506   506   506   506 
1891  -4.6  -5.0  -1.9   9.1  13.3  19.9  19.5  22.1  18.9   9.9  -1.5  -0.8   506   506   506   506   506   506   506   506   506   506   506   506 
1892 -99.0 -99.0 -99.0 -99.0 -99.0 -99.0 -99.0 -99.0 -99.0 -99.0 -99.0 -99.0   -99   -99   -99   -99   -99   -99   -99   -99   -99   -99   -99   -99 
1893 -14.8 -10.2  -1.0   6.4  11.8  20.1  22.5  19.8  16.2   9.5  -0.5  -6.7   506   506   506   506   506   506   506   506   506   506   506   506 
1894  -6.3  -8.1   4.1   9.2  13.9  21.3  22.3  21.1  17.0   9.0  -1.5  -2.7   506   506   506   506   506   506   506   506   506   506   506   506 
1895 -12.0 -12.2  -0.2   9.3  14.8  20.9  21.2  21.2  18.3   5.3  -0.6  -4.2   506   506   506   506   506   506   506   506   506   506   506   506 
1896  -5.8  -5.6  -1.8  11.6  18.2  19.5  21.4  20.6  13.5   6.5  -0.5  -2.6   506   506   506   506   506   506   506   506   506   506   506   506 
1897  -8.6  -4.7  -0.7   7.7  13.0  18.5  23.0  19.1  19.2  11.9   0.5  -7.8   506   506   506   506   506   506   506   506   506   506   506   506 
1898  -6.0  -5.9   2.4   7.0  14.0  20.2  22.0  20.1  16.7   7.2  -0.3  -7.9   506   506   506   506   506   506   506   506   506   506   506   506 
1899  -7.6 -10.7  -3.4   9.3  14.6  20.1  21.4  21.6  15.4  12.3   4.6  -5.3   506   506   506   506   506   506   506   506   506   506   506   506 
1900  -4.3 -11.2  -2.0   8.3  15.4  19.3  21.2  23.7  16.1  13.3  -0.6  -4.1   506   506   506   506   506   506   506   506   506   506   506   506 
1901  -6.1 -11.7   0.0   7.7  14.3  21.4  26.2  21.2  16.0  10.2   0.0  -6.8   506   506   506   506   506   506   506   506   506   506   506   506 
1902  -6.5 -10.4   2.5   6.9  16.1  17.2  21.5  18.9  13.6   9.7   5.4  -6.5   506   506   506   506   506   506   506   506   506   506   506   506 
1903  -6.8  -6.9   3.9   8.1  16.1  15.7  20.7  19.1  14.7   8.9  -0.3  -8.8   506   506   506   506   506   506   506   506   506   506   506   506 
1904 -11.5 -11.0   0.3   5.6  14.1  19.3  21.3  18.7  16.5  10.4   3.2  -6.6   506   506   506   506   506   506   506   506   506   506   506   506 
1905 -11.8 -11.6   3.0   7.6  13.3  19.2  19.9  21.1  17.1   8.4   1.1  -4.6   506   506   506   506   506   506   506   506   506   506   506   506 
1906  -5.0  -6.4  -3.3   9.6  14.5  18.3  20.9  22.2  19.1   9.1   0.8  -3.8   506   506   506   506   506   506   506   506   506   506   506   506 
1907  -6.9  -5.7   4.4   4.2  10.4  17.6  21.6  19.8  15.1   7.8   0.6  -3.1   506   506   506   506   506   506   506   506   506   506   506   506 
1908  -5.9  -6.1   1.9   8.2  13.9  18.0  21.3  19.5  18.5   9.4   1.9  -4.8   506   506   506   506   506   506   506   506   506   506   506   506 
1909  -6.4  -3.7  -0.2   5.5  12.7  18.7  20.4  22.6  15.6   7.3   5.6 -10.5   506   506   506   506   506   506   506   506   506   506   506   506 
1910  -9.4  -9.2   6.6   9.6  11.2  18.5  23.5  21.6  16.1  11.3  -1.7  -7.5   506   506   506   506   506   506   506   506   506   506   506   506 
1911  -7.2  -3.5   2.3   6.5  17.4  21.2  22.5  20.4  16.9   8.1  -2.0  -2.3   506   506   506   506   506   506   506   506   506   506   506   506 
1912 -16.9 -10.0  -5.9   8.3  15.6  17.9  21.9  19.7  16.6   9.6   2.4  -2.1   506   506   506   506   506   506   506   506   506   506   506   506 
1913  -5.9  -7.7  -1.7   8.6  13.4  19.8  22.7  21.7  16.1   8.6   5.0  -0.9   506   506   506   506   506   506   506   506   506   506   506   506 
1914  -3.2 -10.7   0.0   8.5  15.1  19.9  22.6  21.1  16.6  11.8   3.2  -9.1   506   506   506   506   506   506   506   506   506   506   506   506 
1915 -10.4  -1.9  -1.4  12.7  11.5  17.0  19.3  16.9  16.4  10.3   3.3  -5.3   506   506   506   506   506   506   506   506   506   506   506   506 
1916  -6.2  -8.6  -0.9   7.6  13.7  15.9  24.4  22.0  15.1   9.4   2.1  -7.7   506   506   506   506   506   506   506   506   506   506   506   506 
1917  -9.2 -10.7   0.7   6.5  10.3  17.0  21.5  18.6  13.9   3.4   2.6  -9.8   506   506   506   506   506   506   506   506   506   506   506   506 
1918 -14.8  -5.6   3.8   5.3  16.2  18.9  20.3  22.2  12.0  10.9   3.0  -0.6   506   506   506   506   506   506   506   506   506   506   506   506 
1919  -5.4  -4.0   1.6   8.1  12.8  22.0  24.1  19.4  17.4  10.1  -0.2 -10.4   506   506   506   506   506   506   506   506   506   506   506   506 
1920 -11.1  -6.7   1.8   4.9  12.8  19.8  20.4  19.4  17.4  12.8   0.5  -3.9   506   506   506   506   506   506   506   506   506   506   506   506 
1921  -3.4  -2.5   5.1  10.4  15.3  22.2  24.5  20.1  17.7  10.1   0.1  -3.8   506   506   506   506   506   506   506   506   506   506   506   506 
1922  -7.7  -4.9   1.7   7.9  16.5  20.1  20.3  20.8  17.2  11.5   4.1  -4.8   506   506   506   506   506   506   506   506   506   506   506   506 
1923  -4.3  -8.3  -2.8   6.7  13.2  20.6  22.1  19.7  16.1   7.5   2.7   0.7   506   506   506   506   506   506   506   506   506   506   506   506 
1924 -11.1  -5.0  -0.8   8.5  10.3  17.1  19.0  19.5  12.4  11.6   2.4  -9.1   506   506   506   506   506   506   506   506   506   506   506   506 
1925  -7.8  -3.3   2.5  10.8  11.5  19.8  20.6  20.2  18.6   3.7   0.7  -8.2   506   506   506   506   506   506   506   506   506   506   506   506 
1926  -6.1  -2.5  -2.9   4.9  15.0  16.7  21.2  20.8  15.5   8.4  -0.8  -6.5   506   506   506   506   506   506   506   506   506   506   506   506 
1927  -7.8  -1.7   3.4   7.6  12.2  17.1  20.5  17.2  17.7  11.2   3.0  -6.5   506   506   506   506   506   506   506   506   506   506   506   506 
1928  -5.8  -2.8   1.6   5.7  14.6  16.8  21.4  20.9  13.6  10.8   2.8  -2.9   506   506   506   506   506   506   506   506   506   506   506   506 
1929 -12.7 -10.9   3.5   9.2  12.3  17.6  21.5  19.4  15.3   8.7  -0.6  -4.8   506   506   506   506   506   506   506   506   506   506   506   506 
1930 -12.3  -0.2   1.1   9.0  13.9  18.8  22.5  21.2  16.6   7.8   1.9  -5.1   506   506   506   506   506   506   506   506   506   506   506   506 
1931  -3.7  -1.2  -1.0   7.9  11.1  21.8  23.4  20.6  19.1  10.8   5.0  -1.1   506   506   506   506   506   506   506   506   506   506   506   506 
1932  -3.8  -2.0  -3.9   6.7  14.5  20.5  22.3  20.6  13.4   8.3  -1.0  -5.8   506   506   506   506   506   506   506   506   506   506   506   506 
1933  -0.8  -7.0   0.3   7.1  14.2  23.0  21.9  19.5  18.6   7.8   0.9  -4.1   506   506   506   506   506   506   506   506   506   506   506   506 
1934  -3.3  -7.4  -0.7   8.0  17.8  23.5  23.8  19.8  15.1  11.4   4.6  -7.0   506   506   506   506   506   506   506   506   506   506   506   506 
1935  -7.7  -3.9   3.3   6.8  10.9  17.2  24.0  20.9  16.1   9.6   0.6  -6.8   506   506   506   506   506   506   506   506   506   506   506   506 
1936 -11.8 -14.8   2.5   5.5  16.3  18.4  24.8  22.9  17.0   8.7  -0.2  -2.8   506   506   506   506   506   506   506   506   506   506   506   506 
1937  -8.0  -6.9  -1.1   6.7  14.3  18.5  21.8  22.5  15.3   8.0  -0.4  -6.9   506   506   506   506   506   506   506   506   506   506   506   506 
1938  -7.4  -1.7   4.9   8.6  13.6  18.4  22.2  22.0  16.6  11.9   2.9  -4.6   506   506   506   506   506   506   506   506   506   506   506   506 
1939  -3.5  -6.5   1.2   6.3  16.4  20.4  22.0  19.7  18.2  10.0   1.9  -1.2   506   506   506   506   506   506   506   506   506   506   506   506 
1940 -12.9  -5.4  -2.4   6.8  12.2  20.0  22.6  20.2  15.7  11.4  -0.3  -3.3   506   506   506   506   506   506   506   506   506   506   506   506 
1941  -5.3  -6.9  -2.1  10.5  16.5  19.5  21.7  21.2  17.6  10.4   3.3  -1.0   506   506   506   506   506   506   506   506   506   506   506   506 
1942  -7.7  -6.3   2.8  10.6  13.3  19.4  21.7  20.0  14.7   9.5   2.4  -8.0   506   506   506   506   506   506   506   506   506   506   506   506 
1943  -9.1  -5.5  -1.9   6.8  12.3  21.1  22.2  21.3  13.5   8.7  -0.9  -4.5   506   506   506   506   506   506   506   506   506   506   506   506 
1944  -3.3  -4.8  -1.9   5.8  16.5  20.7  20.6  20.9  17.0   9.6   3.3  -8.5   506   506   506   506   506   506   506   506   506   506   506   506 
1945  -9.7  -5.0   7.2   8.5  10.9  17.3  20.3  20.2  15.5   8.6   1.2  -8.5   506   506   506   506   506   506   506   506   506   506   506   506 
1946  -5.0  -4.3   6.5   9.9  12.2  19.2  21.3  18.6  15.9  11.6   2.4  -2.2   506   506   506   506   506   506   506   506   506   506   506   506 
1947  -5.0  -9.5  -1.8   7.1  10.9  17.4  20.0  24.6  17.4  14.3  -1.5  -3.5   506   506   506   506   506   506   506   506   506   506   506   506 
1948 -10.3  -6.3  -0.1  10.6  11.8  18.5  22.3  21.3  17.8   8.0   2.9  -4.3   506   506   506   506   506   506   506   506   506   506   506   506 
1949  -6.8  -6.2   0.9   7.6  14.9  21.0  23.2  20.8  12.7  11.3   2.8  -3.0   506   506   506   506   506   506   506   506   506   506   506   506 
1950  -5.2  -6.3  -1.9   4.4  14.3  18.8  19.3  18.3  15.2  12.1  -1.0  -9.5   506   506   506   506   506   506   506   506   506   506   506   506 
1951  -9.0  -5.6  -1.4   6.3  15.1  17.5  20.3  19.1  14.4  10.4  -2.3  -6.6   506   506   506   506   506   506   506   506   506   506   506   506 
1952  -6.5  -2.2  -1.1   8.6  13.6  21.7  22.9  19.5  15.8   6.5   2.9  -3.1   506   506   506   506   506   506   506   506   506   506   506   506 
1953  -5.3  -3.2   1.2   6.0  14.2  21.2  22.0  20.9  15.8  11.9   3.8  -3.3   506   506   506   506   506   506   506   506   506   506   506   506 
1954  -6.8   0.8  -0.6  10.3  11.4  21.4  22.1  19.7  17.2   9.6   2.7  -3.8   506   506   506   506   506   506   506   506   506   506   506   506 
1955  -7.1  -6.0   0.2  11.6  15.3  17.3  24.2  22.2  16.4  10.3  -0.5  -7.0   506   506   506   506   506   506   506   506   506   506   506   506 
1956  -6.0  -4.7  -0.2   6.9  14.2  20.6  20.3  20.1  14.6  12.7   2.1  -3.2   506   506   506   506   506   506   506   506   506   506   506   506 
1957 -10.4  -2.1   0.6   8.7  13.0  19.1  21.9  19.8  14.1   7.9   1.6  -1.9   506   506   506   506   506   506   506   506   506   506   506   506 
1958  -7.4  -9.6   0.3   8.3  14.3  16.4  19.1  20.0  15.7  11.0   3.2  -8.5   506   506   506   506   506   506   506   506   506   506   506   506 
1959 -11.3  -7.3   0.3   7.9  16.5  19.7  20.2  22.9  17.4   7.8  -2.4  -0.9   506   506   506   506   506   506   506   506   506   506   506   506 
1960  -5.8  -6.8  -6.8   9.6  13.1  18.2  20.3  21.0  17.5   9.4   3.0  -6.2   506   506   506   506   506   506   506   506   506   506   506   506 
1961  -7.6  -1.6   1.8   5.1  12.2  18.8  20.3  20.3  16.4  10.6   1.7  -6.9   506   506   506   506   506   506   506   506   506   506   506   506 
1962 -10.5  -6.8  -1.4   7.6  17.5  19.1  19.6  20.1  14.1  11.3   2.0  -6.4   506   506   506   506   506   506   506   506   506   506   506   506 
1963 -14.0  -9.4   3.0   9.8  13.6  20.6  21.5  19.3  16.1  15.2   4.4 -11.4   506   506   506   506   506   506   506   506   506   506   506   506 
1964  -4.0  -4.7  -0.6   8.8  16.6  19.7  22.1  18.9  15.9   8.3   4.2  -6.6   506   506   506   506   506   506   506   506   506   506   506   506 
1965  -7.9  -6.7  -3.9   7.3  16.9  19.1  21.6  20.0  15.7  10.1   3.0  -0.6   506   506   506   506   506   506   506   506   506   506   506   506 
1966 -11.0  -5.5   2.8   6.9  11.6  19.8  22.7  19.1  15.1   9.3   3.4  -4.7   506   506   506   506   506   506   506   506   506   506   506   506 
1967  -5.1  -8.5   1.6   8.7  11.8  20.5  19.9  17.8  14.6   9.4   0.3  -3.5   506   506   506   506   506   506   506   506   506   506   506   506 
1968  -7.5  -6.6   4.4   9.1  12.8  20.3  21.0  21.1  15.7  10.6   1.8  -5.4   506   506   506   506   506   506   506   506   506   506   506   506 
1969  -9.7  -4.0  -1.3   9.1  14.5  17.1  21.6  20.8  16.0   8.7   1.0  -5.9   506   506   506   506   506   506   506   506   506   506   506   506 
1970 -12.6  -6.3  -0.6   9.0  15.8  19.7  22.1  21.0  16.6  10.8   1.6  -4.1   506   506   506   506   506   506   506   506   506   506   506   506 
1971 -10.7  -5.9  -0.5   8.1  12.9  22.2  19.8  19.6  18.1  14.4   2.4  -2.1   506   506   506   506   506   506   506   506   506   506   506   506 
1972  -9.2  -8.0  -0.1   6.3  15.7  18.5  20.9  20.9  16.8   7.9   0.8  -6.5   506   506   506   506   506   506   506   506   506   506   506   506 
1973  -4.4  -3.7   6.0   8.0  12.7  20.4  22.3  21.4  16.3  12.4   2.4  -5.9   506   506   506   506   506   506   506   506   506   506   506   506 
1974  -8.0  -6.0   1.9   9.9  11.8  17.7  23.0  19.2  13.3   9.6   2.2  -4.1   506   506   506   506   506   506   506   506   506   506   506   506 
1975  -6.0  -5.6  -3.4   5.0  16.0  19.9  21.2  21.3  12.9  10.2   5.1  -3.0   506   506   506   506   506   506   506   506   506   506   506   506 
1976  -8.9  -1.1   3.1   9.0  12.3  19.2  21.9  19.3  14.9   6.3  -2.3  -9.7   506   506   506   506   506   506   506   506   506   506   506   506 
1977 -15.5  -5.4   4.9  11.6  18.5  19.1  22.9  18.7  16.6   8.3   3.2  -7.0   506   506   506   506   506   506   506   506   506   506   506   506 
1978 -11.9 -11.3  -1.9   8.7  14.3  19.7  21.4  20.5  19.0   8.5   2.6  -6.8   506   506   506   506   506   506   506   506   506   506   506   506 
1979 -15.2 -11.8   0.5   6.7  14.4  19.9  21.2  20.6  16.4   9.7   2.5  -2.2   506   506   506   506   506   506   506   506   506   506   506   506 
1980  -6.5  -8.3  -1.3   7.8  14.9  18.6  22.8  22.0  16.5   7.5   2.2  -4.5   506   506   506   506   506   506   506   506   506   506   506   506 
1981  -6.2  -4.1   1.9  10.4  12.7  19.3  21.1  19.7  14.8   8.2   4.1  -4.5   506   506   506   506   506   506   506   506   506   506   506   506 
1982 -13.4  -7.4  -0.1   5.2  17.2  16.6  21.9  18.7  15.2  10.3   2.4   0.2   506   506   506   506   506   506   506   506   506   506   506   506 
1983  -4.1  -1.5   2.4   5.6  12.4  20.0  23.5  22.5  15.2  10.7   4.2 -11.6   506   506   506   506   506   506   506   506   506   506   506   506 
1984  -9.0  -0.4  -1.9   7.9  12.1  20.3  20.3  21.6  15.6  11.2   2.9  -2.3   506   506   506   506   506   506   506   506   506   506   506   506 
1985 -10.9  -8.3   3.4  11.1  15.9  17.9  21.1  18.8  17.0   9.7   0.6 -11.1   506   506   506   506   506   506   506   506   506   506   506   506 
1986  -7.4  -6.3   2.8   9.9  15.0  19.4  22.4  17.6  17.6   9.7   0.5  -2.5   506   506   506   506   506   506   506   506   506   506   506   506 
1987  -4.3   0.2   3.9   9.5  16.7  21.1  23.6  20.5  15.1   5.6   4.8  -2.2   506   506   506   506   506   506   506   506   506   506   506   506 
1988 -10.0  -6.5   2.1   8.1  15.9  21.4  23.4  23.6  17.5   6.7   3.4  -3.6   506   506   506   506   506   506   506   506   506   506   506   506 
1989  -2.0  -9.1   0.8   7.7  13.1  19.0  22.6  20.2  14.7  10.3   1.5 -10.3   506   506   506   506   506   506   506   506   506   506   506   506 
1990  -1.3  -2.5   4.2   8.3  12.4  19.7  21.3  20.8  17.6   8.5   5.2  -5.3   506   506   506   506   506   506   506   506   506   506   506   506 
1991  -9.3  -1.9   3.2  10.3  17.7  21.8  22.2  21.4  16.1   9.6  -0.5  -2.6   506   506   506   506   506   506   506   506   506   506   506   506 
1992  -3.9  -0.6   3.3   6.8  14.3  18.6  19.1  17.5  15.1   9.2   1.7  -4.0   506   506   506   506   506   506   506   506   506   506   506   506 
1993  -6.0  -5.2  -0.1   6.4  15.2  18.4  21.6  21.1  13.5   8.6   1.8  -3.5   506   506   506   506   506   506   506   506   506   506   506   506 
1994 -11.7  -8.0   2.3   8.8  14.4  20.8  20.6  18.8  16.9  11.2   4.4  -1.2   506   506   506   506   506   506   506   506   506   506   506   506 
1995  -7.2  -4.8   3.0   6.0  13.4  21.2  22.5  24.6  14.8  10.2  -1.3  -4.8   506   506   506   506   506   506   506   506   506   506   506   506 
1996  -8.0  -5.3  -1.6   6.6  12.3  19.8  20.3  20.6  15.8  10.2  -1.2  -5.0   506   506   506   506   506   506   506   506   506   506   506   506 
1997  -9.4  -2.6   3.0   6.4  11.7  20.3  22.0  19.6  17.1  10.0   1.5  -2.1   506   506   506   506   506   506   506   506   506   506   506   506 
1998  -3.3   2.3   2.7   8.9  17.8  19.6  21.9  21.7  18.3  10.3   5.2  -0.7   506   506   506   506   506   506   506   506   506   506   506   506 
1999  -8.5   0.7   1.2   9.4  15.7  20.1  23.8  19.3  14.5   8.9   5.9  -3.7   506   506   506   506   506   506   506   506   506   506   506   506 
2000  -6.2  -0.8   5.5   8.3  15.8  18.5  21.0  21.1  16.9  11.9   1.7 -11.2   506   506   506   506   506   506   506   506   506   506   506   506 
2001  -6.2  -5.0   0.3  11.2  16.1  19.0  22.4  21.6  15.3   9.6   8.0  -0.8   506   506   506   506   506   506   506   506   506   506   506   506 
2002  -2.1  -0.6  -0.2   8.6  12.6  20.4  23.3  21.2  18.0   8.6   1.3  -2.0   506   506   506   506   506   506   506   506   506   506   506   506 
2003  -7.4  -6.1   1.4   8.9  13.2  18.2  21.4  22.4  15.8   9.6   3.6  -1.3   506   506   506   506   506   506   506   506   506   506   506   506 
2004  -7.4  -3.9   5.1   9.7  15.4  18.7  20.6  18.3  17.4  10.2   4.7  -3.7   506   506   506   506   506   506   506   506   506   506   506   506 
2005  -6.1  -0.6   1.1  10.8  12.8  22.4  23.0  21.6  19.3  10.6   4.3  -6.9   506   506   506   506   506   506   506   506   506   506   506   506 
2006   0.3  -3.3   2.4  10.6  14.5  19.3  23.2  21.5  15.1   8.1   4.7  -1.2   506   506   506   506   506   506   506   506   506   506   506   506 
2007  -3.8  -9.3   4.6   7.3  17.5  20.1  21.2  22.4  18.1  13.1   2.6  -5.9   506   506   506   506   506   506   506   506   506   506   506   506 
2008  -7.2  -8.0  -0.4   8.2  12.7  19.8  21.3  19.9  16.9   8.9   3.4  -7.3   506   506   506   506   506   506   506   506   506   506   506   506 
2009 -11.0  -3.4   2.5   7.8  14.4  20.0  18.6  19.5  16.7   7.8   5.8  -4.7   506   506   506   506   506   506   506   506   506   506   506   506 
2010  -8.4  -5.1   4.3  12.4  15.6  21.1  23.4  22.7  16.7  10.8   3.8  -8.8   506   506   506   506   506   506   506   506   506   506   506   506 
2011  -8.4  -4.9   1.6   7.7  14.3  20.4  24.7  21.4  15.2  10.9   4.8  -0.7   506   506   506   506   506   506   506   506   506   506   506   506 
2012  -3.6  -1.0  10.9   9.5  17.5  20.6  25.5  20.7  15.8   8.8   3.2  -1.0   506   506   506   506   506   506   506   506   506   506   506   506 
2013  -5.3  -5.2  -2.2   6.8  15.7  19.6  21.1  20.8  17.8   9.6   1.2  -7.8   506   506   506   506   506   506   506   506   506   506   506   506 
2014 -11.8 -10.8  -2.3   7.9  15.0  20.6  19.5  21.3  16.3   9.3  -1.3  -1.8   506   506   506   506   506   506   506   506   506   506   506   506 
2015  -7.2 -11.6   0.6   9.8  15.5  19.8  20.9  19.9  19.7  11.4   4.9   1.7   506   506   506   506   506   506   506   506   506   506   506   506 
2016  -6.3  -2.5   5.0   8.5  14.8  21.1  22.3  22.3  19.6  13.2   7.3  -4.7   506   506   506   506   506   506   506   506   506   506   506   506 
2017  -2.4   2.2   3.3  11.6 -99.0 -99.0 -99.0 -99.0 -99.0 -99.0 -99.0 -99.0   506   506   506   506   -99   -99   -99   -99   -99   -99   -99   -99 
