Number= 753092
Name= DUPREE
Country= USA
Lat=   45.0
Long=  101.6
Height= 724
Start year= 1894
End year= 2017
First Good year= 1894
Source ID= 64
Source file= Jones
Jones data to= 2017
Normals source= Data
Normals source start year= 1961
Normals source end year= 1990
Normals=  -8.8  -5.8   0.0   7.6  14.1  19.7  23.8  22.4  16.1   9.5   0.2  -7.1 
Standard deviations source= Data
Standard deviations source start year= 1941
Standard deviations source end year= 1990
Standard deviations=   4.4   3.7   3.3   2.3   1.9   2.0   1.5   1.6   1.7   1.7   2.5   3.4 
Obs:
1894 -12.2 -99.0   0.1   9.2  16.4 -99.0 -99.0  24.8  17.7   8.8   1.0  -2.3   506   -99   506   506   506   -99   -99   506   506   506   506   506 
1895 -99.0  -9.7  -0.1  13.0  16.2  19.1  23.7  23.4  17.8   6.7  -1.9  -3.2   -99   506   506   506   506   506   506   506   506   506   506   506 
1896  -7.9  -3.6  -5.2   7.6  16.6  21.2  23.1  22.3  14.4   6.9 -10.3  -2.3   506   506   506   506   506   506   506   506   506   506   506   506 
1897  -9.5  -9.5  -6.8   7.7  15.1  20.0  25.4  21.0  21.8  10.2  -3.5  -7.1   506   506   506   506   506   506   506   506   506   506   506   506 
1898  -4.5  -4.3  -1.6   7.6  13.1  20.3  23.3  23.1  15.9   6.7  -3.0  -7.7   506   506   506   506   506   506   506   506   506   506   506   506 
1899  -7.5 -13.0 -10.1   6.3  13.6  20.7  25.8  23.9  17.9  10.0   4.8  -5.4   506   506   506   506   506   506   506   506   506   506   506   506 
1900 -99.0 -99.0  -2.3  12.0  17.8 -99.0 -99.0 -99.0 -99.0 -99.0 -99.0  -2.3   -99   -99   506   506   506   -99   -99   -99   -99   -99   -99   506 
1901 -99.0 -99.0 -99.0 -99.0 -99.0 -99.0 -99.0 -99.0 -99.0 -99.0 -99.0 -99.0   -99   -99   -99   -99   -99   -99   -99   -99   -99   -99   -99   -99 
1902 -99.0 -99.0 -99.0 -99.0 -99.0 -99.0 -99.0 -99.0 -99.0 -99.0 -99.0 -99.0   -99   -99   -99   -99   -99   -99   -99   -99   -99   -99   -99   -99 
1903 -99.0 -99.0 -99.0 -99.0 -99.0 -99.0 -99.0 -99.0 -99.0 -99.0 -99.0  -6.3   -99   -99   -99   -99   -99   -99   -99   -99   -99   -99   -99   506 
1904  -9.9 -12.8  -1.8   6.5  14.8  19.1  22.0  22.6  17.0  12.3   4.8  -5.4   506   506   506   506   506   506   506   506   506   506   506   506 
1905 -11.4  -8.9   4.7   7.8  12.0  17.8  21.4  23.0 -99.0   7.5   2.7  -4.2   506   506   506   506   506   506   506   506   -99   506   506   506 
1906 -99.0 -99.0 -99.0 -99.0 -99.0 -99.0  23.4  21.7  19.0  10.2   0.6  -5.4   -99   -99   -99   -99   -99   -99   506   506   506   506   506   506 
1907 -99.0 -99.0 -99.0 -99.0 -99.0 -99.0 -99.0  22.0  14.2   9.5   1.3  -3.2   -99   -99   -99   -99   -99   -99   -99   506   506   506   506   506 
1908  -3.3  -6.9   0.3   8.9  12.2  16.7  23.2  20.4  19.1   8.2   1.3  -6.9   506   506   506   506   506   506   506   506   506   506   506   506 
1909 -11.4  -6.9  -0.9   4.1  11.8  19.2  22.7  24.2  17.2   9.0   0.8 -12.7   506   506   506   506   506   506   506   506   506   506   506   506 
1910  -9.5 -13.0   7.9  11.9  11.8  20.9  24.2  20.7  16.4  12.4  -0.9  -5.8   506   506   506   506   506   506   506   506   506   506   506   506 
1911  -8.9  -6.2   4.4   7.2  15.5  23.7  22.1  20.3  16.5   7.1  -6.1  -6.6   506   506   506   506   506   506   506   506   506   506   506   506 
1912 -14.9  -6.4  -6.1   9.3  14.5  19.6  22.8  21.0  12.6   9.5   3.1  -3.1   506   506   506   506   506   506   506   506   506   506   506   506 
1913  -9.3  -7.8  -4.5   9.5  12.5  21.9  23.0  23.8  17.3   6.7   3.3  -3.7   506   506   506   506   506   506   506   506   506   506   506   506 
1914  -4.2 -12.3  -1.1   7.1  13.4  19.5  25.2  21.1  18.1  10.7   3.0 -10.8   506   506   506   506   506   506   506   506   506   506   506   506 
1915 -10.7  -5.8  -6.6  11.5  10.3  15.9  19.1  19.1  14.7  10.5   1.9  -5.1   506   506   506   506   506   506   506   506   506   506   506   506 
1916 -17.5  -7.2   0.6   6.1  12.2  16.2  25.6  20.9  15.4   7.7   0.6 -12.2   506   506   506   506   506   506   506   506   506   506   506   506 
1917 -10.5 -13.9  -3.8   4.3  10.4  16.7  24.8  20.3  15.4   5.5   5.0 -11.3   506   506   506   506   506   506   506   506   506   506   506   506 
1918 -14.6  -8.0   4.7   5.9  13.7  20.4  22.1  22.3  14.2  10.6   0.1  -4.4   506   506   506   506   506   506   506   506   506   506   506   506 
1919  -2.3  -9.1  -3.0   7.3  14.0  21.8  25.1  22.8  18.0   3.5  -5.3  -8.8   506   506   506   506   506   506   506   506   506   506   506   506 
1920  -8.1  -4.7  -1.6   2.6  12.9  17.9  22.5  21.7  17.0  11.0  -1.4  -5.6   506   506   506   506   506   506   506   506   506   506   506   506 
1921  -4.3  -1.8   2.6   7.8  13.5  23.2  25.1  22.7  16.7  11.2  -3.1  -5.7   506   506   506   506   506   506   506   506   506   506   506   506 
1922 -12.1 -14.9  -0.2   9.3  14.8  19.7  20.6  23.1  18.0  10.6   1.0 -10.2   506   506   506   506   506   506   506   506   506   506   506   506 
1923  -6.5 -10.1  -2.3   6.5  13.9  19.3  24.7  19.2  16.2   7.8   4.6  -2.7   506   506   506   506   506   506   506   506   506   506   506   506 
1924 -13.1  -3.6  -2.8   6.6  10.8  16.5  20.3  21.2  15.3  12.2   1.0 -12.0   506   506   506   506   506   506   506   506   506   506   506   506 
1925 -10.3  -3.9   2.6  11.0  14.1  18.2  22.1  22.6  17.8   2.2   1.2  -5.6   506   506   506   506   506   506   506   506   506   506   506   506 
1926  -7.4  -2.6   0.0   8.6  16.8  18.8  23.8  20.7  14.2   9.8  -2.9  -8.2   506   506   506   506   506   506   506   506   506   506   506   506 
1927  -8.0  -5.7   1.6   5.9  11.0  18.1  20.9  19.8  16.5  11.2  -3.2 -16.7   506   506   506   506   506   506   506   506   506   506   506   506 
1928  -7.4  -3.7   2.2   5.1  16.7  16.3  22.1  21.4  15.2   8.6   1.4  -3.1   506   506   506   506   506   506   506   506   506   506   506   506 
1929 -16.4 -13.0   1.4   7.5  12.9  18.2  25.0  24.6  13.7  10.8  -1.5  -8.0   506   506   506   506   506   506   506   506   506   506   506   506 
1930 -15.8  -0.4  -1.2  11.3  12.9  19.8  26.4  23.4  16.7   6.9   0.8  -4.1   506   506   506   506   506   506   506   506   506   506   506   506 
1931  -2.2   0.9  -0.6   9.0  14.3  23.9  25.7  22.9  20.1  11.0   0.2  -5.5   506   506   506   506   506   506   506   506   506   506   506   506 
1932 -11.4  -8.2  -4.5  10.2  15.5  20.5  24.4  22.5  16.6   6.9   0.5  -8.8   506   506   506   506   506   506   506   506   506   506   506   506 
1933  -5.0  -8.2  -0.2   7.4  12.6  24.9  26.6  22.1  19.1   9.3   3.1  -6.3   506   506   506   506   506   506   506   506   506   506   506   506 
1934  -2.8  -2.2  -0.3   9.7  21.3  21.2  26.0  23.1  13.6  11.6   3.0  -6.4   506   506   506   506   506   506   506   506   506   506   506   506 
1935  -8.8  -0.4   1.3   4.7  10.7  18.5  27.4  23.5  18.5   8.6  -2.8  -5.3   506   506   506   506   506   506   506   506   506   506   506   506 
1936 -14.8 -21.4   0.0   4.9  18.0  23.9  30.3  24.5  19.1   8.4   0.1  -6.2   506   506   506   506   506   506   506   506   506   506   506   506 
1937 -18.7  -9.3  -0.7   7.1  16.1  18.5  24.9  26.2  17.7   9.6  -1.5  -5.9   506   506   506   506   506   506   506   506   506   506   506   506 
1938  -6.6  -8.0   2.9   8.8  13.3  21.3  24.9  24.7  18.7  13.4  -1.6  -4.0   506   506   506   506   506   506   506   506   506   506   506   506 
1939  -3.3 -11.8   0.3   8.5  18.5  18.2  26.3  22.7  18.7   8.9   3.5  -0.2   506   506   506   506   506   506   506   506   506   506   506   506 
1940 -13.8  -7.0  -0.7   5.8  14.1  20.6  26.6  22.1  20.0  12.1  -2.9  -3.0   506   506   506   506   506   506   506   506   506   506   506   506 
1941  -7.7  -6.1  -0.9   8.8  18.4  18.4  25.1  23.4  16.2   9.0   2.1  -2.3   506   506   506   506   506   506   506   506   506   506   506   506 
1942  -4.8  -5.8  -0.5   9.7  11.5  17.3  21.9  21.5  14.8  10.4   1.2  -6.7   506   506   506   506   506   506   506   506   506   506   506   506 
1943 -14.6  -3.6  -3.8  10.9  12.5  18.1  24.5  24.0  16.2  10.7  -0.3  -3.8   506   506   506   506   506   506   506   506   506   506   506   506 
1944  -4.0  -9.2  -6.5   5.6  16.5  18.6  21.7  21.6  15.6  11.1  -1.3  -5.5   506   506   506   506   506   506   506   506   506   506   506   506 
1945  -6.1  -6.2   2.9   6.0  10.5  14.4  22.2  22.1  15.0  10.1  -0.2  -9.1   506   506   506   506   506   506   506   506   506   506   506   506 
1946  -3.9  -3.6   5.8  11.5  11.4  18.5  23.9  20.7  15.7   6.1  -0.3  -5.0   506   506   506   506   506   506   506   506   506   506   506   506 
1947  -4.6  -9.3  -3.9   6.0  12.3  17.1  24.4  24.8  17.1  12.8  -2.2  -3.6   506   506   506   506   506   506   506   506   506   506   506   506 
1948  -7.4 -10.1  -2.5   9.4  13.5  18.2  22.5  22.2  19.3   9.5   1.0  -7.5   506   506   506   506   506   506   506   506   506   506   506   506 
1949 -14.8 -12.3  -2.3  10.4  15.0  20.4  25.0  24.0  15.0   8.0   5.8  -8.7   506   506   506   506   506   506   506   506   506   506   506   506 
1950 -18.9  -9.3  -5.7   2.7  11.5  18.8  21.2  20.7  15.8  11.0  -1.9  -6.7   506   506   506   506   506   506   506   506   506   506   506   506 
1951  -9.4  -4.2  -7.7   5.7  13.8  15.5  21.7  20.5  13.2   7.3  -2.6 -12.2   506   506   506   506   506   506   506   506   506   506   506   506 
1952 -12.9  -5.3  -7.2   8.7  14.0  21.1  23.0  21.6  19.0   8.6   0.0  -4.6   506   506   506   506   506   506   506   506   506   506   506   506 
1953  -4.4  -4.9  -0.7   3.9  11.8  19.2  21.8  22.5  16.5  12.7   3.0  -2.0   506   506   506   506   506   506   506   506   506   506   506   506 
1954 -11.6   3.7  -2.7   6.8  11.7  17.9  25.6  22.2  16.1   7.6   4.4  -2.5   506   506   506   506   506   506   506   506   506   506   506   506 
1955  -6.0  -9.0  -1.5  11.2  15.7  17.4  25.1  24.9  16.5  10.3  -6.0 -11.7   506   506   506   506   506   506   506   506   506   506   506   506 
1956 -10.8  -9.2  -0.4   4.0  14.1  23.5  22.1  21.3  15.7  11.3   0.8  -3.6   506   506   506   506   506   506   506   506   506   506   506   506 
1957 -13.8  -5.8  -0.3   5.4  12.4  17.2  24.6  22.2  14.6   8.5   0.9  -0.7   506   506   506   506   506   506   506   506   506   506   506   506 
1958  -2.5  -7.8  -2.1   6.6  16.7  16.5  20.5  24.0  17.7   9.8   0.6  -6.9   506   506   506   506   506   506   506   506   506   506   506   506 
1959 -10.8 -11.2   2.3   6.4  12.7  22.0  23.7  24.8  15.2   6.2  -4.2  -1.4   506   506   506   506   506   506   506   506   506   506   506   506 
1960  -7.6  -9.3  -5.6   8.2  13.8  18.6  25.7  22.7  17.3  10.0   0.5  -7.2   506   506   506   506   506   506   506   506   506   506   506   506 
1961  -6.6  -3.7   3.4   5.7  12.3  21.6  23.1  24.8  13.6   9.6   0.4  -8.2   506   506   506   506   506   506   506   506   506   506   506   506 
1962  -9.1  -8.0  -4.2   8.3  14.2  18.5  20.6  22.2  15.3  11.1   3.1  -4.4   506   506   506   506   506   506   506   506   506   506   506   506 
1963 -13.0  -3.9   3.7   7.3  13.6  20.6  24.3  23.2  18.2  14.7   2.9  -8.0   506   506   506   506   506   506   506   506   506   506   506   506 
1964  -5.1  -3.0  -2.0   7.9  15.2  18.4  24.5  20.7  15.0   9.7  -1.3 -11.5   506   506   506   506   506   506   506   506   506   506   506   506 
1965 -10.8  -7.8  -7.2   6.9  13.5  18.7  22.7  21.5   9.6  11.4   0.7  -2.8   506   506   506   506   506   506   506   506   506   506   506   506 
1966 -15.0 -11.1   1.2   4.5  13.8  19.9  25.9  20.0  16.2   9.3  -1.9  -5.0   506   506   506   506   506   506   506   506   506   506   506   506 
1967  -5.0  -6.6   1.4   7.2  10.6  17.0  22.5  22.1  16.8   9.0   0.6  -7.7   506   506   506   506   506   506   506   506   506   506   506   506 
1968  -8.8  -6.2   3.7   6.2  11.1  18.4  22.3  20.6  15.7  10.3   0.3 -11.1   506   506   506   506   506   506   506   506   506   506   506   506 
1969 -15.1  -8.0  -4.8  10.1  15.1  16.1  22.3  24.7  18.0   5.5   2.1  -5.9   506   506   506   506   506   506   506   506   506   506   506   506 
1970 -12.8  -3.7  -3.6   4.6  13.9  20.9  24.0  23.3  16.1   7.0  -1.1  -9.2   506   506   506   506   506   506   506   506   506   506   506   506 
1971 -12.5  -8.1  -0.8   9.1  12.8  20.3  21.5  24.2  15.7   8.8   0.8  -9.8   506   506   506   506   506   506   506   506   506   506   506   506 
1972 -12.1  -8.8   0.0   6.5  14.1  19.4  21.3  22.6  16.5   7.7  -0.5 -10.1   506   506   506   506   506   506   506   506   506   506   506   506 
1973  -5.9  -2.6   3.7   6.6  13.7  19.5  23.3  25.0  14.5  11.4  -0.4  -5.8   506   506   506   506   506   506   506   506   506   506   506   506 
1974  -6.8  -2.1   2.1   8.3  12.5  19.9  26.3  19.5  14.8  11.0   1.7  -4.0   506   506   506   506   506   506   506   506   506   506   506   506 
1975  -6.8 -10.0  -4.0   4.2  13.8  18.9  25.5  21.8  15.1   9.6  -0.1  -4.5   506   506   506   506   506   506   506   506   506   506   506   506 
1976  -8.4  -0.8   0.2   9.8  14.4  20.8  24.3  24.0  17.9   7.8  -2.1  -5.3   506   506   506   506   506   506   506   506   506   506   506   506 
1977 -13.8  -1.4   3.1  10.9  18.2  21.8  24.2  19.8  16.9   9.5  -0.7  -9.2   506   506   506   506   506   506   506   506   506   506   506   506 
1978 -16.4 -12.6  -0.2   6.7  15.4  20.0  22.6  21.8  19.2  10.3  -3.3 -10.6   506   506   506   506   506   506   506   506   506   506   506   506 
1979 -16.1 -14.1  -0.4   5.8  12.2  19.6  22.2  21.2  18.9  10.6  -0.6  -1.4   506   506   506   506   506   506   506   506   506   506   506   506 
1980  -8.4  -5.1  -0.8   9.9  16.8  21.3  26.1  22.0  16.8   9.3   3.6  -4.3   506   506   506   506   506   506   506   506   506   506   506   506 
1981  -1.9  -3.2   3.9  11.5  13.9  19.1  23.9  22.2  17.2   9.5   3.1  -6.3   506   506   506   506   506   506   506   506   506   506   506   506 
1982 -14.6  -6.9  -1.5   5.8  13.6  17.4  23.5  22.4  16.0   8.5  -1.5  -3.7   506   506   506   506   506   506   506   506   506   506   506   506 
1983  -2.2   0.3   0.2   4.9  11.9  18.6  25.4  26.7  16.8   9.5   1.1 -16.0   506   506   506   506   506   506   506   506   506   506   506   506 
1984  -5.0   0.5  -0.9   6.9  13.3  18.9  23.8  24.7  14.4   8.8   0.7 -11.1   506   506   506   506   506   506   506   506   506   506   506   506 
1985  -9.2  -6.8   1.1  10.4  17.0  17.3  25.2  20.8  14.6   8.5  -8.7  -9.7   506   506   506   506   506   506   506   506   506   506   506   506 
1986  -4.2  -9.2   4.8   6.6  13.6  21.2  23.1  20.7  13.5   9.6  -1.9  -2.3   506   506   506   506   506   506   506   506   506   506   506   506 
1987  -1.9  -0.7  -1.9  11.7  16.7  20.9  24.8  20.2  16.1   7.8   3.5  -3.0   506   506   506   506   506   506   506   506   506   506   506   506 
1988  -8.6  -6.0   1.1   9.0  16.6  25.5  25.1  23.9  15.9   9.1   0.5  -3.8   506   506   506   506   506   506   506   506   506   506   506   506 
1989  -5.0 -10.9  -2.7   8.3  14.5  20.1  25.5  23.6  17.2  10.2   0.9  -9.9   506   506   506   506   506   506   506   506   506   506   506   506 
1990  -2.0  -3.4   2.5   7.8  13.4  20.1  23.2  23.2  19.0   9.4   2.8  -9.5   506   506   506   506   506   506   506   506   506   506   506   506 
1991  -9.7   0.2   2.5   8.8  14.6  21.0  23.4  23.6  16.9   7.7  -2.6  -2.0   506   506   506   506   506   506   506   506   506   506   506   506 
1992  -1.8  -0.3   4.1   8.1  16.6  18.5  18.9  19.0  16.5   9.0  -1.1  -8.5   506   506   506   506   506   506   506   506   506   506   506   506 
1993 -11.2 -10.3   1.9   6.9  14.6  17.1  19.4  20.4  14.2   9.1  -1.9  -3.6   506   506   506   506   506   506   506   506   506   506   506   506 
1994 -12.2 -11.7   3.2   7.8  16.4  20.3  21.1  21.5  17.8  10.0   1.2  -3.9   506   506   506   506   506   506   506   506   506   506   506   506 
1995  -6.5  -1.3  -0.8   4.2  11.9  19.0  22.9  24.4  16.6   9.2  -0.3  -5.8   506   506   506   506   506   506   506   506   506   506   506   506 
1996 -11.8  -3.3  -4.3   6.7  11.5  20.8  22.1  23.7  16.2   8.6  -6.0 -12.0   506   506   506   506   506   506   506   506   506   506   506   506 
1997 -11.8  -4.1   0.6   4.7  12.8  20.9  22.8  21.5  18.0  10.2   0.0  -1.3   506   506   506   506   506   506   506   506   506   506   506   506 
1998  -7.2   1.0  -3.3   9.6  15.7  17.1  24.5  23.6  20.8   8.8   2.5  -3.3   506   506   506   506   506   506   506   506   506   506   506   506 
1999  -7.6   1.5   3.8   7.7  13.6  19.6  23.6  22.6  14.0   9.4   6.0  -0.9   506   506   506   506   506   506   506   506   506   506   506   506 
2000  -5.9  -1.7   4.0   7.8  15.1  18.3  23.4  24.0  18.1  10.5  -4.3 -11.4   506   506   506   506   506   506   506   506   506   506   506   506 
2001  -3.5 -11.4   0.5   8.8  15.1  19.8  24.5  24.4  17.6   8.8   4.1  -3.7   506   506   506   506   506   506   506   506   506   506   506   506 
2002  -3.6  -1.1  -5.6   7.4  12.3  21.8  26.0  22.6  18.6   4.6   2.8  -2.2   506   506   506   506   506   506   506   506   506   506   506   506 
2003  -6.4  -6.9   0.4  10.0  13.8  18.5  25.2  25.4  16.5  11.3  -3.8  -2.8   506   506   506   506   506   506   506   506   506   506   506   506 
2004  -9.2  -4.8   4.1   9.5  14.0  17.6  22.7  19.9  17.8   9.4   2.5  -2.0   506   506   506   506   506   506   506   506   506   506   506   506 
2005  -7.7  -1.2   2.6   9.4  12.7  20.2  24.4  22.5  19.5  10.1   2.7  -5.9   506   506   506   506   506   506   506   506   506   506   506   506 
2006   1.0  -4.0  -0.5  10.8  15.4  21.7  27.8  23.8  15.0   6.8   0.7  -2.8   506   506   506   506   506   506   506   506   506   506   506   506 
2007  -4.4  -8.5   6.3   6.7  16.1  21.1  26.2  22.9  18.5  10.2   1.8  -5.4   506   506   506   506   506   506   506   506   506   506   506   506 
2008  -7.6  -6.1   1.7   6.5  12.0  18.1  23.6  23.1  16.6   8.2   0.6 -10.2   506   506   506   506   506   506   506   506   506   506   506   506 
2009  -6.5  -5.4  -2.2   6.4  13.6  17.6  21.3  20.7  18.5   4.2   4.4 -10.7   506   506   506   506   506   506   506   506   506   506   506   506 
2010  -9.2 -10.7   2.4   9.4  12.8  19.4  23.0  24.0  15.7  11.2  -0.5  -8.5   506   506   506   506   506   506   506   506   506   506   506   506 
2011  -9.4  -9.8  -4.1   6.6  11.8  18.3  25.7  22.8  16.5  11.7   1.7  -1.6   506   506   506   506   506   506   506   506   506   506   506   506 
2012  -2.3  -3.2   9.2  10.3  14.0  21.7  26.6  22.1  18.1   8.7   2.1  -6.0   506   506   506   506   506   506   506   506   506   506   506   506 
2013  -6.2  -2.3  -0.3   3.6  14.0  19.2  23.8  23.2  20.1   6.3   0.3 -10.4   506   506   506   506   506   506   506   506   506   506   506   506 
2014  -6.9 -10.4  -1.0   6.4  13.5  18.3  21.7  21.6  16.4  10.7  -3.4  -4.1   506   506   506   506   506   506   506   506   506   506   506   506 
2015  -3.8  -5.4   5.7   9.6  12.4  20.7  23.8  22.8  19.9  11.3   1.5  -4.8   506   506   506   506   506   506   506   506   506   506   506   506 
2016  -6.6   0.4   5.1   8.7  14.4  22.7  25.0  23.3  18.0  11.9   5.7 -10.7   506   506   506   506   506   506   506   506   506   506   506   506 
2017 -10.2  -2.4   2.5   9.3 -99.0 -99.0 -99.0 -99.0 -99.0 -99.0 -99.0 -99.0   506   506   506   506   -99   -99   -99   -99   -99   -99   -99   -99 
