Number= 756267
Name= CRYSTAL SPGS EXP STN
Country= USA
Lat=   31.9
Long=   90.4
Height= 148
Start year= 1892
End year= 2017
First Good year= 1892
Source ID= 64
Source file= Jones
Jones data to= 2017
Normals source= Data
Normals source start year= 1961
Normals source end year= 1990
Normals=   7.1   9.2  13.6  17.9  21.7  25.3  26.8  26.5  23.8  18.0  13.2   9.0 
Standard deviations source= Data
Standard deviations source start year= 1941
Standard deviations source end year= 1990
Standard deviations=   2.8   2.4   2.0   1.3   1.0   1.0   0.8   0.8   1.2   1.6   1.7   2.2 
Obs:
1892 -99.0 -99.0 -99.0 -99.0 -99.0  26.0  26.5  26.6  22.9  20.0  13.9   9.2   -99   -99   -99   -99   -99   506   506   506   506   506   506   506 
1893   7.7  13.3  13.6  21.1  22.5  26.7  27.8  26.8  24.4  17.8  12.3  11.0   506   506   506   506   506   506   506   506   506   506   506   506 
1894  11.7   9.3  15.9  19.3  22.1  24.5  25.6  25.3  23.9  18.4  12.8   9.9   506   506   506   506   506   506   506   506   506   506   506   506 
1895   7.2   4.2  14.6  18.8  21.1  25.9  26.9  26.0  25.8  16.3  13.0   9.4   506   506   506   506   506   506   506   506   506   506   506   506 
1896   8.3  10.2  14.0  21.9  25.9  26.4  28.8  28.4  25.0  18.5  15.7  10.1   506   506   506   506   506   506   506   506   506   506   506   506 
1897   6.5  12.1  18.1  18.6  21.4  27.4  28.0  26.9  25.2  21.2  14.6  10.2   506   506   506   506   506   506   506   506   506   506   506   506 
1898  11.8  11.2  16.0  16.3  23.5  26.3  25.8  26.2  24.1  16.3  10.8   7.7   506   506   506   506   506   506   506   506   506   506   506   506 
1899   8.9   5.2  15.4  17.6  25.7  26.7  27.8  28.2  23.0  20.8  15.0   8.3   506   506   506   506   506   506   506   506   506   506   506   506 
1900   8.8   9.2  13.3  19.0  22.2  25.2  27.0  27.2  26.7  20.8  14.7   9.8   506   506   506   506   506   506   506   506   506   506   506   506 
1901   9.8   7.7  12.8  15.5  21.8  26.4  28.1  26.5  23.1  18.5  11.8   7.5   506   506   506   506   506   506   506   506   506   506   506   506 
1902   7.2   6.7  14.4  18.4  24.5  27.9  28.2  28.2  23.1  18.0  16.6   8.5   506   506   506   506   506   506   506   506   506   506   506   506 
1903   7.7  10.0  16.1  17.8  21.4  22.8  26.7  27.1  23.0  18.6  11.8   6.5   506   506   506   506   506   506   506   506   506   506   506   506 
1904   6.4  11.4  16.6  16.8  21.4  26.1  25.9  25.7  26.0  20.2  14.0   9.6   506   506   506   506   506   506   506   506   506   506   506   506 
1905   5.7   5.8  16.6  18.6  24.1  26.5  25.7  27.0  25.2  19.6  17.0   7.9   506   506   506   506   506   506   506   506   506   506   506   506 
1906   8.7   8.6  12.0  19.3  21.7  26.5  26.4  27.2  25.6  16.6  15.6  11.8   506   506   506   506   506   506   506   506   506   506   506   506 
1907  14.0  11.8  19.6  16.3  20.5  24.7  27.2  27.4  24.5  18.1  11.6   9.1   506   506   506   506   506   506   506   506   506   506   506   506 
1908   8.4   9.3  18.5  21.1  21.8  25.7  26.9  26.2  24.4  16.5  15.1  10.9   506   506   506   506   506   506   506   506   506   506   506   506 
1909  11.0  11.1  14.9  18.0  21.0  25.5  27.8  27.8  24.9  19.2  16.6   6.2   506   506   506   506   506   506   506   506   506   506   506   506 
1910   9.8   8.4  18.2  17.7  21.1  24.7  26.6  27.4  26.0  19.6  13.3   8.7   506   506   506   506   506   506   506   506   506   506   506   506 
1911  13.1  14.8  16.6  19.2  22.9  27.5  25.5  26.3  27.2  21.1  10.7   9.8   506   506   506   506   506   506   506   506   506   506   506   506 
1912   5.1   7.2  11.0  19.1  22.7  23.3  26.4  26.4  25.3  19.7  11.5   8.5   506   506   506   506   506   506   506   506   506   506   506   506 
1913  11.8   8.6  13.3  17.3  21.3  25.2  27.0  27.0  23.3  16.8  15.9   9.2   506   506   506   506   506   506   506   506   506   506   506   506 
1914  10.1   8.9  11.6  17.7  22.1  28.1  27.4  26.5  23.9  18.6  13.5   6.0   506   506   506   506   506   506   506   506   506   506   506   506 
1915   7.2  10.3   8.6  18.3  22.8  25.4  26.5  26.0  24.9  19.3  14.8   9.3   506   506   506   506   506   506   506   506   506   506   506   506 
1916  11.9   9.4  13.5  17.0  22.8  25.0  26.2  26.2  23.5  18.1  13.3   9.4   506   506   506   506   506   506   506   506   506   506   506   506 
1917  10.4  11.8  15.0  18.1  19.5  26.3  27.7  26.3  23.4  15.9  11.9   6.5   506   506   506   506   506   506   506   506   506   506   506   506 
1918   3.6  12.3  17.7  17.5  22.6  27.0  26.9  26.9  21.9  20.2  11.6  11.2   506   506   506   506   506   506   506   506   506   506   506   506 
1919   7.3  10.0  14.0  17.0  20.4  25.2  26.7  27.4  24.7  22.8  15.2   9.7   506   506   506   506   506   506   506   506   506   506   506   506 
1920  10.2  10.6  12.9  17.6  23.0  25.0  26.2  25.6  25.9  19.3  10.7   8.6   506   506   506   506   506   506   506   506   506   506   506   506 
1921  12.2  12.2  19.6  16.6  21.6  26.1  26.9  27.8  27.5  18.6  16.6  12.8   506   506   506   506   506   506   506   506   506   506   506   506 
1922   8.7  12.5  13.7  19.8  22.3  25.7  25.8  26.1  25.9  19.1  15.6  13.5   506   506   506   506   506   506   506   506   506   506   506   506 
1923  12.9   9.5  13.0  17.8  20.9  25.1  25.3  26.2  25.0  17.9  12.4  13.2   506   506   506   506   506   506   506   506   506   506   506   506 
1924   6.0  10.2  11.2  18.2  20.1  27.0  27.6  28.6  24.1  20.4  14.8   9.6   506   506   506   506   506   506   506   506   506   506   506   506 
1925   8.1  12.2  14.3  20.5  21.1  26.7  27.6  27.5  28.3  18.8  11.9   7.4   506   506   506   506   506   506   506   506   506   506   506   506 
1926   7.4  11.6  10.9  15.5  21.7  26.4  26.8  27.7  27.0  21.4   9.9  11.8   506   506   506   506   506   506   506   506   506   506   506   506 
1927  11.2  15.9  13.7  20.6  22.8  26.1  27.4  25.9  26.2  21.2  16.9   8.0   506   506   506   506   506   506   506   506   506   506   506   506 
1928   9.1   9.5  14.7  15.5  21.4  25.3  27.1  27.0  22.7  19.8  11.7   7.2   506   506   506   506   506   506   506   506   506   506   506   506 
1929   8.9   8.7  15.8  19.4  22.6  25.3  26.4  26.4  23.8  18.3  10.9   7.4   506   506   506   506   506   506   506   506   506   506   506   506 
1930   7.3  13.6  11.9  19.6  22.5  25.6  28.6  26.7  24.7  17.6  12.7   6.8   506   506   506   506   506   506   506   506   506   506   506   506 
1931   7.7  11.1  10.8  16.5  20.1  26.2  26.9  25.0  26.3  21.2  16.6  11.4   506   506   506   506   506   506   506   506   506   506   506   506 
1932  11.2  15.5  12.4  19.3  21.6  26.8  28.8  27.8  23.4  16.8   9.6   7.3   506   506   506   506   506   506   506   506   506   506   506   506 
1933  11.7   9.2  13.6  17.6  26.2  26.9  25.3  27.2  26.7  19.9  12.8  13.1   506   506   506   506   506   506   506   506   506   506   506   506 
1934   8.9   7.3  11.2  17.9  21.4  26.6  27.9  28.1  24.0  20.4  14.9   8.0   506   506   506   506   506   506   506   506   506   506   506   506 
1935   9.3  10.5  16.4  17.9  22.6  25.3  27.7  27.8  24.1  20.3  12.4   5.2   506   506   506   506   506   506   506   506   506   506   506   506 
1936   6.2   6.8  15.9  16.6  22.0  27.1  27.1  28.0  26.9  19.5  11.0   9.7   506   506   506   506   506   506   506   506   506   506   506   506 
1937  12.6   8.9  11.2  17.9  23.3  26.1  26.7  27.4  24.8  17.8  11.7   8.4   506   506   506   506   506   506   506   506   506   506   506   506 
1938   8.9  12.8  18.1  17.2  22.3  25.4  27.8  28.2  24.4  20.4  13.4   9.0   506   506   506   506   506   506   506   506   506   506   506   506 
1939  11.5  12.3  16.4  16.8  22.0  26.2  27.6  27.4  25.6  19.2  11.3  10.6   506   506   506   506   506   506   506   506   506   506   506   506 
1940   0.2   7.5  13.6  17.0  20.7  25.2  26.0  26.2  22.1  18.8  12.5  11.3   506   506   506   506   506   506   506   506   506   506   506   506 
1941   9.0   7.1  10.4  18.7  22.5  26.0  27.4  27.9  25.8  22.3  11.6  10.7   506   506   506   506   506   506   506   506   506   506   506   506 
1942   6.3   7.6  13.0  18.4  21.8  25.6  27.0  25.9  22.6  19.3  14.9   9.8   506   506   506   506   506   506   506   506   506   506   506   506 
1943   9.0  10.9  12.2  18.5  23.6  27.0  27.5  28.4  22.5  17.3  11.2   9.1   506   506   506   506   506   506   506   506   506   506   506   506 
1944   8.5  13.3  14.4  17.5  22.1  26.8  27.5  27.0  24.9  19.1  13.6   7.7   506   506   506   506   506   506   506   506   506   506   506   506 
1945   8.3  11.7  17.7  18.6  20.6  25.4  25.9  26.3  24.6  17.8  14.7   6.8   506   506   506   506   506   506   506   506   506   506   506   506 
1946   8.4  11.2  15.7  19.6  21.1  24.5  25.8  25.9  22.8  19.5  15.3  12.2   506   506   506   506   506   506   506   506   506   506   506   506 
1947   8.8   5.9  10.0  18.4  21.2  25.5  25.7  27.3  24.7  21.3  11.9  10.2   506   506   506   506   506   506   506   506   506   506   506   506 
1948   4.4   9.4  14.1  19.8  22.1  26.9  28.5  26.7  22.2  17.6  13.8  11.6   506   506   506   506   506   506   506   506   506   506   506   506 
1949  12.4  12.0  14.0  17.2  23.2  25.8  26.6  26.5  24.6  20.5  13.4  11.7   506   506   506   506   506   506   506   506   506   506   506   506 
1950  15.7  13.1  12.5  15.5  22.9  25.0  25.4  25.2  22.7  19.7  11.0   6.8   506   506   506   506   506   506   506   506   506   506   506   506 
1951   9.6  10.5  14.2  16.3  22.2  25.9  27.3  28.5  24.4  19.8  10.5  11.8   506   506   506   506   506   506   506   506   506   506   506   506 
1952  12.9  11.9  12.5  16.1  21.9  27.5  27.8  27.6  22.6  15.2  11.8   9.1   506   506   506   506   506   506   506   506   506   506   506   506 
1953  11.3  10.3  16.4  16.9  23.1  27.6  26.6  26.0  23.8  19.2  12.4   7.8   506   506   506   506   506   506   506   506   506   506   506   506 
1954   9.5  12.7  13.4  20.2  19.2  26.2  27.5  28.4  25.0  18.9  11.6   9.1   506   506   506   506   506   506   506   506   506   506   506   506 
1955   8.1  10.1  15.5  19.5  23.0  23.3  26.5  26.1  25.1  17.4  12.2   9.6   506   506   506   506   506   506   506   506   506   506   506   506 
1956   7.3  12.6  13.5  17.3  23.4  24.4  27.0  26.7  23.1  18.9  12.2  13.2   506   506   506   506   506   506   506   506   506   506   506   506 
1957  10.4  14.5  12.6  18.5  22.3  25.9  26.7  26.0  23.0  16.1  13.2  10.5   506   506   506   506   506   506   506   506   506   506   506   506 
1958   5.6   5.2  10.8  18.0  21.8  25.5  26.9  26.2  24.9  17.3  13.5   7.2   506   506   506   506   506   506   506   506   506   506   506   506 
1959   6.5  10.7  12.4  17.0  22.8  24.9  26.3  26.6  24.0  20.2  11.5   9.3   506   506   506   506   506   506   506   506   506   506   506   506 
1960   7.6   6.7   8.6  18.5  20.4  26.1  28.1  26.2  23.6  18.7  13.2   7.4   506   506   506   506   506   506   506   506   506   506   506   506 
1961   4.7  11.5  15.7  15.6  21.1  23.7  25.5  25.4  23.4  17.2  12.8   9.0   506   506   506   506   506   506   506   506   506   506   506   506 
1962   6.5  14.4  11.0  16.4  22.9  25.0  28.0  27.5  24.8  20.0  11.6   8.0   506   506   506   506   506   506   506   506   506   506   506   506 
1963   4.6   6.0  15.7  19.0  22.6  26.3  26.5  27.1  23.7  20.1  13.6   3.9   506   506   506   506   506   506   506   506   506   506   506   506 
1964   7.2   7.0  13.7  19.2  22.3  25.4  26.4  26.8  24.1  16.0  14.6  10.4   506   506   506   506   506   506   506   506   506   506   506   506 
1965  10.3   8.5  10.7  19.8  22.5  24.9  27.2  26.2  24.4  17.3  15.5  10.1   506   506   506   506   506   506   506   506   506   506   506   506 
1966   5.3   8.6  13.0  18.6  21.5  23.8  27.4  25.6  23.4  16.5  13.9   8.6   506   506   506   506   506   506   506   506   506   506   506   506 
1967   8.9   7.2  15.4  20.7  20.9  24.9  25.1  24.8  21.1  16.5  12.0  10.9   506   506   506   506   506   506   506   506   506   506   506   506 
1968   6.6   5.2  11.9  18.5  21.2  25.2  25.9  26.2  22.0  18.9  11.4   7.3   506   506   506   506   506   506   506   506   506   506   506   506 
1969   8.8   8.6   9.6  17.8  21.3  26.1  28.0  25.8  22.8  18.4  11.6   8.7   506   506   506   506   506   506   506   506   506   506   506   506 
1970   5.2   8.3  12.4  19.8  21.9  25.0  26.2  26.4  25.3  17.4  10.9  10.8   506   506   506   506   506   506   506   506   506   506   506   506 
1971   8.9   9.6  11.5  16.6  19.9  25.8  26.4  25.7  24.6  20.0  11.5  14.3   506   506   506   506   506   506   506   506   506   506   506   506 
1972  10.9   9.9  13.9  18.3  21.2  25.4  25.6  27.0  26.4  19.0  10.5   9.9   506   506   506   506   506   506   506   506   506   506   506   506 
1973   6.7   7.9  15.7  16.3  20.6  25.5  27.0  25.6  24.9  20.6  16.1   9.1   506   506   506   506   506   506   506   506   506   506   506   506 
1974  11.9  10.2  17.5  17.5  23.1  24.2  26.7  25.9  22.5  16.6  12.7   9.6   506   506   506   506   506   506   506   506   506   506   506   506 
1975  10.8  11.5  13.4  17.1  22.4  25.2  26.6  26.4  21.6  18.3  12.9   8.4   506   506   506   506   506   506   506   506   506   506   506   506 
1976   7.1  13.4  15.0  17.4  19.2  23.8  26.2  26.2  23.8  14.5   8.5   7.1   506   506   506   506   506   506   506   506   506   506   506   506 
1977   2.0   9.8  15.0  18.2  23.0  27.6  27.4  26.9  25.2  16.8  14.1   8.9   506   506   506   506   506   506   506   506   506   506   506   506 
1978   2.6   4.9  11.7  17.8  22.0  25.7  27.5  26.7  24.8  17.7  15.4   9.4   506   506   506   506   506   506   506   506   506   506   506   506 
1979   4.2   7.9  14.0  18.1  21.4  24.4  27.0  26.4  22.9  18.9  10.5   8.1   506   506   506   506   506   506   506   506   506   506   506   506 
1980   9.1   7.5  12.0  16.3  21.7  26.2  28.6  27.5  27.0  16.5  11.4   8.2   506   506   506   506   506   506   506   506   506   506   506   506 
1981   5.5   9.6  12.0  20.5  20.2  26.7  27.8  27.3  22.3  18.0  14.3   7.6   506   506   506   506   506   506   506   506   506   506   506   506 
1982   8.6   8.5  15.7  17.2  22.4  25.5  27.0  26.6  22.6  17.9  13.8  12.0   506   506   506   506   506   506   506   506   506   506   506   506 
1983   6.8   8.9  12.2  15.1  21.0  24.0  27.2  27.5  22.9  18.6  13.1   5.9   506   506   506   506   506   506   506   506   506   506   506   506 
1984   4.8  10.2  14.0  17.7  21.6  25.2  26.3  26.0  23.2  21.6  12.1  14.3   506   506   506   506   506   506   506   506   506   506   506   506 
1985   3.9   8.0  15.9  18.6  21.7  25.7  26.5  26.8  23.2  19.7  16.5   6.8   506   506   506   506   506   506   506   506   506   506   506   506 
1986   7.8  11.8  14.2  18.2  22.1  26.0  27.9  26.7  25.3  19.0  15.6   8.1   506   506   506   506   506   506   506   506   506   506   506   506 
1987   6.7  10.7  13.0  16.8  23.3  25.2  26.8  27.2  23.6  16.0  13.9  11.0   506   506   506   506   506   506   506   506   506   506   506   506 
1988   5.3   9.5  13.2  18.3  21.6  25.7  26.6  26.8  24.4  16.7  14.9   9.2   506   506   506   506   506   506   506   506   506   506   506   506 
1989  11.1   8.9  13.7  16.9  21.4  24.7  25.6  26.2  22.7  17.6  14.3   4.1   506   506   506   506   506   506   506   506   506   506   506   506 
1990  11.3  13.3  14.8  17.4  21.9  26.9  26.4  27.1  25.0  17.9  14.9  11.0   506   506   506   506   506   506   506   506   506   506   506   506 
1991   7.8  11.3  15.1  19.8  23.2  26.0  27.3  26.5  23.7  19.4  10.9  11.8   506   506   506   506   506   506   506   506   506   506   506   506 
1992   8.1  12.5  14.1  17.5  21.6  24.9  27.4  24.9  23.7  17.9  11.4  10.2   506   506   506   506   506   506   506   506   506   506   506   506 
1993   9.7   9.2  12.1  15.4  21.2  25.9  26.6  27.0  23.2  16.9  12.2   8.7   506   506   506   506   506   506   506   506   506   506   506   506 
1994   6.0  10.3  14.3  19.0  21.5  26.2  26.1  26.0  23.0  18.9  15.5  10.3   506   506   506   506   506   506   506   506   506   506   506   506 
1995   9.0  10.4  15.2  18.8  23.4  24.1  27.8  28.6  24.6  18.5  11.8   8.8   506   506   506   506   506   506   506   506   506   506   506   506 
1996   8.6  10.0  11.4  16.9  24.0  25.6  27.3  26.5  23.2  18.4  13.5  11.4   506   506   506   506   506   506   506   506   506   506   506   506 
1997   7.9  11.5  16.7  15.0  21.2  24.8  27.4  26.8  25.0  19.1  11.6   8.4   506   506   506   506   506   506   506   506   506   506   506   506 
1998  10.6  10.7  13.3  17.2  23.7  27.9  28.3  28.0  26.5  20.9  15.5  10.7   506   506   506   506   506   506   506   506   506   506   506   506 
1999  11.1  12.7  13.2  20.4  22.3  26.3  27.4  29.0  24.2  18.8  14.7   9.5   506   506   506   506   506   506   506   506   506   506   506   506 
2000  10.1  12.9  16.1  16.9  23.8  25.6  28.4  28.9  24.9  18.9  11.7   4.9   506   506   506   506   506   506   506   506   506   506   506   506 
2001   5.9  12.5  11.6  20.1  22.6  25.1  27.6  26.8  23.3  16.6  16.6  11.7   506   506   506   506   506   506   506   506   506   506   506   506 
2002   9.4   8.6  13.4  19.8  22.8  25.7  27.2  26.7  25.9  20.2  12.0   9.6   506   506   506   506   506   506   506   506   506   506   506   506 
2003   5.7   9.1  13.9  18.7  23.4  25.4  26.5  27.2  23.3  18.6  15.6   8.2   506   506   506   506   506   506   506   506   506   506   506   506 
2004   9.4   8.7  16.0  17.3  22.7  25.2  26.7  25.2  24.3  22.0  15.2   9.1   506   506   506   506   506   506   506   506   506   506   506   506 
2005  10.7  12.2  12.7  17.8  21.2  25.7  27.8  28.3  25.7  19.0  15.6   8.5   506   506   506   506   506   506   506   506   506   506   506   506 
2006  12.0   9.4  14.9  20.8  22.2  26.5  27.9  28.8  23.8  18.6  13.5  10.6   506   506   506   506   506   506   506   506   506   506   506   506 
2007   7.9   9.0  16.7  16.9  23.0  26.9  26.5  28.9  25.5  19.8  14.4  12.2   506   506   506   506   506   506   506   506   506   506   506   506 
2008   8.0  11.2  14.7  18.4  22.5  27.3  28.4  26.1  23.6  17.8  13.2  10.2   506   506   506   506   506   506   506   506   506   506   506   506 
2009   8.6  11.6  14.1  17.8  22.4  27.6  26.9  26.5  24.6  17.2  13.6   7.7   506   506   506   506   506   506   506   506   506   506   506   506 
2010   5.9   5.7  11.4  19.0  24.0  28.0  27.9  28.4  25.5  19.5  14.2   6.9   506   506   506   506   506   506   506   506   506   506   506   506 
2011   6.9  11.2  14.8  19.7  21.9  28.3  28.3  29.0  23.2  17.3  13.7  10.0   506   506   506   506   506   506   506   506   506   506   506   506 
2012  11.8  12.1  19.0  19.2  23.2  26.5  27.6  26.8  23.9  16.2  12.7  11.8   506   506   506   506   506   506   506   506   506   506   506   506 
2013  11.1  10.6  11.0  17.3  20.6  26.4  26.0  27.0  25.3  19.2  11.4   9.3   506   506   506   506   506   506   506   506   506   506   506   506 
2014   4.8   8.9  11.3  17.1  21.4  25.7  25.5  26.8  25.0  19.9  10.7  11.0   506   506   506   506   506   506   506   506   506   506   506   506 
2015   7.3   6.9  15.2  19.8  22.7  26.4  29.0  27.9  25.4  20.2  16.0  14.6   506   506   506   506   506   506   506   506   506   506   506   506 
2016   7.9  12.4  16.6  19.1  21.5  27.0  27.8  28.2  26.1  20.9  15.9  11.1   506   506   506   506   506   506   506   506   506   506   506   506 
2017  12.6  15.3  16.4  19.7 -99.0 -99.0 -99.0 -99.0 -99.0 -99.0 -99.0 -99.0   506   506   506   506   -99   -99   -99   -99   -99   -99   -99   -99 
