Number= 756377
Name= AUBURN
Country= USA
Lat=   42.9
Long=   76.5
Height= 235
Start year= 1893
End year= 2017
First Good year= 1893
Source ID= 64
Source file= Jones
Jones data to= 2017
Normals source= Data
Normals source start year= 1961
Normals source end year= 1990
Normals=  -5.6  -5.2   0.1   6.4  13.0  18.2  21.4  20.2  16.1  10.0   4.1  -2.4 
Standard deviations source= Data
Standard deviations source start year= 1941
Standard deviations source end year= 1990
Standard deviations=   2.6   2.3   2.5   1.8   1.8   1.2   1.0   1.2   1.3   1.7   1.5   2.3 
Obs:
1893 -99.0  -6.1  -1.8   5.0  12.1  20.3  20.1  19.8  13.4  10.2   2.4  -3.2   -99   506   506   506   506   506   506   506   506   506   506   506 
1894  -2.0  -6.2   3.2   6.4  12.7  19.0  21.4  18.8  17.6  10.8   1.0  -1.1   506   506   506   506   506   506   506   506   506   506   506   506 
1895  -6.5  -8.5  -2.9   7.2  14.6  21.0  19.0  20.0  17.3   6.5   4.1  -0.6   506   506   506   506   506   506   506   506   506   506   506   506 
1896  -5.7  -4.8  -4.8   9.7  15.9  18.5  21.3  20.8  15.1   7.6   5.8  -3.3   506   506   506   506   506   506   506   506   506   506   506   506 
1897  -5.1  -3.7   0.5   7.1  12.0  16.2  22.2  18.7  15.4  10.6   2.7  -2.3   506   506   506   506   506   506   506   506   506   506   506   506 
1898  -3.9  -3.3   4.9   5.7  13.1  19.2  22.3  20.6  18.0  11.5   3.2  -3.0   506   506   506   506   506   506   506   506   506   506   506   506 
1899  -5.2  -6.5  -0.6   8.7  13.9  19.7  21.0  21.3  14.9  11.8   2.3  -2.9   506   506   506   506   506   506   506   506   506   506   506   506 
1900  -4.5  -4.7  -3.8   7.7  13.4  19.9  21.9  22.6  18.1  14.3   3.8  -3.0   506   506   506   506   506   506   506   506   506   506   506   506 
1901  -4.7  -8.3  -1.1   7.4  13.4  20.2  23.9  20.7  16.9  10.6   0.5  -3.1   506   506   506   506   506   506   506   506   506   506   506   506 
1902  -5.7  -6.1   3.6   7.7  12.8  16.5  21.0  19.1  16.5   9.2   7.0  -4.3   506   506   506   506   506   506   506   506   506   506   506   506 
1903  -4.3  -2.8   5.4   7.6  15.2  16.6  20.1  17.2  16.6  10.3   1.7  -5.8   506   506   506   506   506   506   506   506   506   506   506   506 
1904  -8.4  -8.7  -1.0   4.6  15.0  18.9  19.6  19.2  15.5   7.7   1.6  -5.9   506   506   506   506   506   506   506   506   506   506   506   506 
1905  -7.3  -8.2   0.1   6.1  13.0  18.5  21.1  19.6  16.2  10.2   1.8  -1.2   506   506   506   506   506   506   506   506   506   506   506   506 
1906  -0.7  -4.7  -3.1   7.0  12.9  19.0  20.7  21.6  17.9   9.4   2.1  -4.8   506   506   506   506   506   506   506   506   506   506   506   506 
1907  -5.4  -8.5   1.7   3.8   9.9  16.7  20.4  18.3  16.4   7.2   2.5  -0.9   506   506   506   506   506   506   506   506   506   506   506   506 
1908  -4.3  -7.0   0.4   6.1  14.5  19.0  21.3  19.1  17.5  10.8   3.8  -2.7   506   506   506   506   506   506   506   506   506   506   506   506 
1909  -3.5  -3.2  -1.6   6.0  12.6  18.3  19.4  19.1  15.4   8.0   5.9  -4.5   506   506   506   506   506   506   506   506   506   506   506   506 
1910  -5.5  -7.8   2.1   8.8  11.3  17.0  20.9  19.4  15.8  10.3   0.9  -6.6   506   506   506   506   506   506   506   506   506   506   506   506 
1911  -4.2  -4.3  -1.4   6.4  17.4  17.9  22.0  20.1  15.2   9.3   1.4   0.9   506   506   506   506   506   506   506   506   506   506   506   506 
1912 -10.1  -7.5  -2.8   6.2  13.7  16.4  20.7  17.5  16.5  10.6   4.7   0.1   506   506   506   506   506   506   506   506   506   506   506   506 
1913   0.1  -6.2   2.2   8.5  12.4  17.4  20.6  20.4  15.1  11.0   5.5   0.3   506   506   506   506   506   506   506   506   506   506   506   506 
1914  -4.3 -10.2  -3.1   3.6  12.9  17.2  20.5  20.5  15.2  11.6   3.0  -3.2   506   506   506   506   506   506   506   506   506   506   506   506 
1915  -3.4  -2.8  -2.6   8.1  10.0  17.0  20.1  19.1  17.6  11.0   4.3  -2.7   506   506   506   506   506   506   506   506   506   506   506   506 
1916  -1.9  -7.5  -5.6   5.6  12.1  16.0  23.2  21.5  16.6  10.3   3.3  -2.5   506   506   506   506   506   506   506   506   506   506   506   506 
1917  -4.9  -8.1  -0.6   4.7   8.3  16.2  21.3  20.7  14.6   7.4   0.7  -7.3   506   506   506   506   506   506   506   506   506   506   506   506 
1918 -11.3  -6.7   0.4   5.6  14.7  15.9  20.0  21.3  12.9  10.4   4.7   0.5   506   506   506   506   506   506   506   506   506   506   506   506 
1919  -1.5  -2.5   0.4   4.8  12.0  21.2  21.0  19.3  16.5  11.5   2.8  -5.7   506   506   506   506   506   506   506   506   506   506   506   506 
1920 -10.9  -7.6  -0.3   4.7  10.8  17.8  19.5  20.7  16.9  13.0   2.8  -0.3   506   506   506   506   506   506   506   506   506   506   506   506 
1921  -1.9  -3.6   4.2  10.4  13.3  19.2  24.3  20.0  19.3  10.5   2.7  -3.0   506   506   506   506   506   506   506   506   506   506   506   506 
1922  -6.5  -3.0   0.0   5.5  13.9  17.9  20.3  19.6  16.7  10.9   4.0  -2.0   506   506   506   506   506   506   506   506   506   506   506   506 
1923  -5.3  -6.7  -1.6   5.3  10.5  18.6  20.2  19.2  16.9   9.7   4.1   2.8   506   506   506   506   506   506   506   506   506   506   506   506 
1924  -4.5  -8.6  -1.6   4.0   9.5  16.9  20.2  19.5  14.3   9.6   3.5  -3.8   506   506   506   506   506   506   506   506   506   506   506   506 
1925  -7.3  -2.0   2.2   6.7   9.6  19.3  19.4  20.6  16.9   5.8   3.1  -2.8   506   506   506   506   506   506   506   506   506   506   506   506 
1926  -4.4  -7.1  -3.9   2.3  10.3  15.9  20.4  20.4  16.2   8.5   4.3  -4.3   506   506   506   506   506   506   506   506   506   506   506   506 
1927  -6.3  -2.7   1.2   5.3  10.2  16.4  20.5  17.8  17.2  12.1   4.2  -1.8   506   506   506   506   506   506   506   506   506   506   506   506 
1928  -3.8  -5.0  -1.8   4.1  11.2  16.6  21.4  21.3  14.7  10.9   4.3   0.7   506   506   506   506   506   506   506   506   506   506   506   506 
1929  -5.1  -6.2   2.5   6.6  10.9  17.7  20.8  18.3  17.8   8.4   3.6  -3.1   506   506   506   506   506   506   506   506   506   506   506   506 
1930  -4.1  -3.2  -1.0   5.0  12.7  18.0  20.2  19.7  18.1   9.6   5.6  -1.8   506   506   506   506   506   506   506   506   506   506   506   506 
1931  -4.5  -4.2   0.1   6.1  12.4  17.7  22.8  21.0  18.8  12.2   7.9   1.0   506   506   506   506   506   506   506   506   506   506   506   506 
1932   1.5  -2.1  -2.4   4.0  11.8  18.0  20.5  21.7  17.4  11.6   2.4   0.2   506   506   506   506   506   506   506   506   506   506   506   506 
1933   1.1  -2.9  -0.8   7.0  14.0  20.4  23.2  20.7  17.5   9.4  -0.1  -3.4   506   506   506   506   506   506   506   506   506   506   506   506 
1934  -3.3 -12.0  -1.8   5.5  13.4  20.3  22.1  19.0  18.4   8.7   5.6  -3.2   506   506   506   506   506   506   506   506   506   506   506   506 
1935  -6.3  -6.1   1.3   4.8   9.4  17.4  22.7  20.3  14.5  10.4   4.2  -5.4   506   506   506   506   506   506   506   506   506   506   506   506 
1936  -5.7  -9.2   1.6   3.5  13.3  17.9  21.3  20.9  17.3  10.0   1.1  -0.7   506   506   506   506   506   506   506   506   506   506   506   506 
1937  -0.7  -3.1  -3.8   5.2  13.1  18.6  22.4  23.4  15.8   8.6   3.9  -2.6   506   506   506   506   506   506   506   506   506   506   506   506 
1938  -5.0  -2.9   2.8   7.3  11.8  18.2  22.2  22.4  14.5  11.1   4.9  -1.4   506   506   506   506   506   506   506   506   506   506   506   506 
1939  -4.5  -4.0  -2.3   4.3  13.4  18.5  21.5  22.4  17.2  10.0   1.4  -1.8   506   506   506   506   506   506   506   506   506   506   506   506 
1940  -9.8  -6.4  -4.7   3.1  12.1  17.4  20.9  19.9  15.2   8.2   2.8  -0.4   506   506   506   506   506   506   506   506   506   506   506   506 
1941  -5.3  -6.0  -4.6   8.1  13.0  19.2  22.6  19.2  18.2  11.2   6.0  -0.4   506   506   506   506   506   506   506   506   506   506   506   506 
1942  -4.8  -7.8   1.3   7.7  13.8  18.3  21.2  20.0  16.3  11.1   4.0  -4.4   506   506   506   506   506   506   506   506   506   506   506   506 
1943  -6.7  -4.4  -1.0   2.7  11.3  20.5  21.5  20.1  16.1   8.8   2.7  -3.6   506   506   506   506   506   506   506   506   506   506   506   506 
1944  -2.7  -5.0  -2.9   3.6  14.6  18.4  22.3  22.3  17.2  10.1   3.8  -4.1   506   506   506   506   506   506   506   506   506   506   506   506 
1945  -9.4  -4.4   4.9   8.5  10.0  16.8  21.4  20.6  18.0   9.8   4.5  -4.4   506   506   506   506   506   506   506   506   506   506   506   506 
1946  -3.7  -5.6   5.4   5.6  11.5  17.2  21.0  18.4  17.8  13.1   6.4  -0.8   506   506   506   506   506   506   506   506   506   506   506   506 
1947  -2.1  -7.0  -2.5   5.5  12.0  17.8  21.3  23.7  17.6  14.7   2.9  -2.9   506   506   506   506   506   506   506   506   506   506   506   506 
1948  -7.9  -6.6  -1.0   7.6  10.9  17.9  22.0  20.9  17.5   9.4   7.4  -0.9   506   506   506   506   506   506   506   506   506   506   506   506 
1949  -1.5  -1.3   0.5   6.7  13.2  21.4  23.5  22.2  15.2  13.1   3.1  -0.7   506   506   506   506   506   506   506   506   506   506   506   506 
1950   0.3  -4.6  -3.7   3.9  12.3  17.3  20.4  20.2  14.8  11.7   4.3  -3.0   506   506   506   506   506   506   506   506   506   506   506   506 
1951  -2.9  -3.6   0.7   6.3  13.1  17.4  21.1  19.9  16.3  11.8   1.2  -1.2   506   506   506   506   506   506   506   506   506   506   506   506 
1952  -3.1  -2.8  -0.5   8.0  11.1  18.4  23.2  20.8  17.7   8.2   5.5   0.1   506   506   506   506   506   506   506   506   506   506   506   506 
1953  -1.1  -1.5   1.6   6.0  13.4  18.6  21.4  20.3  17.0  11.5   6.0   1.0   506   506   506   506   506   506   506   506   506   506   506   506 
1954  -5.9  -0.6  -0.7   7.2  11.5  19.0  20.5  19.3  15.9  12.0   4.2  -2.8   506   506   506   506   506   506   506   506   506   506   506   506 
1955  -5.6  -5.4   0.0   8.4  13.4  18.8  23.9  23.0  15.7  11.9   3.0  -4.9   506   506   506   506   506   506   506   506   506   506   506   506 
1956  -5.8  -4.0  -2.8   4.5  10.0  18.3  19.6  19.9  14.7  11.7   4.2   0.7   506   506   506   506   506   506   506   506   506   506   506   506 
1957  -7.2  -1.9   0.4   7.1  11.7  19.9  19.9  19.0  16.6   9.6   4.8   0.7   506   506   506   506   506   506   506   506   506   506   506   506 
1958  -5.1  -7.4  -0.1   7.1  10.8  15.2  20.7  20.0  16.1  10.2   4.9  -5.9   506   506   506   506   506   506   506   506   506   506   506   506 
1959  -5.7  -6.2  -1.8   6.4  13.5  18.2  22.2  22.8  19.1  10.5   3.2  -0.3   506   506   506   506   506   506   506   506   506   506   506   506 
1960  -3.2  -3.1  -6.3   7.4  13.3  18.2  19.8  19.9  17.2   9.8   5.7  -4.7   506   506   506   506   506   506   506   506   506   506   506   506 
1961  -7.8  -5.6   0.0   4.3  11.0  17.4  21.1  20.6  20.8  12.4   4.3  -1.5   506   506   506   506   506   506   506   506   506   506   506   506 
1962  -4.7  -6.2  -0.4   6.5  14.5  18.7  19.8  20.0  14.9  10.5   2.0  -3.8   506   506   506   506   506   506   506   506   506   506   506   506 
1963  -7.1  -8.7   0.4   6.1  11.1  18.5  21.2  18.5  14.0  13.6   6.0  -5.4   506   506   506   506   506   506   506   506   506   506   506   506 
1964  -3.0  -5.3   0.4   6.2  14.3  17.6  22.4  18.6  16.1   9.0   5.9  -1.9   506   506   506   506   506   506   506   506   506   506   506   506 
1965  -6.7  -4.7  -2.2   4.0  13.9  16.8  19.1  20.0  16.8   9.1   3.7   0.4   506   506   506   506   506   506   506   506   506   506   506   506 
1966  -6.7  -4.8   1.1   5.3  10.1  18.5  21.9  20.8  15.1   9.6   5.6  -1.9   506   506   506   506   506   506   506   506   506   506   506   506 
1967  -0.9  -7.1  -1.5   6.0   8.5  20.3  20.7  19.5  15.7  10.3   1.8  -0.4   506   506   506   506   506   506   506   506   506   506   506   506 
1968  -7.8  -8.0   0.5   9.0  10.7  18.0  21.5  20.2  18.2  11.7   4.0  -3.4   506   506   506   506   506   506   506   506   506   506   506   506 
1969  -4.9  -4.5  -1.5   7.1  11.8  17.6  20.6  21.1  17.1  10.2   3.6  -4.6   506   506   506   506   506   506   506   506   506   506   506   506 
1970  -9.1  -4.8  -2.2   6.8  13.3  17.5  21.1  20.5  17.0  11.6   5.2  -2.9   506   506   506   506   506   506   506   506   506   506   506   506 
1971  -7.6  -3.8  -2.6   4.0  11.1  18.5  20.1  19.7  18.6  13.6   2.3  -1.5   506   506   506   506   506   506   506   506   506   506   506   506 
1972  -4.5  -5.9  -4.5   2.1  16.5  18.6  22.1  19.8  15.3   7.8   1.4  -1.4   506   506   506   506   506   506   506   506   506   506   506   506 
1973  -2.4  -6.6   4.2   7.0  11.2  20.1  22.0  22.0  16.4  11.5   4.8  -1.8   506   506   506   506   506   506   506   506   506   506   506   506 
1974  -4.7  -6.3   0.4   7.7  11.5  18.3  21.1  20.5  14.8   8.2   4.0  -1.2   506   506   506   506   506   506   506   506   506   506   506   506 
1975  -2.4  -3.0  -1.0   3.0  15.9  19.0  22.5  20.5  14.4  11.5   7.7  -3.5   506   506   506   506   506   506   506   506   506   506   506   506 
1976  -8.5  -0.8   2.8   7.9  11.6  19.9  20.9  19.5  15.5   7.4   0.7  -6.0   506   506   506   506   506   506   506   506   506   506   506   506 
1977 -10.8  -5.0   4.2   8.0  14.9  16.4  21.8  19.9  16.0   8.2   5.0  -3.5   506   506   506   506   506   506   506   506   506   506   506   506 
1978  -6.9  -9.1  -2.5   5.1  14.3  17.9  21.6  20.4  14.6   8.9   3.9  -2.2   506   506   506   506   506   506   506   506   506   506   506   506 
1979  -6.5 -11.1   2.3   5.8  13.4  18.2  21.9  19.6  16.0   9.8   5.7  -0.4   506   506   506   506   506   506   506   506   506   506   506   506 
1980  -4.3  -7.1  -1.2   7.0  14.4  16.6  21.4  22.3  16.6   8.1   2.1  -5.3   506   506   506   506   506   506   506   506   506   506   506   506 
1981  -8.8  -0.5   0.2   7.9  13.4  18.7  21.6  20.2  15.1   7.6   3.7  -2.4   506   506   506   506   506   506   506   506   506   506   506   506 
1982  -8.7  -5.1  -0.1   4.7  14.6  16.7  21.4  18.5  16.4  10.4   5.8   2.0   506   506   506   506   506   506   506   506   506   506   506   506 
1983  -3.0  -2.3   2.3   5.6  11.4  18.8  22.7  21.2  17.7  10.3   4.3  -4.6   506   506   506   506   506   506   506   506   506   506   506   506 
1984  -6.4   0.1  -4.2   6.6  10.8  19.0  20.8  20.8  14.7  11.7   3.8   0.9   506   506   506   506   506   506   506   506   506   506   506   506 
1985  -6.8  -3.7   0.9   7.9  14.4  16.1  20.7  20.0  17.0  10.3   5.1  -4.4   506   506   506   506   506   506   506   506   506   506   506   506 
1986  -4.6  -5.1   3.3   8.9  15.8  18.0  21.1  19.2  15.4   9.5   2.4  -0.5   506   506   506   506   506   506   506   506   506   506   506   506 
1987  -5.1  -6.3   2.6  10.2  15.4  19.8  22.7  19.6  16.1   8.4   4.5   0.3   506   506   506   506   506   506   506   506   506   506   506   506 
1988  -5.4  -4.8   0.7   6.3  14.5  17.5  22.9  21.8  15.7   7.5   5.0  -2.5   506   506   506   506   506   506   506   506   506   506   506   506 
1989  -1.9  -5.8  -0.7   5.3  13.4  19.3  21.7  19.4  16.1  10.9   3.4  -9.7   506   506   506   506   506   506   506   506   506   506   506   506 
1990   0.4  -2.7   2.6   9.0  11.6  19.1  22.1  20.8  15.8  10.9   5.1   0.3   506   506   506   506   506   506   506   506   506   506   506   506 
1991  -5.1  -2.0   2.2  10.0  16.7  19.8  22.1  21.4  15.6  11.1   3.6  -1.4   506   506   506   506   506   506   506   506   506   506   506   506 
1992  -4.6  -3.4  -1.8   6.2  13.4  17.3  18.9  19.2  15.8   7.3   3.4  -1.4   506   506   506   506   506   506   506   506   506   506   506   506 
1993  -3.4  -8.7  -2.4   7.2  13.3  18.0  22.4  21.5  15.3   8.1   3.4  -2.9   506   506   506   506   506   506   506   506   506   506   506   506 
1994 -11.4  -6.9  -1.1   7.7  11.7  19.9  22.5  19.6  15.6   9.5   6.5   0.4   506   506   506   506   506   506   506   506   506   506   506   506 
1995  -1.5  -5.9   2.3   4.5  13.1  20.2  22.5  22.4  15.0  12.1   1.2  -4.7   506   506   506   506   506   506   506   506   506   506   506   506 
1996  -5.9  -4.6  -1.8   5.6  12.2  19.5  20.4  20.8  17.0   9.9   1.1   0.8   506   506   506   506   506   506   506   506   506   506   506   506 
1997  -5.0  -1.0   0.2   5.4  10.5  19.0  20.7  19.1  15.7   9.3   2.5  -0.8   506   506   506   506   506   506   506   506   506   506   506   506 
1998  -0.6   0.1   2.8   8.1  16.8  18.3  21.2  20.9  17.3  10.7   5.0   1.7   506   506   506   506   506   506   506   506   506   506   506   506 
1999  -5.0  -1.3  -0.9   6.9  15.0  20.0  23.6  19.7  18.2   9.3   6.5  -0.8   506   506   506   506   506   506   506   506   506   506   506   506 
2000  -5.3  -1.5   4.7   6.1  14.5  18.4  19.5  19.6  15.9  10.5   3.2  -5.8   506   506   506   506   506   506   506   506   506   506   506   506 
2001  -3.3  -2.2  -1.8   7.5  14.3  18.8  20.4  22.4  16.4  10.9   7.8   2.1   506   506   506   506   506   506   506   506   506   506   506   506 
2002   0.0  -0.1   1.4   7.9  11.0  19.0  22.5  21.6  18.6   8.8   3.6  -2.8   506   506   506   506   506   506   506   506   506   506   506   506 
2003  -7.8  -5.9   0.7   5.9  12.7  17.6  21.2  21.7  16.8   8.4   5.8  -0.8   506   506   506   506   506   506   506   506   506   506   506   506 
2004  -8.3  -4.4   2.8   7.2  15.9  17.3  20.5  19.5  17.7  10.0   5.2  -1.6   506   506   506   506   506   506   506   506   506   506   506   506 
2005  -6.1  -3.4  -1.1   7.9  11.3  21.7  22.9  22.3  18.1  10.5   6.6  -3.0   506   506   506   506   506   506   506   506   506   506   506   506 
2006   0.3  -1.8   0.0   8.0  13.7  18.6  22.5  20.3  15.5   8.6   6.6   2.7   506   506   506   506   506   506   506   506   506   506   506   506 
2007  -1.9  -7.7  -0.4   5.3  13.8  19.5  20.0  20.9  18.0  13.7   3.3  -2.0   506   506   506   506   506   506   506   506   506   506   506   506 
2008  -1.1  -2.9  -1.2  10.4  11.4  20.3  21.4  18.9  16.6   9.0   3.6  -1.6   506   506   506   506   506   506   506   506   506   506   506   506 
2009  -7.9  -2.4   1.4   8.6  14.0  17.3  19.4  20.7  16.0   8.8   6.0  -2.1   506   506   506   506   506   506   506   506   506   506   506   506 
2010  -4.4  -3.7   3.8  10.0  15.5  19.2  23.0  21.0  16.8  10.3   4.5  -3.7   506   506   506   506   506   506   506   506   506   506   506   506 
2011  -5.3  -4.5   0.2   7.6  15.1  19.2  23.4  20.6  17.8  10.6   7.6   1.1   506   506   506   506   506   506   506   506   506   506   506   506 
2012  -1.8   0.6   7.8   6.3  16.8  19.4  22.9  21.2  16.8  11.2   3.5   1.2   506   506   506   506   506   506   506   506   506   506   506   506 
2013  -2.4  -3.8   0.2   7.0  15.1  18.5  22.5  19.4  15.4  11.5   2.5  -2.1   506   506   506   506   506   506   506   506   506   506   506   506 
2014  -7.1  -6.5  -3.9   6.9  14.4  19.1  20.4  19.1  16.4  11.8   2.9   0.1   506   506   506   506   506   506   506   506   506   506   506   506 
2015  -7.3 -11.1  -3.4   6.9  17.0  17.7  20.7  20.6  19.6   9.9   7.1   5.0   506   506   506   506   506   506   506   506   506   506   506   506 
2016  -3.4  -1.8   3.9   4.8  13.8  18.7  22.5  23.1  18.3  11.2   5.5  -1.5   506   506   506   506   506   506   506   506   506   506   506   506 
2017  -0.9   1.0  -1.3   8.9 -99.0 -99.0 -99.0 -99.0 -99.0 -99.0 -99.0 -99.0   506   506   506   506   -99   -99   -99   -99   -99   -99   -99   -99 
