Number= 040444
Name= JOKULHEIMAR
Country= ICELAND
Lat=   64.3
Long=   18.3
Height= 672
Start year= 1963
End year= 1970
First Good year= 1963
Source ID= 95
Source file= Jones
Jones data to= 1970
Normals source start year= 1963
Normals source end year= 1970
Normals= -99.0 -99.0 -99.0 -99.0 -99.0 -99.0 -99.0 -99.0 -99.0 -99.0 -99.0 -99.0 
Standard deviations source= Data
Standard deviations source start year= 1963
Standard deviations source end year= 1970
Obs:
1963 -99.0 -99.0 -99.0 -99.0 -99.0   7.1   6.7   5.5   1.0 -99.0 -99.0 -99.0   -99   -99   -99   -99   -99   506   506   506   506   -99   -99   -99 
1964 -99.0 -99.0 -99.0 -99.0 -99.0   4.8   6.0   5.0 -99.0 -99.0 -99.0 -99.0   -99   -99   -99   -99   -99   506   506   506   -99   -99   -99   -99 
1965 -99.0 -99.0 -99.0 -99.0 -99.0   4.9   7.6   5.7 -99.0 -99.0 -99.0 -99.0   -99   -99   -99   -99   -99   506   506   506   -99   -99   -99   -99 
1966 -99.0 -99.0 -99.0 -99.0 -99.0   5.7   6.7   6.2 -99.0 -99.0 -99.0 -99.0   -99   -99   -99   -99   -99   506   506   506   -99   -99   -99   -99 
1967 -99.0 -99.0 -99.0 -99.0 -99.0 -99.0   6.7   5.8 -99.0 -99.0 -99.0 -99.0   -99   -99   -99   -99   -99   -99   506   506   -99   -99   -99   -99 
1968 -99.0 -99.0 -99.0 -99.0 -99.0   4.2   8.0   6.3 -99.0 -99.0 -99.0 -99.0   -99   -99   -99   -99   -99   506   506   506   -99   -99   -99   -99 
1969 -99.0 -99.0 -99.0 -99.0 -99.0   6.1   5.9   6.3 -99.0 -99.0 -99.0 -99.0   -99   -99   -99   -99   -99   506   506   506   -99   -99   -99   -99 
1970 -99.0 -99.0 -99.0 -99.0 -99.0   5.5   5.5   5.9 -99.0 -99.0 -99.0 -99.0   -99   -99   -99   -99   -99   506   506   506   -99   -99   -99   -99 
