Number= 040854
Name= FAGRIDALUR
Country= ICELAND
Lat=   65.8
Long=   14.5
Height= 39
Start year= 1925
End year= 1964
First Good year= 1925
Source ID= 95
Source file= Jones
Jones data to= 1964
Normals source start year= 1961
Normals source end year= 1964
Normals= -99.0 -99.0 -99.0 -99.0 -99.0 -99.0 -99.0 -99.0 -99.0 -99.0 -99.0 -99.0 
Standard deviations source= Data
Standard deviations source start year= 1941
Standard deviations source end year= 1964
Standard deviations=   2.1   1.8   2.4   1.8   1.6   1.3   1.0   1.6   1.6   1.5   1.6   1.5 
Obs:
1925 -99.0 -99.0 -99.0 -99.0 -99.0  11.6  11.9   9.6   6.7   2.3   1.1  -1.9   -99   -99   -99   -99   -99   506   506   506   506   506   506   506 
1926   0.2   1.8  -1.8   3.9   3.3   7.2  11.9  10.0   6.0   0.8   1.8   0.2   506   506   506   506   506   506   506   506   506   506   506   506 
1927  -2.0   2.0   1.7  -1.6   3.7   5.7  11.5   8.8   6.5   2.8   2.1   0.7   506   506   506   506   506   506   506   506   506   506   506   506 
1928  -0.8  -0.1   0.5   3.6   5.7   4.4   8.0   8.4   8.7   4.6   2.5   0.7   506   506   506   506   506   506   506   506   506   506   506   506 
1929   1.3   3.2   5.6   1.8   4.3   6.0   9.6   7.4   5.9   1.3   0.7   1.7   506   506   506   506   506   506   506   506   506   506   506   506 
1930  -1.4   2.2  -3.0   3.3   4.8   9.4   8.9   8.6   8.5   3.5  -1.6   1.6   506   506   506   506   506   506   506   506   506   506   506   506 
1931  -1.9  -3.1  -1.2   2.0   2.6   5.0   7.5  10.3   9.5   3.8   4.3   0.5   506   506   506   506   506   506   506   506   506   506   506   506 
1932  -0.9   4.8   1.3  -1.3   4.3   8.7   8.1  10.4   5.3   2.6   2.4   2.1   506   506   506   506   506   506   506   506   506   506   506   506 
1933   3.0  -2.6   1.3  -0.3   5.1   9.9  11.4  10.7  10.4   3.1   3.8   4.2   506   506   506   506   506   506   506   506   506   506   506   506 
1934   0.3   1.0  -0.6   0.5   3.9   9.1  10.2   9.9   8.3   3.4   1.6   2.4   506   506   506   506   506   506   506   506   506   506   506   506 
1935   2.4  -3.7   1.4  -0.6   6.0   6.5   9.6   9.4   6.7   2.9   3.0   0.1   506   506   506   506   506   506   506   506   506   506   506   506 
1936  -4.0  -2.4  -0.7   0.0   7.4   8.8   9.0  10.3   7.6   5.7   1.5  -2.5   506   506   506   506   506   506   506   506   506   506   506   506 
1937   1.5  -0.6  -3.1   3.2   5.3   7.8   9.2  10.8   6.8   4.4   2.7   0.0   506   506   506   506   506   506   506   506   506   506   506   506 
1938  -1.0   1.6   1.0   4.8   2.7   6.1   7.1  10.1   8.2   4.8   1.5   2.2   506   506   506   506   506   506   506   506   506   506   506   506 
1939  -1.5   0.4   2.3   1.6   6.9   8.2   7.9  12.0  10.2   6.5   0.7  -0.9   506   506   506   506   506   506   506   506   506   506   506   506 
1940   1.1  -1.3  -2.4   0.4   6.0  10.0   8.1   9.1   6.4   5.0   0.6   1.5   506   506   506   506   506   506   506   506   506   506   506   506 
1941  -1.3  -2.5   0.1   1.8   5.3   9.0  10.3   7.8  10.8   5.9   4.2   0.0   506   506   506   506   506   506   506   506   506   506   506   506 
1942   1.6  -0.6   1.1   2.6   3.4   5.8   8.1   9.2   5.8   2.2   3.0   0.7   506   506   506   506   506   506   506   506   506   506   506   506 
1943  -1.3  -3.1   0.5   0.5   2.8   7.1   9.0   5.4   6.9   4.1   1.2   2.0   506   506   506   506   506   506   506   506   506   506   506   506 
1944  -2.6  -1.3   0.5  -0.4   3.6   6.4   9.4   9.3   7.3   3.9   0.2  -0.4   506   506   506   506   506   506   506   506   506   506   506   506 
1945  -3.0  -0.6   3.3   2.3   4.4   6.5  10.3  11.3   9.2   5.8   4.5  -0.3   506   506   506   506   506   506   506   506   506   506   506   506 
1946   2.8  -0.7   0.6   2.1   6.8   5.8  10.0   8.7   6.5   7.6   1.5   2.6   506   506   506   506   506   506   506   506   506   506   506   506 
1947   4.1  -2.2  -4.3  -0.3   7.2   8.1  10.2  12.2   7.7   5.3  -0.4  -0.5   506   506   506   506   506   506   506   506   506   506   506   506 
1948   0.0   2.5   3.7   0.2   3.3   6.1   8.2   9.2   4.8   3.0   2.4   0.6   506   506   506   506   506   506   506   506   506   506   506   506 
1949  -2.5   0.3  -0.8  -2.4   0.8   7.4  10.0   8.6   8.4   3.3   2.6  -1.2   506   506   506   506   506   506   506   506   506   506   506   506 
1950   2.2  -1.5   0.1  -1.2   4.7   6.9   8.9   9.9   6.4   4.2   0.8  -1.8   506   506   506   506   506   506   506   506   506   506   506   506 
1951  -1.1  -0.2  -3.7  -2.2   4.9   5.9   9.0   8.4   7.3   6.2   1.3   0.1   506   506   506   506   506   506   506   506   506   506   506   506 
1952  -1.4   0.0  -0.5   1.4   3.5   3.6   8.8   7.6   6.8   5.8   2.2   1.0   506   506   506   506   506   506   506   506   506   506   506   506 
1953   0.1   1.2   3.0  -1.6   4.3  10.0   9.4  10.8   9.4   5.9   2.6   4.5   506   506   506   506   506   506   506   506   506   506   506   506 
1954   2.4   0.3  -0.2   2.5   4.8   7.1   8.2   8.6   4.4   2.7   3.1  -0.3   506   506   506   506   506   506   506   506   506   506   506   506 
1955  -1.8  -2.2  -0.6   3.4   3.0   7.2  12.6  11.8   7.8   2.4   2.8  -2.0   506   506   506   506   506   506   506   506   506   506   506   506 
1956  -2.4   2.8   3.1   0.8   4.8   6.7   8.9   6.7   7.0   4.7   5.7   2.3   506   506   506   506   506   506   506   506   506   506   506   506 
1957   2.1  -1.6  -0.1   3.8   4.4   6.4   8.2   9.0   6.0   3.8   3.1   0.0   506   506   506   506   506   506   506   506   506   506   506   506 
1958  -1.3  -3.2  -1.0   2.7   0.9   6.0   7.9   7.2   9.9   6.3   5.1   0.2   506   506   506   506   506   506   506   506   506   506   506   506 
1959  -2.9   3.1   3.6  -0.1   5.3   7.0   9.5   9.0   9.5   8.0   1.7   1.6   506   506   506   506   506   506   506   506   506   506   506   506 
1960   1.2  -1.1   2.3   2.4   6.3   8.6   9.1   8.3   8.2   3.9   3.7   0.9   506   506   506   506   506   506   506   506   506   506   506   506 
1961   1.4   1.1  -0.5  -0.5   6.7   6.7   8.3   8.9   8.2   6.1   2.9  -1.5   506   506   506   506   506   506   506   506   506   506   506   506 
1962   1.3  -0.3  -3.5   3.0   4.2   6.8   9.0   8.0   6.5   4.8   1.2   0.3   506   506   506   506   506   506   506   506   506   506   506   506 
1963  -0.9  -0.1   3.1   1.5   3.8   8.5   7.9   7.1   5.7   5.0  -0.4   1.0   506   506   506   506   506   506   506   506   506   506   506   506 
1964   2.8   2.2   5.2   2.4   5.2   7.4   9.6 -99.0 -99.0 -99.0 -99.0 -99.0   506   506   506   506   506   506   506   -99   -99   -99   -99   -99 
