Number= 042140
Name= NUUSSUAATAA (NUUSSU
Country= GREENLAND
Lat=   70.7
Long=   54.6
Height= 27
Start year= 1982
End year= 2016
First Good year= 1982
Source ID= 54
Source file= Jones
Jones data to= 2016
Normals source start year= 1982
Normals source end year= 1990
Normals= -99.0 -99.0 -99.0 -99.0 -99.0 -99.0 -99.0 -99.0 -99.0 -99.0 -99.0 -99.0 
Standard deviations source= Data
Standard deviations source start year= 1982
Standard deviations source end year= 1990
Obs:
1982 -99.0 -99.0 -99.0 -99.0 -99.0 -99.0 -99.0 -99.0 -99.0  -2.7  -7.4 -13.7   -99   -99   -99   -99   -99   -99   -99   -99   -99   506   506   506 
1983 -28.9 -23.6 -24.2 -14.9  -5.7   1.6   3.3   3.0   1.3  -4.4  -7.8 -11.3   506   506   506   506   506   506   506   506   506   506   506   506 
1984 -22.8 -99.0 -23.5 -17.0  -8.3   0.2   5.0   3.4   1.2  -2.9  -6.3 -12.0   506   -99   506   506   506   506   506   506   506   506   506   506 
1985  -7.7 -15.5 -16.9 -10.5  -1.2   2.5   4.8   4.5   2.9  -2.6  -3.9  -4.8   506   506   506   506   506   506   506   506   506   506   506   506 
1986  -9.0  -5.2 -17.9 -11.6  -2.8   0.3   2.8   4.9 -99.0 -99.0 -10.3 -12.2   506   506   506   506   506   506   506   506   -99   -99   506   506 
1987 -16.0 -22.9 -17.2 -17.8  -3.2   2.5   3.4   6.3   2.4  -2.7  -4.4 -11.4   506   506   506   506   506   506   506   506   506   506   506   506 
1988 -15.5  -9.5 -16.6  -9.0  -2.5   0.6   4.2   5.4 -99.0 -99.0 -99.0 -99.0   506   506   506   506   506   506   506   506   -99   -99   -99   -99 
1989 -99.0 -23.4 -22.7 -10.6  -5.6   0.3   3.4   3.5   0.2  -3.0  -4.2  -9.6   -99   506   506   506   506   506   506   506   506   506   506   506 
1990 -16.3 -20.7 -19.7 -13.0  -3.5   3.8   4.3   3.9   1.3  -3.8  -5.3 -13.2   506   506   506   506   506   506   506   506   506   506   506   506 
1991 -18.0 -14.2 -15.8 -16.7  -6.5   0.7   4.6   3.6   1.5  -2.6  -7.7 -10.0   506   506   506   506   506   506   506   506   506   506   506   506 
1992 -14.6 -26.4 -23.7 -12.0  -5.4  -0.5   3.4   3.2   1.4   0.1  -7.9 -11.8   506   506   506   506   506   506   506   506   506   506   506   506 
1993 -20.3 -21.6 -26.1 -13.5  -7.0 -99.0 -99.0   3.7   3.4  -0.8  -8.1 -12.9   506   506   506   506   506   -99   -99   506   506   506   506   506 
1994 -16.2 -14.8 -22.7  -9.7  -1.4   0.2   4.3  -3.2 -29.2  -4.4  -7.2 -12.9   506   506   506   506   506   506   506   506   506   506   506   506 
1995 -22.5 -23.6 -24.6 -15.7 -45.8 -99.0 -99.0 -99.0 -99.0  -3.1  -1.3  -9.2   506   506   506   506   506   -99   -99   -99   -99   506   506   506 
1996 -14.1 -15.6 -17.3  -9.0  -2.1   1.2   3.1   3.9   1.2  -3.2  -6.1  -5.6   506   506   506   506   506   506   506   506   506   506   506   506 
1997  -8.8 -19.2 -15.7 -12.8  -7.1   4.4   3.6   4.0   1.1  -1.7  -3.8  -5.9   506   506   506   506   506   506   506   506   506   506   506   506 
1998  -8.4 -19.7 -15.7  -7.3  -1.2   3.1   6.4   5.9   3.6  -1.8  -3.6  -4.5   506   506   506   506   506   506   506   506   506   506   506   506 
1999 -12.2 -19.3 -17.2  -9.5  -7.3   1.4   5.7   5.2   1.8  -3.0  -6.5  -7.8   506   506   506   506   506   506   506   506   506   506   506   506 
2000 -13.2 -15.9 -16.5  -3.5  -3.3   4.1   6.4   6.1   3.7  -2.6  -3.7  -5.8   506   506   506   506   506   506   506   506   506   506   506   506 
2001 -15.1 -16.5 -17.2  -7.9  -3.6   2.8   7.2   7.6   3.6  -0.5  -6.0  -6.9   506   506   506   506   506   506   506   506   506   506   506   506 
2002  -7.9 -20.4 -18.6 -12.9   0.0   2.9   5.4   4.8   4.7  -0.5  -2.8  -4.5   506   506   506   506   506   506   506   506   506   506   506   506 
2003  -6.1 -13.6 -10.1  -8.8  -1.1   4.8   5.1   6.2   3.2   1.1  -4.5  -6.4   506   506   506   506   506   506   506   506   506   506   506   506 
2004 -10.9 -11.1 -19.4  -9.6  -0.5   2.9   4.7   5.5   2.5   0.8  -4.4 -11.8   506   506   506   506   506   506   506   506   506   506   506   506 
2005 -12.6 -11.1  -6.4  -8.6  -1.5   4.4   6.2   6.1   1.8  -2.1  -3.1  -6.6   506   506   506   506   506   506   506   506   506   506   506   506 
2006 -15.0 -13.0  -9.7  -9.5  -0.5   2.3   5.6   6.9   4.2   0.0  -6.7  -9.3   506   506   506   506   506   506   506   506   506   506   506   506 
2007  -9.8  -6.8 -12.3 -10.3  -1.9   3.7   6.9   6.9   2.5  -1.9  -5.0  -8.1   506   506   506   506   506   506   506   506   506   506   506   506 
2008 -12.5 -17.6 -14.0  -6.9   0.3   5.1   7.7   6.0   2.6  -2.2  -5.8  -8.3   506   506   506   506   506   506   506   506   506   506   506   506 
2009  -7.9 -10.6 -16.2 -99.0 -99.0 -99.0 -99.0 -99.0 -99.0 -99.0  -8.0  -3.9   506   506   506   -99   -99   -99   -99   -99   -99   -99   506   506 
2010  -8.8  -6.3 -10.5  -5.5   0.9   4.1   6.1   7.7   4.8   0.7  -0.7  -2.5   506   506   506   506   506   506   506   506   506   506   506   506 
2011  -5.3  -9.6 -13.2 -13.3  -2.5   3.4   8.0   6.7   3.1  -2.2  -5.3  -8.2   506   506   506   506   506   506   506   506   506   506   506   506 
2012 -12.3 -14.6 -17.9  -6.8   0.2   5.5   7.2   7.1   4.3   0.5  -4.2  -5.7   506   506   506   506   506   506   506   506   506   506   506   506 
2013  -8.0 -12.5  -7.9  -5.8  -4.4   4.1   6.3   5.6   2.8  -1.3  -6.3  -8.5   506   506   506   506   506   506   506   506   506   506   506   506 
2014  -5.3  -9.3 -12.6 -10.2  -2.5 -99.0 -99.0   6.3   2.8  -1.1  -2.8  -8.9   506   506   506   506   506   -99   -99   506   506   506   506   506 
2015 -14.0 -19.3 -99.0 -99.0 -99.0 -99.0 -99.0   5.6   2.2  -2.1  -7.3 -12.4   506   506   -99   -99   -99   -99   -99   506   506   506   506   506 
2016 -99.0 -99.0 -99.0 -99.0 -99.0 -99.0 -99.0 -99.0 -99.0 -99.0 -99.0 -99.0   -99   -99   -99   -99   -99   -99   -99   -99   -99   -99   -99   -99 
