Number= 042720
Name= JULIANEHAB/QAQORTOQ
Country= GREENLAND
Lat=   60.7
Long=   46.1
Height= 32
Start year= 1807
End year= 2015
First Good year= 1807
Source ID= 47
Source file= Jones
Jones data to= 2015
Normals source= Data
Normals source start year= 1961
Normals source end year= 1990
Normals=  -5.5  -5.0  -4.4  -0.6   3.3   5.2   7.2   7.2   5.0   1.2  -1.9  -4.4 
Standard deviations source= Data
Standard deviations source start year= 1941
Standard deviations source end year= 1990
Standard deviations=   3.2   3.6   3.0   1.9   1.3   1.3   0.9   1.1   1.0   1.3   2.0   2.8 
Obs:
1807 -99.0 -99.0 -99.0 -99.0 -99.0 -99.0 -99.0 -99.0 -99.0 -99.0  -0.7  -1.2   -99   -99   -99   -99   -99   -99   -99   -99   -99   -99   506   506 
1808  -8.9  -5.0  -4.6 -99.0 -99.0 -99.0 -99.0 -99.0 -99.0 -99.0  -2.3  -3.2   506   506   506   -99   -99   -99   -99   -99   -99   -99   506   506 
1809  -1.5  -3.3  -5.6  -0.8   1.5   2.5   5.6   5.4   3.6  -0.8  -1.5  -8.0   506   506   506   506   506   506   506   506   506   506   506   506 
1810  -8.2  -8.3  -2.8  -2.8   1.8   2.5   5.6   3.8   1.6  -0.5  -4.8  -4.4   506   506   506   506   506   506   506   506   506   506   506   506 
1811 -11.5 -10.6 -13.0  -4.0   0.3   2.6   4.1   4.3   2.3 -99.0  -7.3  -6.0   506   506   506   506   506   506   506   506   506   -99   506   506 
1812  -5.0  -9.8  -4.2 -99.0 -99.0 -99.0 -99.0 -99.0 -99.0 -99.0 -99.0 -99.0   506   506   506   -99   -99   -99   -99   -99   -99   -99   -99   -99 
1813 -99.0 -99.0 -99.0 -99.0 -99.0 -99.0 -99.0 -99.0 -99.0 -99.0 -99.0 -99.0   -99   -99   -99   -99   -99   -99   -99   -99   -99   -99   -99   -99 
1814 -99.0 -99.0 -99.0 -99.0 -99.0 -99.0 -99.0 -99.0 -99.0 -99.0 -99.0 -99.0   -99   -99   -99   -99   -99   -99   -99   -99   -99   -99   -99   -99 
1815 -99.0 -99.0 -99.0 -99.0 -99.0 -99.0 -99.0 -99.0 -99.0 -99.0 -99.0 -99.0   -99   -99   -99   -99   -99   -99   -99   -99   -99   -99   -99   -99 
1816 -99.0 -99.0 -99.0 -99.0 -99.0 -99.0 -99.0 -99.0 -99.0 -99.0 -99.0 -99.0   -99   -99   -99   -99   -99   -99   -99   -99   -99   -99   -99   -99 
1817 -99.0 -99.0 -99.0 -99.0 -99.0 -99.0 -99.0 -99.0 -99.0 -99.0 -99.0 -99.0   -99   -99   -99   -99   -99   -99   -99   -99   -99   -99   -99   -99 
1818 -99.0 -99.0 -99.0 -99.0 -99.0 -99.0 -99.0 -99.0 -99.0 -99.0 -99.0 -99.0   -99   -99   -99   -99   -99   -99   -99   -99   -99   -99   -99   -99 
1819 -99.0 -99.0 -99.0 -99.0 -99.0 -99.0 -99.0 -99.0 -99.0 -99.0 -99.0 -99.0   -99   -99   -99   -99   -99   -99   -99   -99   -99   -99   -99   -99 
1820 -99.0 -99.0 -99.0 -99.0 -99.0 -99.0 -99.0 -99.0 -99.0 -99.0 -99.0 -99.0   -99   -99   -99   -99   -99   -99   -99   -99   -99   -99   -99   -99 
1821 -99.0 -99.0 -99.0 -99.0 -99.0 -99.0 -99.0 -99.0 -99.0 -99.0 -99.0 -99.0   -99   -99   -99   -99   -99   -99   -99   -99   -99   -99   -99   -99 
1822 -99.0 -99.0 -99.0 -99.0 -99.0 -99.0 -99.0 -99.0 -99.0 -99.0 -99.0 -99.0   -99   -99   -99   -99   -99   -99   -99   -99   -99   -99   -99   -99 
1823 -99.0 -99.0 -99.0 -99.0 -99.0 -99.0 -99.0 -99.0 -99.0 -99.0 -99.0 -99.0   -99   -99   -99   -99   -99   -99   -99   -99   -99   -99   -99   -99 
1824 -99.0 -99.0 -99.0 -99.0 -99.0 -99.0 -99.0 -99.0 -99.0 -99.0 -99.0 -99.0   -99   -99   -99   -99   -99   -99   -99   -99   -99   -99   -99   -99 
1825 -99.0 -99.0 -99.0 -99.0 -99.0 -99.0 -99.0 -99.0 -99.0 -99.0 -99.0 -99.0   -99   -99   -99   -99   -99   -99   -99   -99   -99   -99   -99   -99 
1826 -99.0 -99.0 -99.0 -99.0 -99.0 -99.0 -99.0 -99.0 -99.0 -99.0 -99.0 -99.0   -99   -99   -99   -99   -99   -99   -99   -99   -99   -99   -99   -99 
1827 -99.0 -99.0 -99.0 -99.0 -99.0 -99.0 -99.0 -99.0 -99.0 -99.0 -99.0 -99.0   -99   -99   -99   -99   -99   -99   -99   -99   -99   -99   -99   -99 
1828 -99.0 -99.0 -99.0 -99.0 -99.0 -99.0 -99.0 -99.0 -99.0   0.0  -2.7  -7.5   -99   -99   -99   -99   -99   -99   -99   -99   -99   506   506   506 
1829  -5.3  -3.6   1.2   2.4 -99.0 -99.0 -99.0 -99.0 -99.0 -99.0  -2.3  -7.1   506   506   506   506   -99   -99   -99   -99   -99   -99   506   506 
1830  -2.4  -4.9  -9.1  -1.2 -99.0 -99.0 -99.0 -99.0 -99.0 -99.0 -99.0 -99.0   506   506   506   506   -99   -99   -99   -99   -99   -99   -99   -99 
1831 -99.0 -99.0 -99.0 -99.0 -99.0 -99.0 -99.0 -99.0 -99.0 -99.0 -99.0 -99.0   -99   -99   -99   -99   -99   -99   -99   -99   -99   -99   -99   -99 
1832 -99.0 -99.0 -99.0 -99.0 -99.0 -99.0 -99.0 -99.0 -99.0 -99.0 -99.0 -99.0   -99   -99   -99   -99   -99   -99   -99   -99   -99   -99   -99   -99 
1833 -99.0 -99.0 -99.0 -99.0 -99.0 -99.0 -99.0 -99.0 -99.0 -99.0 -99.0 -99.0   -99   -99   -99   -99   -99   -99   -99   -99   -99   -99   -99   -99 
1834 -99.0 -99.0 -99.0 -99.0 -99.0 -99.0 -99.0 -99.0 -99.0 -99.0 -99.0 -99.0   -99   -99   -99   -99   -99   -99   -99   -99   -99   -99   -99   -99 
1835 -99.0 -99.0 -99.0 -99.0 -99.0 -99.0 -99.0 -99.0 -99.0 -99.0 -99.0 -99.0   -99   -99   -99   -99   -99   -99   -99   -99   -99   -99   -99   -99 
1836 -99.0 -99.0 -99.0 -99.0 -99.0 -99.0 -99.0 -99.0 -99.0 -99.0 -99.0 -99.0   -99   -99   -99   -99   -99   -99   -99   -99   -99   -99   -99   -99 
1837 -99.0 -99.0 -99.0 -99.0 -99.0 -99.0 -99.0 -99.0 -99.0 -99.0 -99.0 -99.0   -99   -99   -99   -99   -99   -99   -99   -99   -99   -99   -99   -99 
1838 -99.0 -99.0 -99.0 -99.0 -99.0 -99.0 -99.0 -99.0 -99.0 -99.0 -99.0 -99.0   -99   -99   -99   -99   -99   -99   -99   -99   -99   -99   -99   -99 
1839 -99.0 -99.0 -99.0 -99.0 -99.0 -99.0 -99.0 -99.0 -99.0 -99.0 -99.0 -99.0   -99   -99   -99   -99   -99   -99   -99   -99   -99   -99   -99   -99 
1840 -99.0 -99.0 -99.0  -0.9   3.7   6.1   7.2   6.3   3.2   0.4  -6.8  -8.0   -99   -99   -99   506   506   506   506   506   506   506   506   506 
1841  -9.8  -4.7  -4.8  -3.4   3.1 -99.0 -99.0   7.5   4.5  -0.6  -5.2  -6.4   506   506   506   506   506   -99   -99   506   506   506   506   506 
1842  -8.7 -11.0  -7.4   0.5 -99.0 -99.0 -99.0 -99.0 -99.0 -99.0 -99.0 -99.0   506   506   506   506   -99   -99   -99   -99   -99   -99   -99   -99 
1843 -99.0 -99.0 -99.0 -99.0 -99.0 -99.0 -99.0 -99.0 -99.0 -99.0 -99.0 -99.0   -99   -99   -99   -99   -99   -99   -99   -99   -99   -99   -99   -99 
1844 -99.0 -99.0 -99.0 -99.0 -99.0 -99.0 -99.0 -99.0 -99.0 -99.0 -99.0 -99.0   -99   -99   -99   -99   -99   -99   -99   -99   -99   -99   -99   -99 
1845 -99.0 -99.0 -99.0 -99.0 -99.0 -99.0 -99.0 -99.0 -99.0 -99.0 -99.0 -99.0   -99   -99   -99   -99   -99   -99   -99   -99   -99   -99   -99   -99 
1846 -99.0 -99.0 -99.0 -99.0 -99.0 -99.0 -99.0 -99.0 -99.0 -99.0 -99.0 -99.0   -99   -99   -99   -99   -99   -99   -99   -99   -99   -99   -99   -99 
1847 -99.0 -99.0 -99.0 -99.0 -99.0 -99.0 -99.0 -99.0 -99.0 -99.0 -99.0 -99.0   -99   -99   -99   -99   -99   -99   -99   -99   -99   -99   -99   -99 
1848 -99.0 -99.0 -99.0 -99.0 -99.0 -99.0 -99.0 -99.0 -99.0 -99.0 -99.0 -99.0   -99   -99   -99   -99   -99   -99   -99   -99   -99   -99   -99   -99 
1849 -99.0 -99.0 -99.0 -99.0 -99.0 -99.0 -99.0 -99.0 -99.0 -99.0 -99.0 -99.0   -99   -99   -99   -99   -99   -99   -99   -99   -99   -99   -99   -99 
1850 -99.0 -99.0 -99.0 -99.0 -99.0 -99.0 -99.0 -99.0 -99.0 -99.0 -99.0 -99.0   -99   -99   -99   -99   -99   -99   -99   -99   -99   -99   -99   -99 
1851 -99.0 -99.0 -99.0 -99.0 -99.0 -99.0 -99.0 -99.0   4.0  -0.5   1.9  -7.2   -99   -99   -99   -99   -99   -99   -99   -99   506   506   506   506 
1852 -11.2  -3.6  -1.3   0.4   3.8   6.4   8.2   7.3 -99.0 -99.0 -99.0 -99.0   506   506   506   506   506   506   506   506   -99   -99   -99   -99 
1853 -99.0 -99.0 -99.0 -99.0   4.5   5.9 -99.0   7.7   1.7   1.3  -7.5  -4.7   -99   -99   -99   -99   506   506   -99   506   506   506   506   506 
1854  -7.8  -9.5  -8.4  -1.8  -1.4   5.0   8.2   7.7   3.8  -0.3  -0.2  -7.4   506   506   506   506   506   506   506   506   506   506   506   506 
1855  -6.8  -3.5  -3.6  -2.1   3.0   5.4   7.2   6.9   3.2   0.6  -2.3  -2.4   506   506   506   506   506   506   506   506   506   506   506   506 
1856  -1.2   0.6  -0.1   0.7   4.9   5.6   7.8   8.4   5.7  -0.6   1.9  -3.3   506   506   506   506   506   506   506   506   506   506   506   506 
1857  -6.0 -12.4  -4.8  -0.1   3.6   6.6   7.5   8.1   5.5  -1.5  -5.2  -7.7   506   506   506   506   506   506   506   506   506   506   506   506 
1858  -9.9  -5.6  -1.6   0.3   2.9   5.7 -99.0 -99.0 -99.0 -99.0 -99.0 -99.0   506   506   506   506   506   506   -99   -99   -99   -99   -99   -99 
1859 -99.0 -99.0 -99.0 -99.0 -99.0 -99.0 -99.0 -99.0 -99.0 -99.0 -99.0 -99.0   -99   -99   -99   -99   -99   -99   -99   -99   -99   -99   -99   -99 
1860 -99.0 -99.0 -99.0 -99.0 -99.0 -99.0 -99.0 -99.0 -99.0 -99.0 -99.0 -99.0   -99   -99   -99   -99   -99   -99   -99   -99   -99   -99   -99   -99 
1861 -99.0 -99.0 -99.0 -99.0 -99.0 -99.0 -99.0 -99.0 -99.0 -99.0 -99.0 -99.0   -99   -99   -99   -99   -99   -99   -99   -99   -99   -99   -99   -99 
1862 -99.0 -99.0 -99.0 -99.0 -99.0 -99.0 -99.0 -99.0 -99.0 -99.0 -99.0  -9.3   -99   -99   -99   -99   -99   -99   -99   -99   -99   -99   -99   506 
1863 -14.8 -14.6 -10.6  -6.5 -99.0 -99.0 -99.0 -99.0 -99.0 -99.0 -99.0 -99.0   506   506   506   506   -99   -99   -99   -99   -99   -99   -99   -99 
1864 -99.0 -99.0 -99.0 -99.0 -99.0 -99.0 -99.0 -99.0 -99.0 -99.0 -99.0 -99.0   -99   -99   -99   -99   -99   -99   -99   -99   -99   -99   -99   -99 
1865 -99.0 -99.0 -99.0 -99.0 -99.0 -99.0 -99.0 -99.0 -99.0 -99.0 -99.0 -99.0   -99   -99   -99   -99   -99   -99   -99   -99   -99   -99   -99   -99 
1866 -99.0 -99.0 -99.0 -99.0 -99.0 -99.0 -99.0 -99.0 -99.0 -99.0 -99.0 -99.0   -99   -99   -99   -99   -99   -99   -99   -99   -99   -99   -99   -99 
1867 -99.0 -99.0 -99.0 -99.0 -99.0 -99.0 -99.0 -99.0 -99.0 -99.0 -99.0 -99.0   -99   -99   -99   -99   -99   -99   -99   -99   -99   -99   -99   -99 
1868 -99.0 -99.0 -99.0 -99.0 -99.0 -99.0 -99.0 -99.0 -99.0 -99.0 -99.0 -99.0   -99   -99   -99   -99   -99   -99   -99   -99   -99   -99   -99   -99 
1869 -99.0 -99.0 -99.0 -99.0 -99.0 -99.0 -99.0 -99.0 -99.0 -99.0 -99.0 -99.0   -99   -99   -99   -99   -99   -99   -99   -99   -99   -99   -99   -99 
1870 -99.0 -99.0 -99.0 -99.0 -99.0 -99.0 -99.0 -99.0 -99.0 -99.0 -99.0 -99.0   -99   -99   -99   -99   -99   -99   -99   -99   -99   -99   -99   -99 
1871 -99.0 -99.0 -99.0 -99.0 -99.0 -99.0 -99.0 -99.0 -99.0 -99.0 -99.0 -99.0   -99   -99   -99   -99   -99   -99   -99   -99   -99   -99   -99   -99 
1872 -99.0 -99.0 -99.0 -99.0 -99.0 -99.0 -99.0 -99.0 -99.0 -99.0 -99.0 -99.0   -99   -99   -99   -99   -99   -99   -99   -99   -99   -99   -99   -99 
1873  -9.9  -5.5  -6.8   0.1   3.6   3.6   5.3   3.5   2.6  -1.3  -3.0  -8.8   506   506   506   506   506   506   506   506   506   506   506   506 
1874 -11.6  -6.9  -4.5  -3.1   3.9   3.6   5.4   3.3   1.9  -2.2  -4.4  -5.3   506   506   506   506   506   506   506   506   506   506   506   506 
1875  -6.3  -6.2  -6.9   1.7   3.2   5.6   7.4   6.6   5.2   1.8  -0.9  -3.4   506   506   506   506   506   506   506   506   506   506   506   506 
1876  -8.3  -6.6  -4.6   0.2   3.7   5.5   6.2   6.9   6.1   3.3  -2.1  -3.7   506   506   506   506   506   506   506   506   506   506   506   506 
1877  -8.8  -6.1  -3.5  -0.1   5.1   7.1   7.7   8.8   7.0   1.3  -4.6  -7.1   506   506   506   506   506   506   506   506   506   506   506   506 
1878  -6.8  -3.7  -3.5  -0.1   4.6   7.5   7.2   7.6   3.6   0.8   1.7   0.9   506   506   506   506   506   506   506   506   506   506   506   506 
1879  -4.6  -4.8  -5.3   2.8   3.5   6.8   7.4   7.0   3.3   2.0  -0.3  -7.4   506   506   506   506   506   506   506   506   506   506   506   506 
1880  -8.5  -9.5  -4.1  -0.1   3.4   7.1   8.0   6.9   4.9   2.5  -1.2  -4.9   506   506   506   506   506   506   506   506   506   506   506   506 
1881  -3.2  -4.0  -3.7   4.1   3.3   4.4   4.9   6.0   4.0   0.0  -4.1  -8.4   506   506   506   506   506   506   506   506   506   506   506   506 
1882 -11.6  -8.1 -12.0  -1.4   3.5   5.1   6.0   5.4   3.8  -0.2  -4.9  -3.7   506   506   506   506   506   506   506   506   506   506   506   506 
1883 -11.4 -14.7  -2.9  -3.2   2.5   5.9   7.4   5.6   4.4  -0.8  -5.2 -10.8   506   506   506   506   506   506   506   506   506   506   506   506 
1884 -10.8 -11.9  -8.6  -0.3   2.6   3.8   6.2   4.3   3.2  -1.6  -4.2  -9.6   506   506   506   506   506   506   506   506   506   506   506   506 
1885  -7.7  -8.6  -3.7  -0.2   3.5   4.9   7.1   9.1   3.9   0.8  -4.2  -5.3   506   506   506   506   506   506   506   506   506   506   506   506 
1886  -7.9  -7.1  -3.0  -2.6   3.5   3.9   6.8   6.2   3.9   0.3  -2.2  -6.3   506   506   506   506   506   506   506   506   506   506   506   506 
1887 -10.8 -12.7  -8.8   0.5   2.9   5.6   7.2   7.5   4.3   1.0   0.0  -6.7   506   506   506   506   506   506   506   506   506   506   506   506 
1888  -3.6  -4.2  -3.2   0.3   5.2   6.2   7.6   8.9   3.7   3.3  -5.9  -8.6   506   506   506   506   506   506   506   506   506   506   506   506 
1889  -8.0  -4.8  -3.9  -1.9   2.7   4.1   7.9   5.5   5.0   0.9  -5.4  -7.2   506   506   506   506   506   506   506   506   506   506   506   506 
1890 -10.9  -7.7  -5.3  -0.5   2.7   5.2   7.0   6.5   2.3   0.7  -4.8  -7.0   506   506   506   506   506   506   506   506   506   506   506   506 
1891  -7.4 -11.3  -4.6  -1.5   4.2   8.7   8.1   7.4   3.9  -1.0  -3.7  -6.5   506   506   506   506   506   506   506   506   506   506   506   506 
1892  -8.2  -6.9  -3.7   0.7   4.9   7.5   7.2   7.0   3.7   4.1  -3.7  -2.5   506   506   506   506   506   506   506   506   506   506   506   506 
1893  -3.3  -6.8  -4.6  -1.4   3.0   6.0   7.6   8.4   6.3   0.7  -1.1  -9.2   506   506   506   506   506   506   506   506   506   506   506   506 
1894  -9.1 -13.8  -8.6  -4.1   3.8   4.3   7.3   7.3   4.6   2.5  -5.1  -6.7   506   506   506   506   506   506   506   506   506   506   506   506 
1895  -3.4  -1.2  -3.1   1.0   3.7   7.2   7.6   7.3   4.7   3.2  -4.7  -8.7   506   506   506   506   506   506   506   506   506   506   506   506 
1896  -8.1  -8.6  -6.5  -1.6   1.6   6.5   6.8   7.6   3.6   2.0  -5.3 -11.9   506   506   506   506   506   506   506   506   506   506   506   506 
1897  -6.5  -7.0  -3.5  -4.6   2.1   7.9   5.9   6.5   5.9   1.8  -3.4  -6.6   506   506   506   506   506   506   506   506   506   506   506   506 
1898 -10.8 -13.2  -4.3  -1.5   3.0   6.8   6.2   7.1   3.5   0.0  -7.2  -8.5   506   506   506   506   506   506   506   506   506   506   506   506 
1899  -7.4  -6.8  -4.6   0.2   5.0   6.2   6.7   7.9   5.0   0.4  -4.9  -8.2   506   506   506   506   506   506   506   506   506   506   506   506 
1900 -10.0  -3.4  -0.1  -0.2   4.5   6.8   8.4   8.8   4.4   1.0  -5.1  -6.3   506   506   506   506   506   506   506   506   506   506   506   506 
1901 -10.1   2.9  -2.1  -0.4   4.3   5.4   6.2   6.0   4.2  -0.3  -1.4  -5.2   506   506   506   506   506   506   506   506   506   506   506   506 
1902  -7.4  -3.4  -5.3   0.0   4.2   6.9   7.8   7.8   5.6   1.6  -5.1  -7.6   506   506   506   506   506   506   506   506   506   506   506   506 
1903  -9.1  -8.2 -11.4  -2.0   1.9   5.2   7.3   6.8   5.7   2.8  -1.7  -4.8   506   506   506   506   506   506   506   506   506   506   506   506 
1904  -9.6  -8.4  -8.3  -4.9   2.4   6.2   6.5   9.0   3.7  -1.8  -2.2  -3.9   506   506   506   506   506   506   506   506   506   506   506   506 
1905 -10.3  -8.0  -4.7   1.2   4.5   5.1   7.3   7.1   4.2   4.4  -0.7  -7.0   506   506   506   506   506   506   506   506   506   506   506   506 
1906  -8.7 -12.1  -4.3  -5.2   4.7   6.4   5.8   8.0   4.9   0.6  -5.2  -8.6   506   506   506   506   506   506   506   506   506   506   506   506 
1907  -9.7  -9.2  -9.8  -2.1   3.3   3.9   7.2   6.0   3.6   1.3  -4.8  -7.4   506   506   506   506   506   506   506   506   506   506   506   506 
1908  -9.6  -8.3  -7.5   1.4   2.4   4.5   8.9   6.7   5.8  -1.5  -2.0  -7.0   506   506   506   506   506   506   506   506   506   506   506   506 
1909 -10.4  -6.4   0.4   1.5   4.9   8.2   6.1   7.0   6.1   0.6  -1.8  -7.5   506   506   506   506   506   506   506   506   506   506   506   506 
1910  -8.1 -13.8  -7.3  -1.3   0.8   6.2   6.9   7.4   3.7   1.7  -2.8  -3.5   506   506   506   506   506   506   506   506   506   506   506   506 
1911  -8.9  -8.0  -5.0  -1.5   2.0   5.8   6.9   8.2   4.8   2.4  -2.4  -8.6   506   506   506   506   506   506   506   506   506   506   506   506 
1912  -7.9  -5.4  -5.3   0.2   4.0   7.5   7.8   8.1   4.9   1.0  -1.0  -5.3   506   506   506   506   506   506   506   506   506   506   506   506 
1913  -6.9  -3.6  -8.3  -1.6   3.4   8.0   6.8   5.5   4.3   0.2  -5.6  -8.0   506   506   506   506   506   506   506   506   506   506   506   506 
1914  -8.0  -9.1  -7.5  -0.6   1.7   4.0   6.0   6.2   3.3   0.4  -4.0 -13.0   506   506   506   506   506   506   506   506   506   506   506   506 
1915  -7.6  -9.5  -0.6  -1.9   5.1   6.2   8.0   7.3   6.4   0.4  -0.1  -2.1   506   506   506   506   506   506   506   506   506   506   506   506 
1916  -7.7  -8.6   1.8  -1.1   5.0   6.7   7.0   7.4   6.0   0.7  -3.0  -4.4   506   506   506   506   506   506   506   506   506   506   506   506 
1917  -2.3  -2.3  -2.8  -0.1   5.0   7.1   9.4   7.5   3.4  -1.4  -5.5  -4.5   506   506   506   506   506   506   506   506   506   506   506   506 
1918  -4.5  -9.7  -5.6  -2.7   3.1   3.7   8.2   6.4   4.7  -0.1  -6.3  -6.5   506   506   506   506   506   506   506   506   506   506   506   506 
1919  -6.1  -5.0  -4.5  -1.6   3.9   4.8   7.4   7.0   4.3   3.5  -1.5  -5.7   506   506   506   506   506   506   506   506   506   506   506   506 
1920 -10.5  -8.8  -9.3   0.4   1.9   6.2   6.4   5.8   3.7   0.3  -7.3  -5.2   506   506   506   506   506   506   506   506   506   506   506   506 
1921  -8.0 -10.1  -8.4  -2.8   3.1   5.4   6.6   6.3   4.1   0.7  -4.0  -9.1   506   506   506   506   506   506   506   506   506   506   506   506 
1922  -7.3 -12.7  -2.8  -0.8   2.4   2.9   6.0   7.8   4.0   1.8  -1.3  -5.3   506   506   506   506   506   506   506   506   506   506   506   506 
1923  -7.4  -2.8  -2.4  -0.9   5.0   7.3   8.9   7.8   4.9   1.7  -1.7  -5.6   506   506   506   506   506   506   506   506   506   506   506   506 
1924  -5.1  -3.9  -2.8   0.6   4.8   8.3   7.3   8.3   5.1   1.9  -2.4  -7.6   506   506   506   506   506   506   506   506   506   506   506   506 
1925  -9.3 -10.5  -4.1  -0.6   4.3   5.6   6.5   6.9   5.8   4.0  -0.1  -0.8   506   506   506   506   506   506   506   506   506   506   506   506 
1926  -3.5  -3.3  -2.8   1.8   5.9   7.8   7.3   8.4   4.8   3.3  -2.9  -3.7   506   506   506   506   506   506   506   506   506   506   506   506 
1927  -5.4  -5.5  -3.0   0.5   6.1   8.1   8.3   8.6   6.6   3.7  -2.9  -2.3   506   506   506   506   506   506   506   506   506   506   506   506 
1928  -6.4  -8.3  -2.5   1.0   5.8   8.6   9.2   9.8   6.2   3.0  -1.0  -5.5   506   506   506   506   506   506   506   506   506   506   506   506 
1929   0.1  -2.9   1.5   3.6   5.4   9.8   8.4   9.4   5.2   1.0  -2.3  -7.4   506   506   506   506   506   506   506   506   506   506   506   506 
1930  -6.6  -6.1  -1.6   1.3   6.2   7.3   8.2   6.8   6.4   0.7  -3.7  -6.4   506   506   506   506   506   506   506   506   506   506   506   506 
1931  -3.5  -6.9  -6.6  -0.4   5.4   7.0   7.9   9.5   7.7   1.8  -6.2  -6.5   506   506   506   506   506   506   506   506   506   506   506   506 
1932  -9.5  -0.3   2.4   2.9   6.5   7.7   9.4   7.8   6.2   3.1  -2.7  -8.1   506   506   506   506   506   506   506   506   506   506   506   506 
1933  -9.5  -4.7  -5.6  -0.2   5.7   6.3   8.4   7.7   5.6   2.0  -0.2  -4.1   506   506   506   506   506   506   506   506   506   506   506   506 
1934  -8.0  -5.2  -6.7   1.4   2.3   6.7   8.0   7.5   4.9   1.1  -1.8  -2.2   506   506   506   506   506   506   506   506   506   506   506   506 
1935  -5.5  -7.7  -2.7   3.0   7.7   6.8   7.1   8.8   6.0   1.3  -4.0  -1.9   506   506   506   506   506   506   506   506   506   506   506   506 
1936   0.0  -0.3  -2.5   1.7   3.9   6.8   9.2   8.3   6.6   2.4  -1.5  -7.9   506   506   506   506   506   506   506   506   506   506   506   506 
1937  -9.0  -7.5   0.8  -1.9   2.8   6.5   7.4   7.5   5.3   1.4   0.3  -5.6   506   506   506   506   506   506   506   506   506   506   506   506 
1938  -9.6  -7.5  -6.8  -2.3   3.7   5.0   6.3   7.6   4.8  -1.0  -6.2  -8.4   506   506   506   506   506   506   506   506   506   506   506   506 
1939  -4.2 -10.1  -6.0   1.4   3.8   6.7   9.1   8.0   7.2   3.4  -1.3  -1.0   506   506   506   506   506   506   506   506   506   506   506   506 
1940  -2.3  -0.3  -1.5   1.0   3.7   4.4   6.6   6.4   4.5   3.6  -2.9  -2.8   506   506   506   506   506   506   506   506   506   506   506   506 
1941  -1.5  -2.3   0.0   2.2   6.1   6.6   7.9  10.0   5.9   3.6  -1.6  -5.2   506   506   506   506   506   506   506   506   506   506   506   506 
1942  -6.7   2.2  -1.7  -1.1   5.1   7.1   7.9   7.6   5.3   1.0   0.4  -3.6   506   506   506   506   506   506   506   506   506   506   506   506 
1943  -1.2  -6.3  -6.9  -2.2   2.6   6.5   6.5   6.8   5.0  -0.4  -1.4  -4.6   506   506   506   506   506   506   506   506   506   506   506   506 
1944  -8.3  -4.4  -1.8   0.7   2.8   6.1   7.2   7.7   4.5   1.6  -5.2  -6.9   506   506   506   506   506   506   506   506   506   506   506   506 
1945  -3.3  -9.1  -3.6  -2.6   4.2   6.5   7.0   7.0   4.5   3.3  -2.1  -0.5   506   506   506   506   506   506   506   506   506   506   506   506 
1946  -7.1  -2.8  -1.0  -1.2   4.9   5.7   6.0   8.3   4.6   2.4   0.7  -1.7   506   506   506   506   506   506   506   506   506   506   506   506 
1947  -4.8   0.5  -0.4   0.5   4.7   8.3   7.6   6.9   5.1   2.8  -1.0  -0.8   506   506   506   506   506   506   506   506   506   506   506   506 
1948  -5.0  -5.9  -6.7  -0.9   3.2   8.7   8.1   8.8   5.1   0.9  -3.8  -4.8   506   506   506   506   506   506   506   506   506   506   506   506 
1949  -8.5 -10.8  -3.4  -3.0   3.2   6.7   8.0   7.3   4.7   0.6  -2.0  -5.7   506   506   506   506   506   506   506   506   506   506   506   506 
1950  -8.2  -6.6  -0.5   0.6   4.5   7.8   7.9   7.6   5.1   0.7  -2.4  -2.6   506   506   506   506   506   506   506   506   506   506   506   506 
1951  -6.3  -8.3  -2.9  -0.4   4.8   8.3   7.2   7.3   6.6   0.9  -0.7  -7.2   506   506   506   506   506   506   506   506   506   506   506   506 
1952  -6.8  -4.5  -3.7  -0.1   5.2   7.0   7.2   8.3   7.5   2.7   0.8  -1.5   506   506   506   506   506   506   506   506   506   506   506   506 
1953  -6.2  -2.7  -4.8   2.8   5.8   6.7   7.6   7.8   5.3  -0.1  -4.5  -8.8   506   506   506   506   506   506   506   506   506   506   506   506 
1954  -6.1  -8.1  -1.5  -2.1   4.8   7.3   7.3   8.0   5.5   1.3  -4.5  -7.8   506   506   506   506   506   506   506   506   506   506   506   506 
1955  -7.4  -2.8  -0.2   0.4   4.4   7.2   5.4   6.6   5.0   2.5   1.6  -2.7   506   506   506   506   506   506   506   506   506   506   506   506 
1956  -8.4  -4.9  -1.3   1.7   2.8   5.2   7.3   8.5   4.9   0.9  -3.0  -9.4   506   506   506   506   506   506   506   506   506   506   506   506 
1957  -8.7  -4.2  -2.0   1.6   5.0   7.9   7.2   7.0   6.6   0.2  -1.9  -4.8   506   506   506   506   506   506   506   506   506   506   506   506 
1958  -6.6  -2.5  -3.2  -0.5   4.4   6.7   8.9   8.5   5.9   1.4  -1.7  -2.5   506   506   506   506   506   506   506   506   506   506   506   506 
1959  -1.8  -6.6  -5.4   1.5   4.3   4.6   7.5   7.3   5.1   1.5  -2.5  -6.6   506   506   506   506   506   506   506   506   506   506   506   506 
1960  -3.7  -5.4  -4.8  -0.1   3.5   5.9   7.6   9.7   5.1   4.7  -0.3  -4.8   506   506   506   506   506   506   506   506   506   506   506   506 
1961  -2.1  -8.1  -6.2   2.8   3.4   5.7   7.5   8.0   5.8   2.8  -2.0  -1.5   506   506   506   506   506   506   506   506   506   506   506   506 
1962  -5.9  -5.5   2.0  -0.3   5.1   6.0   7.6   7.9   5.1   3.2  -1.9  -3.9   506   506   506   506   506   506   506   506   506   506   506   506 
1963  -4.0  -1.9  -1.8   0.8   2.1   6.4   6.9   7.1   3.5  -1.5  -3.6   0.4   506   506   506   506   506   506   506   506   506   506   506   506 
1964  -2.9  -0.4  -6.1  -0.6   4.1   5.5   7.3   9.1   6.6   2.4  -0.3  -5.6   506   506   506   506   506   506   506   506   506   506   506   506 
1965  -5.8  -0.1   1.0   0.7   6.3   6.7   8.4   8.6   5.4   0.9   1.4  -3.2   506   506   506   506   506   506   506   506   506   506   506   506 
1966  -4.1   0.7  -3.2   2.1   3.5   5.1   8.4   8.8   6.8   4.0  -1.9  -6.2   506   506   506   506   506   506   506   506   506   506   506   506 
1967  -0.2  -5.5  -9.0  -3.0   3.1   4.6   7.7   6.9   5.0   0.1  -3.0  -3.8   506   506   506   506   506   506   506   506   506   506   506   506 
1968  -3.8  -3.6  -4.8   1.2   6.4   5.7   8.4   7.0   6.1   1.8  -0.8  -1.5   506   506   506   506   506   506   506   506   506   506   506   506 
1969  -2.8  -3.0  -1.1  -1.1   3.8   5.6   4.8   6.6   2.0   0.0  -4.1  -5.6   506   506   506   506   506   506   506   506   506   506   506   506 
1970  -2.1  -5.7  -0.1   0.1   2.3   4.1   5.6   6.8   4.7   1.1  -3.2  -3.0   506   506   506   506   506   506   506   506   506   506   506   506 
1971  -4.9  -9.4  -1.1  -0.4   2.0   6.1   7.1   6.3   5.1   0.9  -1.4  -9.6   506   506   506   506   506   506   506   506   506   506   506   506 
1972 -10.5  -6.8  -8.8  -1.6   0.8   3.5   6.0   6.4   5.3  -0.2  -4.4  -7.6   506   506   506   506   506   506   506   506   506   506   506   506 
1973  -5.9  -8.5  -4.8   0.6   2.3   4.5   6.8   6.3   5.4   1.1   0.4  -4.2   506   506   506   506   506   506   506   506   506   506   506   506 
1974  -8.0  -5.5  -3.3  -2.1   3.5   5.0   8.0   8.0   4.0   2.5  -2.2 -10.6   506   506   506   506   506   506   506   506   506   506   506   506 
1975 -10.1  -3.8  -2.5   0.9   4.4   4.5   6.9   8.0   4.4   3.4  -3.0  -5.2   506   506   506   506   506   506   506   506   506   506   506   506 
1976  -7.4 -11.0  -8.4  -0.1   3.3   4.3   7.3   5.4   5.4   0.4  -1.7  -1.8   506   506   506   506   506   506   506   506   506   506   506   506 
1977  -0.4  -0.5  -0.1   1.4   4.6   7.0   8.9   8.1   4.9   0.6  -0.5  -4.1   506   506   506   506   506   506   506   506   506   506   506   506 
1978  -8.0  -1.3  -5.8   2.2   2.3   4.1   7.3   8.0   6.2   0.7  -5.5   2.4   506   506   506   506   506   506   506   506   506   506   506   506 
1979  -4.4  -1.5  -5.1   2.2   4.0   4.9   6.8   7.9   5.2   0.8  -4.6  -7.1   506   506   506   506   506   506   506   506   506   506   506   506 
1980  -1.8  -1.9  -3.6  -1.7   4.2   5.4   7.2   7.8   5.4   3.9  -0.6  -3.4   506   506   506   506   506   506   506   506   506   506   506   506 
1981  -3.6  -7.1  -4.7  -0.4   2.9   6.0   8.1   6.2   5.9   0.3  -3.3  -2.9   506   506   506   506   506   506   506   506   506   506   506   506 
1982  -4.1  -8.7  -5.8  -1.0   2.7   3.9   5.9   5.9   2.7   0.9  -6.1  -8.8   506   506   506   506   506   506   506   506   506   506   506   506 
1983 -15.8  -7.0  -8.5  -2.6   2.2   4.1   6.1   5.1   3.7  -0.6  -0.7  -4.0   506   506   506   506   506   506   506   506   506   506   506   506 
1984 -13.6 -13.1  -5.7  -5.7   1.7   4.2   7.7   5.7   4.2   0.1  -0.2  -8.9   506   506   506   506   506   506   506   506   506   506   506   506 
1985  -0.3  -3.6  -1.6   1.1   5.0   6.4   7.9   6.7   6.3   1.8  -0.7  -1.3   506   506   506   506   506   506   506   506   506   506   506   506 
1986  -4.8   1.7  -7.4   0.4   2.7   5.1   8.0   8.6   6.5  -0.4  -5.5  -7.4   506   506   506   506   506   506   506   506   506   506   506   506 
1987  -4.0  -3.1  -5.1  -3.3   3.6   7.6   7.1   8.7   4.9   1.4  -2.0  -1.1   506   506   506   506   506   506   506   506   506   506   506   506 
1988  -5.9  -4.5  -0.7  -1.5   2.7   4.9   6.2   7.3   5.3   0.9   1.6  -5.3   506   506   506   506   506   506   506   506   506   506   506   506 
1989 -10.2 -13.1 -11.7  -3.1   1.8   4.6   6.1   5.8   3.2   0.4  -0.2  -1.6   506   506   506   506   506   506   506   506   506   506   506   506 
1990  -7.4  -9.3  -8.2  -5.6   2.9   4.3   7.2   7.6   4.5   0.8   2.5  -6.7   506   506   506   506   506   506   506   506   506   506   506   506 
1991  -7.8  -6.5  -2.7  -1.2   3.1   8.4   9.6   7.7   5.9   1.0  -3.6  -5.6   506   506   506   506   506   506   506   506   506   506   506   506 
1992  -5.4 -10.9  -3.8  -2.2  -0.7   3.9   8.4   6.1   4.7   3.0  -5.0  -7.9   506   506   506   506   506   506   506   506   506   506   506   506 
1993 -13.4  -9.2 -10.3  -1.9   1.7   6.7   5.9   8.0   6.6   2.8  -5.6  -8.6   506   506   506   506   506   506   506   506   506   506   506   506 
1994  -5.8  -6.8  -7.9  -0.8   3.7   4.3   7.9   7.9   4.6   2.6  -0.4  -8.9   506   506   506   506   506   506   506   506   506   506   506   506 
1995  -7.9  -7.3 -10.8   1.0   2.9   5.8   6.8   7.7   5.7   0.8   1.2  -3.0   506   506   506   506   506   506   506   506   506   506   506   506 
1996  -3.9  -4.0  -1.9   2.5   5.2   6.2   7.4   7.4   6.7   0.0  -3.3  -3.1   506   506   506   506   506   506   506   506   506   506   506   506 
1997  -2.1 -10.9  -6.3   1.4   4.5   7.2   7.7   7.6   5.8   3.5  -1.6  -1.5   506   506   506   506   506   506   506   506   506   506   506   506 
1998  -2.3  -9.5  -5.2   3.5   4.6   6.1   8.0   7.2   6.4   0.9  -3.5  -3.5   506   506   506   506   506   506   506   506   506   506   506   506 
1999  -7.1  -7.5  -3.8   2.7   3.5   4.8   8.5   8.6   5.2   2.2  -2.4  -5.6   506   506   506   506   506   506   506   506   506   506   506   506 
2000  -4.2  -7.7  -5.3   1.4   2.4   7.4   8.2   8.0   6.4   0.4  -2.4  -1.6   506   506   506   506   506   506   506   506   506   506   506   506 
2001  -6.0  -5.5  -1.9   1.4   3.6   7.4   6.8   9.1   7.5   2.5  -1.7  -1.2   506   506   506   506   506   506   506   506   506   506   506   506 
2002  -4.5  -7.4  -5.6  -0.5   4.7   5.6   7.3   7.2   6.7   3.1   1.1  -0.5   506   506   506   506   506   506   506   506   506   506   506   506 
2003  -0.4  -6.4  -2.9  -1.1   4.7   7.3   9.7   9.8   7.6   5.8  -0.7  -2.5   506   506   506   506   506   506   506   506   506   506   506   506 
2004  -0.5  -1.1  -3.6   1.8   5.2   6.5   6.8   8.7   5.0   2.5  -0.3  -5.4   506   506   506   506   506   506   506   506   506   506   506   506 
2005  -6.0  -0.6   0.8   2.2   4.2   7.6   9.2   8.1   5.6   1.5   0.3  -2.6   506   506   506   506   506   506   506   506   506   506   506   506 
2006  -6.4  -1.4   0.4  -0.2   4.4   5.6   7.3   8.3   6.4   2.9  -3.2  -4.4   506   506   506   506   506   506   506   506   506   506   506   506 
2007  -4.1   0.7  -4.2   0.7   2.8   6.8   9.4   9.1   6.0   3.0  -0.7  -5.9   506   506   506   506   506   506   506   506   506   506   506   506 
2008  -8.9  -8.6  -4.3   2.1   4.2   5.0   9.1   8.4   4.8   1.0  -0.9  -5.5   506   506   506   506   506   506   506   506   506   506   506   506 
2009  -3.2  -1.8  -4.5   0.9   1.7   5.7   6.9   7.7   4.3   2.5  -3.6  -1.3   506   506   506   506   506   506   506   506   506   506   506   506 
2010   0.1   2.0  -0.5   1.4   7.3   8.1   7.8  10.4   8.4   5.0   2.9   1.9   506   506   506   506   506   506   506   506   506   506   506   506 
2011  -2.5  -4.3  -4.6  -3.9   2.0   5.5   7.8   7.2   5.8   0.5  -4.5  -6.4   506   506   506   506   506   506   506   506   506   506   506   506 
2012  -5.1  -4.1  -5.6   1.8   4.6   6.3  10.4   8.3   6.6   4.7  -0.1  -0.7   506   506   506   506   506   506   506   506   506   506   506   506 
2013  -2.5  -2.8   0.4   0.8   1.7   4.9   6.8   7.1   4.9   3.4  -0.9  -5.8   506   506   506   506   506   506   506   506   506   506   506   506 
2014  -4.3  -4.8  -4.8  -1.8   4.0   6.7   7.9   8.5   5.7   1.7  -1.3  -5.6   506   506   506   506   506   506   506   506   506   506   506   506 
2015  -8.0  -7.8  -8.0  -1.7   1.6   5.1   6.8   7.6   5.7   0.9  -4.7  -6.7   506   506   506   506   506   506   506   506   506   506   506   506 
