Number= 450400
Name= SAI KUNG
Country= CHINA
Lat=   22.4
Long= -114.3
Height= 4
Start year= 1991
End year= 2014
First Good year= 1991
Source ID= 98
Source file= Jones
Jones data to= 2014
Normals source start year= 1991
Normals source end year= 1990
Normals= -99.0 -99.0 -99.0 -99.0 -99.0 -99.0 -99.0 -99.0 -99.0 -99.0 -99.0 -99.0 
Standard deviations source= Data
Standard deviations source start year= 1991
Standard deviations source end year= 1990
Obs:
1991 -99.0 -99.0 -99.0 -99.0 -99.0 -99.0 -99.0 -99.0 -99.0 -99.0 -99.0 -99.0   -99   -99   -99   -99   -99   -99   -99   -99   -99   -99   -99   -99 
1992 -99.0 -99.0 -99.0 -99.0 -99.0 -99.0 -99.0 -99.0 -99.0 -99.0 -99.0 -99.0   -99   -99   -99   -99   -99   -99   -99   -99   -99   -99   -99   -99 
1993 -99.0 -99.0  18.5  20.9  25.4  27.9  29.6  28.5  27.2  24.1  21.1  16.1   -99   -99   506   506   506   506   506   506   506   506   506   506 
1994  15.6  16.1  16.9  23.3  26.6  27.5  27.7  27.5  26.9  24.1  21.9  18.8   506   506   506   506   506   506   506   506   506   506   506   506 
1995  15.1  14.2  16.8  21.3  25.0  28.2  27.8  27.2  27.3  24.9  20.2  16.1   506   506   506   506   506   506   506   506   506   506   506   506 
1996 -99.0 -99.0 -99.0 -99.0 -99.0 -99.0  29.0  28.2  27.4  25.3  22.1  17.0   -99   -99   -99   -99   -99   -99   506   506   506   506   506   506 
1997  15.5  15.3  19.0  21.9  25.2  26.6  27.5  28.5  26.5  25.7  22.6  18.3   506   506   506   506   506   506   506   506   506   506   506   506 
1998  16.4  16.7  18.7  24.4  26.8  28.3  29.6  29.6  27.8  26.0  22.8  18.6   506   506   506   506   506   506   506   506   506   506   506   506 
1999  16.7  17.8  19.8  23.8  24.7  28.9  29.2  28.0  28.2  25.4  21.3  15.5   506   506   506   506   506   506   506   506   506   506   506   506 
2000  15.6  14.2  17.9  22.2  25.5  28.0  28.8  28.1  27.0  25.4  20.2  17.9   506   506   506   506   506   506   506   506   506   506   506   506 
2001  16.3  16.6  19.4  21.6  26.1  27.1  27.9  29.1  27.6  25.3  20.2  16.9   506   506   506   506   506   506   506   506   506   506   506   506 
2002  15.9  17.3  20.6  23.7  26.6  28.8  28.8  28.0  26.0  24.3  20.6  17.5   506   506   506   506   506   506   506   506   506   506   506   506 
2003  15.1  17.5  18.2  23.0  26.5  27.3  29.7  28.9  27.8  24.9  21.8  16.7   506   506   506   506   506   506   506   506   506   506   506   506 
2004  15.2  16.5  18.6  22.5  26.1  28.7  28.7  28.9  27.8  24.3  22.0  18.3   506   506   506   506   506   506   506   506   506   506   506   506 
2005  15.0  15.7  16.0  21.7  26.1  27.2  28.8  27.9  28.2  25.6  22.3  16.2   506   506   506   506   506   506   506   506   506   506   506   506 
2006  15.7  16.9  17.8  23.1  25.4  27.9  29.0  28.6  26.5  25.9  22.8  17.5   506   506   506   506   506   506   506   506   506   506   506   506 
2007  15.6  18.5  19.3  21.0  25.9  28.2  29.7  28.2  27.5  25.3  20.2  18.4   506   506   506   506   506   506   506   506   506   506   506   506 
2008  14.8  12.5  18.8  22.3  24.7  26.4  28.3  28.0  28.5  25.9  21.3  17.3   506   506   506   506   506   506   506   506   506   506   506   506 
2009  14.5  19.3  18.8  21.5  25.0  27.8  29.0  29.5  28.9  26.0  19.7  16.7   506   506   506   506   506   506   506   506   506   506   506   506 
2010  16.1  16.7  18.9  20.0  24.9  27.1  29.3  29.0  28.1  24.5  20.6  17.2   506   506   506   506   506   506   506   506   506   506   506   506 
2011  12.5  15.1  16.9  21.8  25.3  28.5  28.8  29.6  27.9  24.6  22.9  16.3   506   506   506   506   506   506   506   506   506   506   506   506 
2012  14.4  14.9  17.8  23.0  26.8  27.9  28.7  29.1  27.6  25.0  21.5  17.2   506   506   506   506   506   506   506   506   506   506   506   506 
2013  15.8  18.0  19.2  21.0  25.3  28.2  28.1  28.7  27.6  25.3  21.4  15.5   506   506   506   506   506   506   506   506   506   506   506   506 
2014  15.2  14.7  17.8  22.1  25.9  28.7  29.7  28.6  28.7  25.7  22.0  15.6   506   506   506   506   506   506   506   506   506   506   506   506 
