Number= 956000
Name= JURIEN BAY
Country= AUSTRALIA
Lat=  -30.3
Long= -115.0
Height= 2
Start year= 1969
End year= 2012
First Good year= 1969
Source ID= 30
Source file= Jones
Jones data to= 2012
Normals source= Data
Normals source start year= 1969
Normals source end year= 1990
Normals=  23.5  24.3  22.8  19.9  17.2  15.2  14.4  14.5  15.8  17.0  19.4  21.5 
Standard deviations source= Data
Standard deviations source start year= 1969
Standard deviations source end year= 1990
Standard deviations=   1.3   1.4   1.1   1.1   0.7   1.0   0.7   0.7   0.7   0.9   1.1   1.0 
Obs:
1969 -99.0 -99.0 -99.0 -99.0 -99.0 -99.0 -99.0 -99.0 -99.0 -99.0  19.2  21.8   -99   -99   -99   -99   -99   -99   -99   -99   -99   -99   506   506 
1970  21.9  24.6  22.6  18.0  16.4  15.8  14.6  14.3  14.8  17.2  17.9  21.2   506   506   506   506   506   506   506   506   506   506   506   506 
1971  23.0  23.1  22.4  18.5  16.4  14.7  14.1  14.1  15.0  15.8  17.2  20.5   506   506   506   506   506   506   506   506   506   506   506   506 
1972  22.6  25.0  22.7  18.8  18.3  15.0  14.5  14.6  15.7  16.9  21.0  23.6   506   506   506   506   506   506   506   506   506   506   506   506 
1973  24.7  22.7  22.1  19.3  17.9  14.5  14.8  14.4  15.3  17.0  20.9  21.1   506   506   506   506   506   506   506   506   506   506   506   506 
1974  25.3  23.8  23.3  19.4  17.2  15.6  15.1  15.3  16.6  16.2  17.8  21.7   506   506   506   506   506   506   506   506   506   506   506   506 
1975  22.0  25.9  21.9  19.2  17.0  15.9  15.0  14.4  15.5  16.8  18.8  22.6   506   506   506   506   506   506   506   506   506   506   506   506 
1976  24.5  25.6  23.4  20.5  17.5  15.4  15.3  14.9  15.4  18.1  18.0  21.1   506   506   506   506   506   506   506   506   506   506   506   506 
1977  22.7  23.7  21.0  20.4  16.4  15.9  15.7  15.8  14.7  17.3  19.6  23.1   506   506   506   506   506   506   506   506   506   506   506   506 
1978  24.7  24.8 -99.0  22.7  17.5  14.8  13.9  14.3  15.0  17.6  20.6  23.2   506   506   -99   506   506   506   506   506   506   506   506   506 
1979  22.9  24.2  23.3  19.0  16.1  15.5  14.2  13.1  15.0  18.4  19.9  22.6   506   506   506   506   506   506   506   506   506   506   506   506 
1980  24.7  24.0  22.9  18.2  17.9  14.8  14.3  14.6  15.6  15.5  18.8  21.1   506   506   506   506   506   506   506   506   506   506   506   506 
1981  25.5  22.4  21.7  20.9  17.9  13.5  13.7  14.3  16.8  17.5  18.7  21.6   506   506   506   506   506   506   506   506   506   506   506   506 
1982  22.1  23.8  21.7  19.8  17.3  14.5  14.1  15.0  16.2  18.2  21.5  21.6   506   506   506   506   506   506   506   506   506   506   506   506 
1983  24.7  22.4  25.3  20.2  18.5  17.1  13.9  16.2  17.0  17.8  19.4  21.9   506   506   506   506   506   506   506   506   506   506   506   506 
1984  23.8  25.2  21.1  21.0  17.8  15.3  13.6  14.3  15.7  18.0  19.4  19.6   506   506   506   506   506   506   506   506   506   506   506   506 
1985  22.2  28.0  23.1  20.1  17.0  16.0  14.8  14.4  15.6  17.0  20.0  20.0   506   506   506   506   506   506   506   506   506   506   506   506 
1986  25.1  22.6  21.6  19.0  17.0  15.1  12.9  13.1  16.3  15.7  20.0  20.7   506   506   506   506   506   506   506   506   506   506   506   506 
1987  21.7  24.2  23.2  20.8  15.8  16.5  15.0  14.7  16.3  17.6  19.0  20.9   506   506   506   506   506   506   506   506   506   506   506   506 
1988 -99.0  26.4  24.7  21.0  17.9  16.7  14.8  15.0  16.6  17.5  19.9  21.8   -99   506   506   506   506   506   506   506   506   506   506   506 
1989  24.5  24.7  23.4  20.0  17.8  14.2  13.8  14.2  16.0  15.8  20.4  20.2   506   506   506   506   506   506   506   506   506   506   506   506 
1990  21.8  24.1  23.6  20.1  16.3  12.9  13.6  13.7  16.1  16.1  19.0  21.3   506   506   506   506   506   506   506   506   506   506   506   506 
1991  23.9  23.5  22.7  21.6  17.8  16.1  14.7  15.3  15.1  17.7  17.6  21.2   506   506   506   506   506   506   506   506   506   506   506   506 
1992  24.5  23.1  21.9  21.1  16.4  16.1  15.7  14.3  14.2  16.7  19.4  21.7   506   506   506   506   506   506   506   506   506   506   506   506 
1993  23.0  23.9  21.1  18.4  16.8  13.7  13.9  13.8  15.2  15.7  19.1  22.8   506   506   506   506   506   506   506   506   506   506   506   506 
1994  23.0  23.9  23.2  21.3  18.2  15.2  15.0  15.0  16.5  17.3  20.5  23.3   506   506   506   506   506   506   506   506   506   506   506   506 
1995  24.2  25.4  24.2  20.4  16.6  14.5  15.0  15.3  15.9  17.6  19.5  22.3   506   506   506   506   506   506   506   506   506   506   506   506 
1996  23.9  26.1  23.0  20.8  17.9  16.5  15.9  14.9  16.3  17.9  20.0  21.9   506   506   506   506   506   506   506   506   506   506   506   506 
1997  24.9  24.9  22.2  21.3  17.4  16.3  13.7  14.6  15.6  18.2  19.5  22.4   506   506   506   506   506   506   506   506   506   506   506   506 
1998  23.0  22.8  23.6  20.5  19.5  15.4  13.2  16.0  15.2  17.3  20.4  22.7   506   506   506   506   506   506   506   506   506   506   506   506 
1999  23.0  24.8  22.3  21.9  18.7  16.1  15.3  14.9  15.3  17.1  20.5  23.6   506   506   506   506   506   506   506   506   506   506   506   506 
2000  24.7  25.0  23.8  20.4  17.2  16.4  15.7  14.7  16.5  17.4  20.0  22.4   506   506   506   506   506   506   506   506   506   506   506   506 
2001  22.7  24.1  22.2  20.3  17.0  14.4  13.9  14.3  13.7  16.8  20.3  21.3   506   506   506   506   506   506   506   506   506   506   506   506 
2002  23.1  24.2  24.0  21.6  19.5  16.7  15.2  14.2  14.3  16.6  19.7  22.6   506   506   506   506   506   506   506   506   506   506   506   506 
2003  23.2  23.5  23.3  20.2  18.5  16.0  14.6  14.0  15.4  16.7  21.3  22.2   506   506   506   506   506   506   506   506   506   506   506   506 
2004  23.4  24.4  23.1  22.3  17.7  16.9  13.8  13.7  14.6  17.3  20.1  23.1   506   506   506   506   506   506   506   506   506   506   506   506 
2005  22.8  23.0  24.6  19.2  19.8  15.1  14.2  14.0  14.7  15.5  17.8  18.6   506   506   506   506   506   506   506   506   506   506   506   506 
2006  21.9  23.2  23.9  18.1  17.4  15.5  13.7  15.7  16.1  18.7 -99.0  23.4   506   506   506   506   506   506   506   506   506   506   -99   506 
2007  21.8  22.8  23.1 -99.0  17.4  15.7 -99.0  15.2  15.6  17.3  20.3 -99.0   506   506   506   -99   506   506   -99   506   506   506   506   -99 
2008  24.5  25.7  23.5  20.1  17.6  15.8  14.0  14.3  15.2  18.7  18.1  20.5   506   506   506   506   506   506   506   506   506   506   506   506 
2009  22.4  23.9  22.1  20.4  18.3  15.1  13.6  14.9  14.5  17.0  19.9  22.6   506   506   506   506   506   506   506   506   506   506   506   506 
2010 -99.0  24.4  23.8 -99.0 -99.0  14.4  13.3 -99.0  15.9  18.0  21.9  22.9   -99   506   506   -99   -99   506   506   -99   506   506   506   506 
2011  25.2  28.0  25.7  22.1  18.2  16.3 -99.0  15.5  16.6  19.5  20.8  23.9   506   506   506   506   506   506   -99   506   506   506   506   506 
2012 -99.0 -99.0 -99.0 -99.0 -99.0 -99.0 -99.0 -99.0 -99.0 -99.0 -99.0 -99.0   -99   -99   -99   -99   -99   -99   -99   -99   -99   -99   -99   -99 
