Number= 080230
Name= SANTANDER
Country= SPAIN
Lat=   43.5
Long=    3.8
Height= 64
Start year= 1924
End year= 2020
First Good year= 1924
Source ID= 30
Source file= Jones
Jones data to= 2014
Normals source= Data
Normals source start year= 1961
Normals source end year= 1990
Normals=   9.7  10.3  10.8  11.9  14.3  17.0  19.3  19.6  18.6  16.1  12.5  10.5 
Standard deviations source= Data
Standard deviations source start year= 1941
Standard deviations source end year= 1990
Standard deviations=   1.4   1.9   1.4   1.2   1.1   0.9   0.9   0.9   1.1   1.2   1.3   1.5 
Obs:
1924  10.3   6.7  12.7  12.2  16.0  16.8  19.2  18.6  18.3  16.3  12.5  10.5   506   506   506   506   506   506   506   506   506   506   506   506 
1925  10.1   8.8   7.2  11.4  13.3  17.3  17.8  18.8  16.8  15.4  10.9  11.3   506   506   506   506   506   506   506   506   506   506   506   506 
1926  11.0  12.4  10.7  13.1  13.4  16.1  19.1  20.9  20.0  16.2  12.4   8.1   506   506   506   506   506   506   506   506   506   506   506   506 
1927   9.0   9.5  11.6  12.3  15.2  17.1  19.5  19.6  17.2  16.0  11.3  10.4   506   506   506   506   506   506   506   506   506   506   506   506 
1928   9.6  11.3  12.5  12.7  13.7  17.9  21.0  20.5  19.3  16.2  13.0   9.2   506   506   506   506   506   506   506   506   506   506   506   506 
1929   8.4   9.9  11.6  12.2  13.7  17.8  19.9  19.1  20.2  14.9  13.1  11.6   506   506   506   506   506   506   506   506   506   506   506   506 
1930  11.2   7.5  10.9  11.5  13.4  17.2  18.5  20.4  18.6  16.9  13.2  11.0   506   506   506   506   506   506   506   506   506   506   506   506 
1931   9.2   8.4  12.2  11.6  14.2  17.8  17.9  18.7  15.4  14.4  12.3   7.9   506   506   506   506   506   506   506   506   506   506   506   506 
1932   9.7   5.8  10.8  10.3  13.5  16.1  17.4  20.4  19.1  14.9  13.1  11.9   506   506   506   506   506   506   506   506   506   506   506   506 
1933   7.8   9.2  12.1  12.7  15.1  16.3  19.4  20.6  18.9  15.7  10.6   7.0   506   506   506   506   506   506   506   506   506   506   506   506 
1934   8.9   6.8   9.5  12.3  13.9  17.9  20.4  18.6  19.0  15.8   9.3  12.9   506   506   506   506   506   506   506   506   506   506   506   506 
1935   7.4   8.9  10.1  12.1  12.3  16.9  19.1  18.7  18.7  13.5  12.0  11.1   506   506   506   506   506   506   506   506   506   506   506   506 
1936  11.8  11.2  12.7  11.9  13.0  15.8  18.0  18.7  18.1  13.0  11.1   9.2   506   506   506   506   506   506   506   506   506   506   506   506 
1937  11.0  12.1  10.1  13.0  14.6  16.6  18.6  19.9  18.0  14.8  13.0   8.5   506   506   506   506   506   506   506   506   506   506   506   506 
1938   9.6   8.5  11.5  10.4  13.4  16.8  18.1  18.7  17.5  15.7  14.2   9.7   506   506   506   506   506   506   506   506   506   506   506   506 
1939  11.3   9.9   9.9  11.9  12.6  16.7  18.1  19.1  18.2  14.4  13.1   9.8   506   506   506   506   506   506   506   506   506   506   506   506 
1940   8.7  11.9  13.2  13.0  14.3  16.7  18.4  19.2  17.7  14.4  12.1   8.2   506   506   506   506   506   506   506   506   506   506   506   506 
1941   7.7  10.1  11.2  11.0  12.5  16.9  19.2  17.9  18.1  15.0  11.4   9.0   506   506   506   506   506   506   506   506   506   506   506   506 
1942   7.9   6.4  12.8  12.9  15.3  17.1  18.5  19.5  18.2  16.5  10.7  10.8   506   506   506   506   506   506   506   506   506   506   506   506 
1943  12.2   9.3  12.2  14.1  15.4  17.6  19.6  19.5  18.0  15.8  10.8   8.7   506   506   506   506   506   506   506   506   506   506   506   506 
1944   9.1   6.5   9.2  13.7  14.0  16.8  19.0  20.7  18.0  13.3  12.5   8.9   506   506   506   506   506   506   506   506   506   506   506   506 
1945   6.2  10.1  10.1  14.5  16.0  17.8  18.8  18.4  18.3  17.4  13.2  10.9   506   506   506   506   506   506   506   506   506   506   506   506 
1946   8.5  10.2  10.6  12.4  14.0  15.6  18.5  18.4  17.9  16.7  12.2   8.6   506   506   506   506   506   506   506   506   506   506   506   506 
1947   8.9   8.6  13.3  13.5  14.4  17.3  18.8  21.1  19.5  15.9  13.6   9.3   506   506   506   506   506   506   506   506   506   506   506   506 
1948  11.2   9.9  13.4  11.9  14.3  16.5  18.4  20.0  18.8  15.7  13.9  12.3   506   506   506   506   506   506   506   506   506   506   506   506 
1949   9.8  10.7  10.7  14.1  13.0  17.6  20.7  20.3  20.5  17.4  12.3  10.4   506   506   506   506   506   506   506   506   506   506   506   506 
1950   8.8  11.8  11.7  11.0  15.2  18.7  20.6  19.6  17.7  16.1  13.6   8.3   506   506   506   506   506   506   506   506   506   506   506   506 
1951   9.4   9.0   9.9  11.6  12.5  16.4  19.4  18.4  18.7  14.6  12.3  10.3   506   506   506   506   506   506   506   506   506   506   506   506 
1952   8.0   8.2  13.6  12.4  15.6  18.4  18.8  19.5  15.8  16.0  11.9   9.8   506   506   506   506   506   506   506   506   506   506   506   506 
1953   7.1   7.0  11.2  12.2  15.6  15.7  18.4  20.0  17.6  14.9  13.3  13.4   506   506   506   506   506   506   506   506   506   506   506   506 
1954   8.1 -99.0 -99.0 -99.0  13.2  15.9  17.1  18.1  17.9  16.9  13.8  10.6   506   -99   -99   -99   506   506   506   506   506   506   506   506 
1955  11.6   9.3   9.4  12.7  14.8  17.2  19.7  20.7  18.6  14.1  11.8  11.7   506   506   506   506   506   506   506   506   506   506   506   506 
1956  10.3   3.8  10.8  11.2  14.1  15.3  17.8  18.2  18.5  15.4  10.6   9.9   506   506   506   506   506   506   506   506   506   506   506   506 
1957   8.2  12.5  14.5  11.6  13.5  16.8  19.2  19.2  18.4  15.2  11.1   8.9   506   506   506   506   506   506   506   506   506   506   506   506 
1958   9.6  11.5  11.2  11.3  15.1  16.9  18.2  18.9  19.6  15.3  11.6  11.4   506   506   506   506   506   506   506   506   506   506   506   506 
1959  10.6   9.6  12.3  13.0  14.2  17.3  19.5  19.6  19.6  16.4  11.7  11.0   506   506   506   506   506   506   506   506   506   506   506   506 
1960   9.2  11.1  12.6  12.1  15.6  17.9  18.0  18.7  17.2  14.7  13.0   8.5   506   506   506   506   506   506   506   506   506   506   506   506 
1961   9.2  12.5  11.0  13.7  15.4  17.5  18.9  18.9  20.3  16.4  12.2  12.4   506   506   506   506   506   506   506   506   506   506   506   506 
1962   9.8   8.5   9.8  11.6  14.3  16.4  18.4  19.8  18.9  15.9  10.2   8.3   506   506   506   506   506   506   506   506   506   506   506   506 
1963   7.4   7.7  12.4  12.0  13.2  17.2  19.0  17.6  17.2  16.0  14.3   9.1   506   506   506   506   506   506   506   506   506   506   506   506 
1964   9.1  10.4  10.8  11.7  15.9  17.2  19.4  19.8  19.5  14.0  11.2   9.0   506   506   506   506   506   506   506   506   506   506   506   506 
1965   9.0   7.5  11.5  11.4  14.4  16.6  18.0  18.7  16.4  17.3  12.3  11.3   506   506   506   506   506   506   506   506   506   506   506   506 
1966  11.0  13.3   9.8  13.8  14.0  16.6  18.1  19.5  19.2  16.2  10.0  10.5   506   506   506   506   506   506   506   506   506   506   506   506 
1967   9.6  10.7  10.8  10.5  14.2  16.6  19.1  19.0  18.1  16.5  12.3   8.7   506   506   506   506   506   506   506   506   506   506   506   506 
1968   9.7  10.4  10.3  11.8  13.5  17.0  19.3  19.2  17.8  17.9  14.1  10.7   506   506   506   506   506   506   506   506   506   506   506   506 
1969  10.6   8.1  11.0  11.6  14.9  15.6  19.4  19.4  17.3  17.5  11.5   9.4   506   506   506   506   506   506   506   506   506   506   506   506 
1970  11.4   9.7   8.7  10.5  14.3  17.8  19.5  19.7  19.1  14.6  15.0   8.1   506   506   506   506   506   506   506   506   506   506   506   506 
1971   9.4   9.1   7.8  12.8  13.9  15.7  20.4  19.8  18.2  17.3  10.3   9.9   506   506   506   506   506   506   506   506   506   506   506   506 
1972   8.6   9.6  11.1  11.2  12.7  15.0  18.6  18.3  16.1  14.7  12.6  10.8   506   506   506   506   506   506   506   506   506   506   506   506 
1973   9.0   8.4   9.4  10.3  15.2  17.0  18.9  20.8  19.1  14.9  11.7   9.5   506   506   506   506   506   506   506   506   506   506   506   506 
1974  11.4   9.9  10.6  11.3  13.7  17.1  18.4  18.9  17.1  12.1  12.4  10.9   506   506   506   506   506   506   506   506   506   506   506   506 
1975  11.0  11.3   9.3  10.8  13.5  17.1  19.9  20.3  18.2  16.4  11.9   7.4   506   506   506   506   506   506   506   506   506   506   506   506 
1976   8.1  10.6  10.3  10.4  14.1  19.3  20.4  20.1  17.7  15.7  11.5   9.9   506   506   506   506   506   506   506   506   506   506   506   506 
1977   9.1  12.6  12.8  11.5  13.0  15.5  18.0  18.2  17.3  16.7  11.9  12.5   506   506   506   506   506   506   506   506   506   506   506   506 
1978   8.6  11.4  10.8  11.2  13.6  15.7  18.1  18.6  18.1  15.6  12.2  12.6   506   506   506   506   506   506   506   506   506   506   506   506 
1979   9.3  10.5  10.3  11.8  13.6  16.5  19.2  19.2  18.2  15.9  11.8  11.3   506   506   506   506   506   506   506   506   506   506   506   506 
1980   9.5  11.3  10.7  11.7  13.3  16.5  17.6  20.4  19.2  15.7  12.0   9.2   506   506   506   506   506   506   506   506   506   506   506   506 
1981   9.3   8.8  14.1  12.3  15.2  17.6  18.4  19.8  18.9  16.1  13.5  11.8   506   506   506   506   506   506   506   506   506   506   506   506 
1982  12.4  11.5  10.8  12.6  14.8  18.3  20.2  19.6  19.8  15.3  13.4  10.6   506   506   506   506   506   506   506   506   506   506   506   506 
1983  10.5   8.7  11.3  13.1  14.4  18.1  21.2  19.8  19.9  16.9  15.2  11.0   506   506   506   506   506   506   506   506   506   506   506   506 
1984  10.2   8.6   9.6  13.7  12.2  16.7  19.5  19.7  18.3  15.8  13.9  10.9   506   506   506   506   506   506   506   506   506   506   506   506 
1985   7.5  12.2  10.1  13.0  13.5  17.5  20.2  19.6  20.1  17.3  11.2  11.9   506   506   506   506   506   506   506   506   506   506   506   506 
1986  10.0   8.9  10.6   9.4  14.3  16.7  19.2  19.1  18.4  16.5  12.5  11.6   506   506   506   506   506   506   506   506   506   506   506   506 
1987   8.5   9.9  11.3  14.9  14.4  16.9  19.6  20.3  21.1  16.7  12.7  12.9   506   506   506   506   506   506   506   506   506   506   506   506 
1988  12.1  10.8  11.0  13.3  15.9  18.0  19.2  20.1  18.8  17.6  14.1  10.4   506   506   506   506   506   506   506   506   506   506   506   506 
1989  10.1  11.2  12.9  11.5  16.9  18.8  21.4  21.4  18.6  17.4  15.2  14.6   506   506   506   506   506   506   506   506   506   506   506   506 
1990  10.8  14.8  13.5  11.9  17.3  17.9  20.8  21.2  20.0  17.3  12.1   8.3   506   506   506   506   506   506   506   506   506   506   506   506 
1991 -99.0 -99.0 -99.0  11.2 -99.0 -99.0 -99.0 -99.0 -99.0  14.5  12.8  10.6   -99   -99   -99   506   -99   -99   -99   -99   -99   506   506   506 
1992   8.6 -99.0  11.1  12.3  16.8  16.1 -99.0  21.2 -99.0 -99.0 -99.0  11.2   506   -99   506   506   506   506   -99   506   -99   -99   -99   506 
1993  11.9  10.3  11.7  13.1 -99.0  17.8  18.9  20.2  17.5  15.1  11.9  12.3   506   506   506   506   -99   506   506   506   506   506   506   506 
1994  10.2  11.4  12.6  12.0  15.7  18.1  20.8  21.3  17.6  16.7  14.8  12.4   506   506   506   506   506   506   506   506   506   506   506   506 
1995  10.9  12.1  11.9  12.3 -99.0  17.8  21.0  21.4  18.0  18.7  13.7  11.7   506   506   506   506   -99   506   506   506   506   506   506   506 
1996  13.2   9.1  12.0  13.3  15.0  18.2  19.9  19.1  17.5  16.1  12.2  10.8   506   506   506   506   506   506   506   506   506   506   506   506 
1997  10.0  12.4  13.4 -99.0  15.6  17.5  18.7  20.8  19.1  18.4  14.1  11.7   506   506   506   -99   506   506   506   506   506   506   506   506 
1998  11.7  12.1  12.6  11.6  14.6  17.7  19.1  20.0  19.0  15.3  12.4  10.9   506   506   506   506   506   506   506   506   506   506   506   506 
1999  11.1   9.4  11.3  13.1  15.9  17.0  19.8  20.7  20.1  16.5  11.6  10.9   506   506   506   506   506   506   506   506   506   506   506   506 
2000   9.1  11.5  10.6  12.7  15.3  17.6  19.1  20.2  19.0  15.5  12.9  13.7   506   506   506   506   506   506   506   506   506   506   506   506 
2001  11.7  10.6  12.5  12.2  14.6  17.4  19.1  20.8  17.9  19.3  11.6   8.9   506   506   506   506   506   506   506   506   506   506   506   506 
2002  12.3  12.0  12.3  12.3  14.4  16.1  18.0  18.7  17.8  16.9  14.0  13.5   506   506   506   506   506   506   506   506   506   506   506   506 
2003   9.6  10.0  13.5  14.1  14.8  19.0  20.0  22.8  19.6  15.3  13.9  11.3   506   506   506   506   506   506   506   506   506   506   506   506 
2004  11.3   9.9  10.1  12.0  13.7  18.3  19.0  20.7  19.3  17.3  12.3  10.9   506   506   506   506   506   506   506   506   506   506   506   506 
2005  10.2   7.6  11.6  12.7  15.0  18.6  20.3  20.1  18.6  18.5  12.3   9.2   506   506   506   506   506   506   506   506   506   506   506   506 
2006   8.9   8.4  13.1  13.1  15.7  18.2  22.0  20.5  20.4  19.2  15.4  11.3   506   506   506   506   506   506   506   506   506   506   506   506 
2007  11.5  12.6  11.1  13.3  15.3  18.0  19.1  19.5  17.5  15.5  11.2  10.6   506   506   506   506   506   506   506   506   506   506   506   506 
2008  11.6  12.2  11.4  12.5  15.4  17.6  18.9  19.9  18.0  15.5  11.8   9.7   506   506   506   506   506   506   506   506   506   506   506   506 
2009   9.6   9.2  10.9  11.9  14.7  18.2  19.8  20.6  19.0  17.4  14.5  10.8   506   506   506   506   506   506   506   506   506   506   506   506 
2010   9.3   9.7  11.6  13.2  14.3  17.0  19.9  20.4  18.3  16.3  12.2   9.6   506   506   506   506   506   506   506   506   506   506   506   506 
2011  10.3  11.1  12.1  15.2  16.3  17.7  18.5  20.1  20.1  17.7  15.4  11.9   506   506   506   506   506   506   506   506   506   506   506   506 
2012  10.8   7.9  11.7  11.0  15.5  17.7  18.7  20.6  19.0  16.4  12.9  12.1   506   506   506   506   506   506   506   506   506   506   506   506 
2013  10.5   9.3  11.6  12.1  12.3  15.5  20.6  20.0  19.3  18.4  12.7  11.5   506   506   506   506   506   506   506   506   506   506   506   506 
2014  11.8  11.3  11.5  14.0  14.2  18.2  19.8  20.5  21.0  19.3  14.8  11.0   506   506   506   506   506   506   506   506   506   506   506   506 
2015  10.3   8.8  10.6  14.1  15.7  17.9  20.7  20.3  17.6  16.6  15.2  14.7   900   900   900   900   900   900   900   900   900   900   900   900 
2016  12.1  10.8  10.9  12.3  14.9  17.3  19.6  20.4  19.4  16.1  12.3  12.7   900   900   900   900   900   900   900   900   900   900   900   900 
2017   9.3  11.8  12.3  12.5  16.0  18.3  19.3  19.9  17.8  17.1  13.0  10.5   900   900   900   900   900   900   900   900   900   900   900   900 
2018  11.4   8.2  11.3  13.6  14.3  17.7  20.7  20.9  19.4  15.2  13.6  12.7   900   900   900   900   900   900   900   900   900   900   900   900 
2019   9.3  12.0  12.0  12.8  13.7  17.0  20.4  20.8  19.3  17.4  12.8  12.4   900   900   900   900   900   900   900   900   900   900   900   900 
2020  11.5  12.8 -99.0  14.8  16.8  17.4  20.2  20.9  19.4  15.9  15.2  11.3   900   900   -99   900   900   900   900   900   900   900   900   900 
