Number= 082230
Name= MADRID/CUATRO VIENTO
Country= SPAIN
Lat=   40.4
Long=    3.8
Height= 690
Start year= 2010
End year= 2020
First Good year= 2011
Source ID= 98
Source file= Jones
Jones data to= 2014
Normals source start year= 2011
Normals source end year= 1990
Normals= -99.0 -99.0 -99.0 -99.0 -99.0 -99.0 -99.0 -99.0 -99.0 -99.0 -99.0 -99.0 
Standard deviations source= Data
Standard deviations source start year= 2011
Standard deviations source end year= 1990
Obs:
2010   5.2   5.8   8.7 -99.0 -99.0 -99.0 -99.0  26.2  21.5  14.6   8.6   6.0   900   900   900   -99   -99   -99   -99   900   900   900   900   900 
2011   6.6   8.4   9.7  16.5  19.2  22.9  24.8  25.8  22.5  17.5  11.2   7.0   506   506   506   506   506   506   506   506   506   506   506   506 
2012   6.7   6.0  11.4  10.9  19.0  24.1  26.0  26.7  21.3  15.1  10.0   6.7   506   506   506   506   506   506   506   506   506   506   506   506 
2013   6.2   6.4   9.0  12.1  14.5  21.1  26.9  26.1  21.8  16.0   8.9   6.2   506   506   506   506   506   506   506   506   506   506   506   506 
2014   7.6   7.0  11.2  16.0  18.1  22.1  24.6  25.2  21.5  18.0  10.9   7.0   506   506   506   506   506   506   506   506   506   506   506   506 
2015   6.0   6.6  11.4  14.6  19.4  24.3  29.4  25.4  20.2  15.6  12.2   9.5   900   900   900   900   900   900   900   900   900   900   900   900 
2016   7.9   8.1   9.2  11.9  15.9  23.3  27.9  27.4  23.1  17.3   9.8   8.4   900   900   900   900   900   900   900   900   900   900   900   900 
2017   6.0   9.0  11.6  15.6  19.7  26.2  26.6  26.5  21.5  19.0  10.7   6.6   900   900   900   900   900   900   900   900   900   900   900   900 
2018   7.2   6.0   8.5  13.1  17.0  22.0  25.3  27.6  24.0  15.8  10.3   8.0   900   900   900   900   900   900   900   900   900   900   900   900 
2019   6.8   9.2  12.2  12.6  18.7  23.4  27.6  26.1  21.5  16.4   9.8   8.9   900   900   900   900   900   900   900   900   900   900   900   900 
2020   7.1  11.0  11.2  13.9  19.5  22.6  28.5  25.8  21.3  14.3  11.6   7.2   900   900   900   900   900   900   900   900   900   900   900   900 
