Number= 430570
Name= MUMBAI/COLABA
Country= INDIA
Lat=   18.9
Long=  -72.8
Height= 10
Start year= 1893
End year= 2020
First Good year= 1893
Source ID= 10
Source file= Jones
Jones data to= 2012
Normals source= Data
Normals source start year= 1961
Normals source end year= 1990
Normals=  24.5  24.9  26.8  28.6  30.1  29.1  27.6  27.3  27.7  28.7  28.1  26.3 
Standard deviations source= Data
Standard deviations source start year= 1941
Standard deviations source end year= 1990
Standard deviations=   0.8   0.9   0.8   0.6   0.5   0.6   0.4   0.4   0.5   0.6   0.8   0.8 
Obs:
1893  23.1  22.4  25.5  28.7  29.4  27.7  27.2  26.9  26.9  27.2  27.1  25.6   506   506   506   506   506   506   506   506   506   506   506   506 
1894  24.4  25.3  26.8  28.6  30.0  28.7  27.1  27.3  26.4  27.2  26.1  24.7   506   506   506   506   506   506   506   506   506   506   506   506 
1895  23.2  24.2  26.6  28.2  29.7  28.9  27.4  26.8  26.6  27.9  27.7  25.3   506   506   506   506   506   506   506   506   506   506   506   506 
1896  25.0  24.3  26.8  29.4  30.4  28.8  27.3  26.7  27.8  29.2  27.7  26.2   506   506   506   506   506   506   506   506   506   506   506   506 
1897  23.5  23.8  25.4  28.4  29.8  29.6  27.5  27.6  27.6  27.8  26.4  24.8   506   506   506   506   506   506   506   506   506   506   506   506 
1898  24.7  24.5  26.7  28.8  30.2  28.8  27.2  27.2  27.0  28.9  27.9  26.2   506   506   506   506   506   506   506   506   506   506   506   506 
1899  22.8  24.4  26.7  28.5  29.9  28.3  27.8  27.7  27.6  28.6  26.8  25.9   506   506   506   506   506   506   506   506   506   506   506   506 
1900  23.5  23.8  26.4  28.3  29.9  30.1  28.4  27.1  27.4  27.9  27.3  26.2   506   506   506   506   506   506   506   506   506   506   506   506 
1901  23.3  23.2  26.8  28.9  30.6  28.8  27.4  27.1  27.9  27.9  27.9  26.3   506   506   506   506   506   506   506   506   506   506   506   506 
1902  25.3  25.3  27.7  29.2  30.8  29.7  28.1  27.9  27.2  29.1  27.9  25.7   506   506   506   506   506   506   506   506   506   506   506   506 
1903  23.8  23.7  25.2  27.9  29.2  28.7  27.3  27.3  27.3  27.8  26.3  24.8   506   506   506   506   506   506   506   506   506   506   506   506 
1904  24.7  25.4  26.7  28.6  30.1  28.7  27.7  27.4  27.6  28.6  26.8  25.2   506   506   506   506   506   506   506   506   506   506   506   506 
1905  23.3  22.1  24.7  26.6  29.7  30.5  27.8  27.7  27.6  28.8  27.8  25.1   506   506   506   506   506   506   506   506   506   506   506   506 
1906  23.4  23.3  25.6  27.6  30.1  28.7  27.3  27.4  27.3  28.2  28.1  26.0   506   506   506   506   506   506   506   506   506   506   506   506 
1907  25.3  24.8  26.8  29.0  29.7  29.1  27.5  26.7  27.6  28.3  28.0  25.4   506   506   506   506   506   506   506   506   506   506   506   506 
1908  24.4  24.4  25.6  28.8  29.7  29.5  27.1  26.7  27.5  28.2  26.3  24.4   506   506   506   506   506   506   506   506   506   506   506   506 
1909  22.9  24.1  26.7  28.2  30.6  29.0  26.8  27.3  26.6  27.7  26.7  24.9   506   506   506   506   506   506   506   506   506   506   506   506 
1910  24.1  25.4  26.9  28.7  29.8  28.5  27.9  26.9  26.8  27.4  25.9  24.8   506   506   506   506   506   506   506   506   506   506   506   506 
1911  24.6  24.4  26.3  27.8  30.0  28.9  28.0  26.9  27.6  28.5  27.7  27.0   506   506   506   506   506   506   506   506   506   506   506   506 
1912  25.1  25.5  26.7  29.4  30.3  29.7  27.8  27.2  27.7  28.4  27.0  25.4   506   506   506   506   506   506   506   506   506   506   506   506 
1913  24.3  24.8  25.7  28.3  30.3  28.8  27.3  27.4  27.3  28.2  26.7  24.8   506   506   506   506   506   506   506   506   506   506   506   506 
1914  25.0  24.5  25.7  27.8  30.6  29.6  27.7  27.2  27.7  29.3  28.4  25.3   506   506   506   506   506   506   506   506   506   506   506   506 
1915  24.4  24.0  26.7  29.1  30.7  29.7  28.2  27.6  27.4  27.9  27.8  25.1   506   506   506   506   506   506   506   506   506   506   506   506 
1916  24.8  23.6  27.3  28.8  30.1  28.6  27.8  27.4  27.3  27.6  27.2  25.2   506   506   506   506   506   506   506   506   506   506   506   506 
1917  24.8  24.9  26.4  28.4  29.2  28.3  27.9  26.9  26.9  26.9  25.9  24.3   506   506   506   506   506   506   506   506   506   506   506   506 
1918  24.2  24.6  27.2  27.7  29.3  28.6  28.6  27.9  27.7  28.5  28.2  24.8   506   506   506   506   506   506   506   506   506   506   506   506 
1919  24.3  24.1  26.1  28.3  30.2  29.3  27.7  27.2  27.8  28.4  27.8  25.2   506   506   506   506   506   506   506   506   506   506   506   506 
1920  25.7  24.8  27.2  28.7  30.1  29.4  27.4  27.5  27.9  29.0  27.8  25.3   506   506   506   506   506   506   506   506   506   506   506   506 
1921  24.4  24.8  27.2  29.3  30.6  29.3  27.3  26.9  26.8  28.5  26.8  25.6   506   506   506   506   506   506   506   506   506   506   506   506 
1922  24.4  25.2  26.8  29.1  30.4  28.8  27.0  26.8  26.8  28.4  27.7  25.1   506   506   506   506   506   506   506   506   506   506   506   506 
1923  24.8  24.2  27.5  28.8  29.8  30.1  27.0  27.2  27.2  28.4  26.3  25.9   506   506   506   506   506   506   506   506   506   506   506   506 
1924  24.1  24.6  28.1  29.6  30.7  29.9  27.9  27.7  27.3  27.7  26.4  25.4   506   506   506   506   506   506   506   506   506   506   506   506 
1925  22.9  22.9  27.6  29.7  30.5  28.1  27.9  27.6  27.8  29.8  28.8  26.7   506   506   506   506   506   506   506   506   506   506   506   506 
1926  24.8  25.5  27.0  27.9  29.9  30.2  28.1  27.4  27.6  28.0  26.6  25.0   506   506   506   506   506   506   506   506   506   506   506   506 
1927  23.3  24.2  26.3  28.1  29.9  28.9  27.4  27.0  27.8  28.2  25.6  25.4   506   506   506   506   506   506   506   506   506   506   506   506 
1928  24.7  23.8  26.7  29.1  30.2  28.9  27.4  27.1  26.7  28.0  27.9  25.7   506   506   506   506   506   506   506   506   506   506   506   506 
1929  23.9  24.2  27.9  29.7  30.9  28.2  27.6  27.3  27.6  28.0  28.4  24.9   506   506   506   506   506   506   506   506   506   506   506   506 
1930  23.6  24.4  26.4  28.5  30.4  28.8  27.3  27.1  27.3  29.1  27.2  26.1   506   506   506   506   506   506   506   506   506   506   506   506 
1931  25.9  24.9  26.3  29.7  30.7  30.5  27.3  27.5  27.9  27.3  27.9  25.9   506   506   506   506   506   506   506   506   506   506   506   506 
1932  26.3  25.4  27.7  29.1  30.5  29.7  27.5  27.8  28.2  29.2  27.9  25.9   506   506   506   506   506   506   506   506   506   506   506   506 
1933  25.1  24.6  27.2  29.4  30.1  29.1  28.6  27.3  27.6  28.4  27.8  25.4   506   506   506   506   506   506   506   506   506   506   506   506 
1934  23.2  25.3  26.4  29.2  30.2  28.7  27.6  26.9  27.6  29.0  26.2  26.0   506   506   506   506   506   506   506   506   506   506   506   506 
1935  23.4  24.2  27.3  28.2  30.1  29.5  27.4  27.3  26.9  28.8  27.4  25.6   506   506   506   506   506   506   506   506   506   506   506   506 
1936  23.6  24.7  27.0  28.6  30.3  28.3  28.0  27.4  27.9  28.6  27.8  25.1   506   506   506   506   506   506   506   506   506   506   506   506 
1937  23.6  24.5  26.1  28.6  29.8  29.1  27.1  27.5  27.4  28.1  28.0  24.4   506   506   506   506   506   506   506   506   506   506   506   506 
1938  23.9  24.1  27.2  29.7  30.7  27.8  27.3  27.5  27.3  26.6  25.6  25.8   506   506   506   506   506   506   506   506   506   506   506   506 
1939  25.2  25.1  26.3  28.2  29.8  29.6  27.3  27.3  27.4  28.2  27.5  25.9   506   506   506   506   506   506   506   506   506   506   506   506 
1940  25.0  25.4  25.9  28.2  30.5  29.2  27.7  27.3  27.9  28.7  28.7  25.4   506   506   506   506   506   506   506   506   506   506   506   506 
1941  24.3  25.9  27.5  29.9  30.7  30.7  28.3  28.3  28.4  29.6  28.7  26.1   506   506   506   506   506   506   506   506   506   506   506   506 
1942  24.4  26.0  27.3  29.9  30.9  29.3  27.5  27.4  27.6  28.8  26.4  25.1   506   506   506   506   506   506   506   506   506   506   506   506 
1943  23.7  25.7  27.8  29.1  30.3  28.4  27.1  27.4  27.1  28.3  28.0  26.3   506   506   506   506   506   506   506   506   506   506   506   506 
1944  24.5  24.2  26.7  28.6  30.9  30.5  27.4  27.3  28.1  29.0  28.2  26.4   506   506   506   506   506   506   506   506   506   506   506   506 
1945  23.2  25.0  27.7  28.8  30.2  29.3  27.6  27.5  27.6  28.2  27.6  24.3   506   506   506   506   506   506   506   506   506   506   506   506 
1946  24.7  26.6  27.7  29.7  30.9  28.7  27.7  27.2  27.4  29.1  27.2  25.9   506   506   506   506   506   506   506   506   506   506   506   506 
1947  24.8  25.4  27.2  28.9  30.2  30.7  28.1  27.9  27.4  27.4  27.0  26.1   506   506   506   506   506   506   506   506   506   506   506   506 
1948  24.7  25.6  27.9  29.6  31.1  30.1  28.2  27.7  27.3  28.4  27.8  26.0   506   506   506   506   506   506   506   506   506   506   506   506 
1949  25.7  25.3  27.7  29.4  30.6  28.8  28.2  27.6  27.2  28.4  27.2  24.9   506   506   506   506   506   506   506   506   506   506   506   506 
1950  24.6  23.7  26.4  28.7  30.6  29.9  27.4  27.8  27.4  28.2  26.8  24.3   506   506   506   506   506   506   506   506   506   506   506   506 
1951  23.8  24.3  27.3  28.2  29.4  28.7  27.3  27.4  28.2  28.9  28.8  26.3   506   506   506   506   506   506   506   506   506   506   506   506 
1952  24.9  25.5  26.7  29.1  30.6  28.9  27.9  27.2  27.4  28.1  25.9  26.3   506   506   506   506   506   506   506   506   506   506   506   506 
1953  23.9  26.0  28.3  29.2  30.2  28.9  27.2  27.1  27.6  28.9  27.5  26.2   506   506   506   506   506   506   506   506   506   506   506   506 
1954  24.3  25.8  27.7  28.8  30.2  28.8  26.9  27.1  26.7  27.6  27.2  25.4   506   506   506   506   506   506   506   506   506   506   506   506 
1955  25.4  25.5  27.6  28.9  30.4  28.9  27.7  26.5  27.6  28.4  26.7  25.5   506   506   506   506   506   506   506   506   506   506   506   506 
1956  24.4  24.8  27.6  29.6  29.8  28.3  26.6  26.6  26.8  28.0  27.3  25.3   506   506   506   506   506   506   506   506   506   506   506   506 
1957  24.5  23.9  25.3  28.5  29.7  30.2  27.5  26.9  27.8  28.9  28.3  26.6   506   506   506   506   506   506   506   506   506   506   506   506 
1958  25.7  25.3  27.6  29.1  30.8  29.7  27.6  26.9  27.5  28.3  28.5  26.7   506   506   506   506   506   506   506   506   506   506   506   506 
1959  24.7  24.7  27.1  29.5  31.5  29.4  27.3  27.0  27.3  27.7  28.3  27.3   506   506   506   506   506   506   506   506   506   506   506   506 
1960  24.7  26.9  27.1  28.8  30.7  28.7  28.0  27.2  27.7  28.4  28.1  26.9   506   506   506   506   506   506   506   506   506   506   506   506 
1961  25.3  24.0  27.0  28.5  30.1  29.3  26.9  27.5  27.6  27.9  28.3  26.1   506   506   506   506   506   506   506   506   506   506   506   506 
1962  23.7  26.1  26.7  28.5  30.3  29.7  27.3  27.5  27.7  29.0  28.5  26.6   506   506   506   506   506   506   506   506   506   506   506   506 
1963  26.1  26.6  27.9  28.7  30.4  29.1  27.7  26.7  27.6  28.9  28.5  26.9   506   506   506   506   506   506   506   506   506   506   506   506 
1964  22.9  24.0  26.7  28.9  30.3  28.9  27.7  27.1  27.1  27.9  27.7  25.5   506   506   506   506   506   506   506   506   506   506   506   506 
1965  25.7  25.6  26.0  28.3  29.5  29.0  27.0  27.4  28.1  28.5  28.2  26.5   506   506   506   506   506   506   506   506   506   506   506   506 
1966  25.2  26.3  26.8  27.8  29.9  29.2  27.8  27.5  28.1  29.9  28.7  26.2   506   506   506   506   506   506   506   506   506   506   506   506 
1967  23.8  25.5  27.3  28.9  30.2  28.7  27.3  27.3  27.7  28.5  27.6  25.8   506   506   506   506   506   506   506   506   506   506   506   506 
1968  23.7  22.9  27.1  27.5  28.8  29.6  27.7  27.7  27.9  28.8  28.3  26.1   506   506   506   506   506   506   506   506   506   506   506   506 
1969  24.1  24.7  26.7  29.1  30.5  29.3  27.8  27.5  26.9  28.7  28.8  27.7   506   506   506   506   506   506   506   506   506   506   506   506 
1970  24.3  24.4  26.2  28.5  30.2  28.3  27.9  26.9  27.1  28.5  27.4  25.0   506   506   506   506   506   506   506   506   506   506   506   506 
1971  23.5  24.1  27.3  29.2  30.2  28.3  27.7  26.9  27.5  27.3  26.9  25.3   506   506   506   506   506   506   506   506   506   506   506   506 
1972  24.1  23.5  26.1  28.0  29.9  29.5  28.1  27.7  28.1  29.5  27.5  25.9   506   506   506   506   506   506   506   506   506   506   506   506 
1973  22.7  25.0  26.7  29.3  30.5  29.5  27.5  27.1  26.7  28.4  27.7  25.8   506   506   506   506   506   506   506   506   506   506   506   506 
1974  24.3  24.3  27.3  29.3  29.6  29.6  27.5  27.3  28.1  27.9  26.7  25.1   506   506   506   506   506   506   506   506   506   506   506   506 
1975  23.8  24.3  25.8  28.1  30.1  28.7  27.7  27.0  27.3  27.9  27.2  25.4   506   506   506   506   506   506   506   506   506   506   506   506 
1976  24.5  25.4  27.5  27.7  29.4  28.7  27.8  27.6  27.3  29.5  28.9  26.7   506   506   506   506   506   506   506   506   506   506   506   506 
1977  24.9  24.9  28.5  29.3  30.5  29.3  27.5  27.9  27.7  29.9  29.6  27.3   506   506   506   506   506   506   506   506   506   506   506   506 
1978  24.3  24.9  25.7  28.5  30.7  28.2  27.7  27.3  27.5  28.9  28.7  27.5   506   506   506   506   506   506   506   506   506   506   506   506 
1979  25.1  24.1  26.1  28.3  29.4  29.5  28.1  26.9  28.0  28.7  28.5  26.7   506   506   506   506   506   506   506   506   506   506   506   506 
1980  24.8  25.4  27.1  29.6  30.7  28.3  28.0  27.1  27.9  28.5  28.5  25.9   506   506   506   506   506   506   506   506   506   506   506   506 
1981  24.9  25.2  27.6  28.8  30.5  30.6  27.6  27.2  27.8  29.0  27.1  26.1   506   506   506   506   506   506   506   506   506   506   506   506 
1982  24.7  24.9  25.9  28.0  30.0  29.7  27.9  27.5  27.8  29.9  28.3  26.9   506   506   506   506   506   506   506   506   506   506   506   506 
1983  24.2  23.7  25.7  27.2  29.9  29.8  27.9  27.3  27.3  27.9  26.8  25.6   506   506   506   506   506   506   506   506   506   506   506   506 
1984  23.2  24.7  28.3  29.8  30.4  29.1  27.0  27.0  27.3  28.2  28.0  26.1   506   506   506   506   506   506   506   506   506   506   506   506 
1985  24.1  24.9  27.7  28.6  30.1  28.6  27.4  27.3  28.1  28.2  27.6  26.2   506   506   506   506   506   506   506   506   506   506   506   506 
1986  25.4  24.9  27.3  28.8  30.3  29.0  28.1  27.1  27.9  28.9  28.1  25.6   506   506   506   506   506   506   506   506   506   506   506   506 
1987  25.5  26.1  27.6  29.3  30.6  29.3  28.2  27.5  29.3  29.7  29.2  27.6   506   506   506   506   506   506   506   506   506   506   506   506 
1988  26.1  25.9  26.6  29.5  30.9  29.8  27.5  28.1  27.9  28.4  28.1  26.4   506   506   506   506   506   506   506   506   506   506   506   506 
1989  23.9  24.6  26.2  28.1  30.1  28.7  27.5  26.8  27.6  28.3  28.2  26.2   506   506   506   506   506   506   506   506   506   506   506   506 
1990  25.9  25.3  26.0  27.8  30.1  28.5  27.6  26.4  27.3  28.4  28.1  26.9   506   506   506   506   506   506   506   506   506   506   506   506 
1991  23.5  24.1  26.2  29.3  30.7  29.5  27.1  27.1  28.1  29.1  28.3  25.5   506   506   506   506   506   506   506   506   506   506   506   506 
1992  24.8  24.5  26.1  27.6  30.1  30.1  28.3  27.1  28.0  28.4  28.7  27.4   506   506   506   506   506   506   506   506   506   506   506   506 
1993  24.7  26.1  26.9  28.1  30.2  29.7  27.7  27.7  26.8  28.6  28.7  27.0   506   506   506   506   506   506   506   506   506   506   506   506 
1994  25.1  24.9  27.5  28.7  30.3  28.7  26.9  27.2  26.9  29.3  29.0  25.7   506   506   506   506   506   506   506   506   506   506   506   506 
1995  23.9  25.5  26.6  28.5  30.7  30.7  27.9  28.4  28.1  29.1  27.8  26.3   506   506   506   506   506   506   506   506   506   506   506   506 
1996  24.5  25.9  28.2  29.2  30.7  29.8  27.6  27.2  27.7  28.3  27.8  26.9   506   506   506   506   506   506   506   506   506   506   506   506 
1997  24.1  24.8  27.9  28.4  30.3  29.0  28.3  27.8  27.6  28.4  29.2  24.3   506   506   506   506   506   506   506   506   506   506   506   506 
1998  25.4  25.6  27.0  29.4  31.5  29.8  28.2  28.1  27.9  28.6  28.5  27.1   506   506   506   506   506   506   506   506   506   506   506   506 
1999  24.5  26.5  27.5  28.7  29.5  28.5  27.9  27.8  27.5  28.9  28.3  26.8   506   506   506   506   506   506   506   506   506   506   506   506 
2000  26.0  23.8  26.8  29.2  29.9  28.8  27.5  27.0  28.3  29.5  28.8  26.9   506   506   506   506   506   506   506   506   506   506   506   506 
2001  25.1  24.8  26.9  29.2  30.4  29.1  27.6  27.7  28.5  29.3  29.1  27.1   506   506   506   506   506   506   506   506   506   506   506   506 
2002  25.1  25.8  27.9  29.7  31.6  29.6  29.3  27.1  27.9  30.2  28.5  26.5   506   506   506   506   506   506   506   506   506   506   506   506 
2003  26.1  25.9  27.2  29.3  30.6  29.1  27.9  27.9  27.8  29.3  29.1  26.1   506   506   506   506   506   506   506   506   506   506   506   506 
2004  24.5  25.6  28.0  29.2  31.1  29.1  27.6  27.1  27.8  28.9  29.1  26.9   506   506   506   506   506   506   506   506   506   506   506   506 
2005  23.8  24.7  26.5  29.4  30.1  29.4  27.9  27.3  27.2  28.5  27.9  25.6   506   506   506   506   506   506   506   506   506   506   506   506 
2006  25.2  27.0  27.4  28.7  30.5  29.2  27.5  27.1  28.1  29.6  28.9  27.2   506   506   506   506   506   506   506   506   506   506   506   506 
2007  25.5  26.2  28.1  29.5  31.0  29.6  28.3  27.6  27.8  28.9  28.3  26.5   506   506   506   506   506   506   506   506   506   506   506   506 
2008  23.9  23.2  26.8  28.9  30.5  28.5  27.4  26.8  27.3  29.0  27.9  27.1   506   506   506   506   506   506   506   506   506   506   506   506 
2009  25.8  25.3  27.6  29.4  30.7  30.8  27.7  27.9  28.5  28.8  28.4  27.2   506   506   506   506   506   506   506   506   506   506   506   506 
2010  26.8  26.2  28.1  30.4  31.9  29.5  27.7  27.7  27.7  29.5  29.1  25.7   506   506   506   506   506   506   506   506   506   506   506   506 
2011  24.9  26.1  28.4  29.1  30.9  29.3  27.4  27.4  27.9  29.3  29.6  27.1   506   506   506   506   506   506   506   506   506   506   506   506 
2012  23.7  25.2  26.5  29.6  30.5  29.5  28.5  27.8  28.2  29.4  27.9  27.1   506   506   506   506   506   506   506   506   506   506   506   506 
2013  24.0  25.8  27.3  29.1  31.1  28.3  26.8  27.7  27.9  28.9  28.6  26.3   900   900   900   903   900   900   900   900   900   902   900   900 
2014  24.7  24.7  26.7  28.3  29.1  30.7  27.3  27.6  28.0  29.8  29.4  26.5   900   900   900   900   900   900   900   900   900   900   900   900 
2015  24.4  25.5  27.7  29.6  31.7  28.8  28.7  28.0  28.3  30.0  29.5  26.6   900   900   900   900   900   900   900   900   900   900   900   900 
2016  25.3  25.2  28.2  28.2  31.1  29.8  27.3  27.8  27.3  28.0  25.9  28.0   900   900   900   900   900   900   900   900   900   900   900   900 
2017  25.5 -99.0  27.7  30.0  31.4  29.3  28.1  27.7  28.4  29.3  28.3  25.9   900   -99   900   900   900   900   900   900   900   900   900   900 
2018  25.2  26.5  28.0  29.3  30.8  28.8  27.1  27.1  28.1  30.1  29.3  26.5   900   900   900   900   900   900   900   900   900   900   900   900 
2019  24.6  25.0  26.7  29.3  30.1  29.8  27.5  27.8  26.8  28.9  28.7  27.3   900   900   900   900   900   900   900   900   900   900   900   900 
2020  24.4  26.3  26.8  29.5  30.8  28.9  27.8  27.4  28.5  29.0  28.5  27.0   900   900   900   900   900   900   900   900   900   900   900   900 
