Number= 832280
Name= PEIXE
Country= BRAZIL
Lat=  -12.0
Long=   48.4
Height= 242
Start year= 1975
End year= 2012
First Good year= 1975
Source ID= 58
Source file= Jones
Jones data to= 2012
Normals source= Data
Normals source start year= 1975
Normals source end year= 1990
Normals=  26.4  26.5  26.7  26.9  26.5  25.2  25.2  26.6  28.0  27.6  27.0  26.4 
Standard deviations source= Data
Standard deviations source start year= 1975
Standard deviations source end year= 1990
Obs:
1975 -99.0 -99.0 -99.0 -99.0  25.6  24.5  24.2  25.5  26.8  26.9  26.2  26.1   -99   -99   -99   -99   506   506   506   506   506   506   506   506 
1976  26.1  26.0  26.2  26.2  25.4  23.9  24.1  26.0  26.9  26.3  26.0  26.3   506   506   506   506   506   506   506   506   506   506   506   506 
1977  26.0  25.9  26.9  26.4  25.8  25.7  24.9  27.0  27.5  27.0  27.1  26.1   506   506   506   506   506   506   506   506   506   506   506   506 
1978  26.5  26.3  26.2  26.5  26.2  24.4  25.2  25.7  27.5  27.3  27.2  26.1   506   506   506   506   506   506   506   506   506   506   506   506 
1979  26.1  25.9  27.3  26.8  26.2  23.5  25.0  26.1  27.3  27.8  27.2  27.2   506   506   506   506   506   506   506   506   506   506   506   506 
1980  26.1  25.0  26.8  26.7  27.0  25.8  25.2  26.5  28.6  28.7  26.5  25.8   506   506   506   506   506   506   506   506   506   506   506   506 
1981  26.1  27.0  26.7  26.6  25.5  24.4  23.8  25.6  28.1  27.8  26.1  26.8   506   506   506   506   506   506   506   506   506   506   506   506 
1982  25.4  26.9  27.1  26.7  26.4  25.7  25.1  26.8  28.2  27.8  27.2  26.7   506   506   506   506   506   506   506   506   506   506   506   506 
1983  26.7  26.8  26.7  27.7  27.4  26.1  26.2  26.9  29.1  27.3  26.5  26.3   506   506   506   506   506   506   506   506   506   506   506   506 
1984  26.7  26.6  26.6  26.7  26.5  25.4  25.2  27.1  27.7  27.7  27.6  26.9   506   506   506   506   506   506   506   506   506   506   506   506 
1985  25.3  26.8  26.9  26.5  26.7  24.3  25.1  26.7  28.0  27.0  26.5  25.7   506   506   506   506   506   506   506   506   506   506   506   506 
1986  26.5  26.5  26.6  27.3  27.0  24.9  26.1  27.3  28.3  27.5  27.4  26.6   506   506   506   506   506   506   506   506   506   506   506   506 
1987  27.6  27.0  26.5  27.1  27.5  26.5  26.4  28.1  28.9  28.8  27.7  26.9   506   506   506   506   506   506   506   506   506   506   506   506 
1988  27.4  27.3  26.8  27.4  27.2  25.5  24.8  25.3  28.1  27.6  26.9  26.3   506   506   506   506   506   506   506   506   506   506   506   506 
1989  26.5  26.5  26.4  26.9  25.9  26.0  25.2  27.8  28.8  28.0  26.9  24.9   506   506   506   506   506   506   506   506   506   506   506   506 
1990  27.3  26.6  27.5  27.9  27.0  25.9  26.4  27.5  28.3  28.5  28.2  27.5   506   506   506   506   506   506   506   506   506   506   506   506 
1991  26.3  27.1  26.8  27.2  27.2  26.1  24.8  26.1  27.6  28.6  27.1  26.6   506   506   506   506   506   506   506   506   506   506   506   506 
1992  26.1  25.7  27.2  27.5  27.4  26.2  25.7  27.3  28.7  27.6  26.6  25.6   506   506   506   506   506   506   506   506   506   506   506   506 
1993  27.0  26.2  27.8  27.8  26.6  25.6  25.9  28.2  28.8 -99.0 -99.0 -99.0   506   506   506   506   506   506   506   506   506   -99   -99   -99 
1994 -99.0 -99.0  26.9  27.3  27.6  26.5  25.5  26.5  29.1  29.4  28.4  27.4   -99   -99   506   506   506   506   506   506   506   506   506   506 
1995  27.0  26.9  27.4  27.1  27.0  25.2  25.7  27.0  29.3  29.5  27.1  26.8   506   506   506   506   506   506   506   506   506   506   506   506 
1996  27.4  28.1  26.9  27.4  27.1  25.3  25.3  28.2  29.8  28.3  27.2  27.6   506   506   506   506   506   506   506   506   506   506   506   506 
1997  26.3  27.0  26.0  26.8  26.1  25.7  25.3  27.0  29.0  29.2  28.6  28.0   506   506   506   506   506   506   506   506   506   506   506   506 
1998  27.6  28.6  28.5  29.7  28.0  26.8  26.7  28.7  30.4  29.9  27.6  27.7   506   506   506   506   506   506   506   506   506   506   506   506 
1999  27.9  27.6  27.5  27.8  27.0  26.7  26.3  27.7  29.8  29.2  27.3  26.8   506   506   506   506   506   506   506   506   506   506   506   506 
2000  27.0  26.4  27.3  27.2  26.7  26.0  26.6  28.0  28.3  28.9  27.0  26.9   506   506   506   506   506   506   506   506   506   506   506   506 
2001  27.1  27.2  27.0  27.4  28.0  26.6  26.5  27.2  29.6  28.0  27.7  27.4   506   506   506   506   506   506   506   506   506   506   506   506 
2002  26.7  27.8 -99.0 -99.0  27.2  25.9  27.2  28.0  29.1  29.3  28.8  27.2   506   506   -99   -99   506   506   506   506   506   506   506   506 
2003  27.4  27.3  27.4  27.8  27.4  26.0  25.3  27.9  29.8  29.0  28.0  28.1   506   506   506   506   506   506   506   506   506   506   506   506 
2004  26.7  26.8  27.2  27.7  27.8  25.9  25.5  26.1  27.8  28.6  28.3  27.5   506   506   506   506   506   506   506   506   506   506   506   506 
2005  27.2  27.9  27.0  27.7  26.1  25.7  24.8  26.5  28.6  28.8  28.1  26.4   506   506   506   506   506   506   506   506   506   506   506   506 
2006  27.7  27.7  27.0  26.9  26.5  24.5  25.0  26.9  28.3  28.5  27.4  27.5   506   506   506   506   506   506   506   506   506   506   506   506 
2007  27.9  26.5  27.6  28.0  27.6  25.6  25.4  26.7  28.7  29.5  28.0  27.4   506   506   506   506   506   506   506   506   506   506   506   506 
2008  27.2  26.8  26.7  27.1  26.4  25.1  24.5  26.7  29.3  29.9  27.6  26.9   506   506   506   506   506   506   506   506   506   506   506   506 
2009  27.8  27.1  27.7  27.2  26.1  26.1  25.8  27.5  29.4  27.8  27.9  26.6   506   506   506   506   506   506   506   506   506   506   506   506 
2010  27.4  28.2  28.3  27.9  28.3  26.2  26.0  26.4  28.3  29.2  27.2  27.1   506   506   506   506   506   506   506   506   506   506   506   506 
2011  26.6  26.9  27.1  27.6  27.1  25.9  25.5  27.4  28.3  27.4  26.8  27.1   506   506   506   506   506   506   506   506   506   506   506   506 
2012  26.4  26.7  27.5 -99.0 -99.0 -99.0 -99.0 -99.0 -99.0 -99.0 -99.0 -99.0   506   506   506   -99   -99   -99   -99   -99   -99   -99   -99   -99 
