Number= 832950
Name= ITIRUCUJAGUAQUARA
Country= BRAZIL
Lat=  -13.4
Long=   40.1
Height= 756
Start year= 1961
End year= 2012
First Good year= 1961
Source ID= 58
Source file= Jones
Jones data to= 2012
Normals source start year= 1961
Normals source end year= 1990
Normals= -99.0 -99.0 -99.0 -99.0 -99.0 -99.0 -99.0 -99.0 -99.0 -99.0 -99.0 -99.0 
Standard deviations source= Data
Standard deviations source start year= 1961
Standard deviations source end year= 1990
Obs:
1961  23.7  23.3 -99.0  22.5  21.2 -99.0  19.1  19.4  21.2  22.2  23.7  23.1   506   506   -99   506   506   -99   506   506   506   506   506   506 
1962  24.1  25.0  23.7  22.4  20.3 -99.0 -99.0 -99.0 -99.0 -99.0 -99.0 -99.0   506   506   506   506   506   -99   -99   -99   -99   -99   -99   -99 
1963  23.5  23.2  22.3  22.1  19.9  20.0 -99.0 -99.0  20.0  22.5  23.4  22.1   506   506   506   506   506   506   -99   -99   506   506   506   506 
1964  22.8  23.0  22.3  21.7  20.5 -99.0 -99.0 -99.0 -99.0  21.4  20.7 -99.0   506   506   506   506   506   -99   -99   -99   -99   506   506   -99 
1965 -99.0 -99.0 -99.0 -99.0 -99.0 -99.0 -99.0 -99.0 -99.0 -99.0 -99.0 -99.0   -99   -99   -99   -99   -99   -99   -99   -99   -99   -99   -99   -99 
1966 -99.0 -99.0 -99.0 -99.0  20.0  20.0  19.0  19.3  20.3  22.4  22.2  23.0   -99   -99   -99   -99   506   506   506   506   506   506   506   506 
1967 -99.0 -99.0  23.3 -99.0 -99.0 -99.0 -99.0 -99.0 -99.0 -99.0 -99.0 -99.0   -99   -99   506   -99   -99   -99   -99   -99   -99   -99   -99   -99 
1968 -99.0 -99.0 -99.0 -99.0 -99.0 -99.0 -99.0 -99.0 -99.0 -99.0 -99.0 -99.0   -99   -99   -99   -99   -99   -99   -99   -99   -99   -99   -99   -99 
1969 -99.0 -99.0 -99.0  21.8  20.4  19.9  18.7  19.1  20.6  22.2  23.0  21.9   -99   -99   -99   506   506   506   506   506   506   506   506   506 
1970  22.6  22.0  22.2  21.8  20.6  19.3  18.0  18.4  20.4  21.9  22.0  22.7   506   506   506   506   506   506   506   506   506   506   506   506 
1971 -99.0 -99.0 -99.0 -99.0 -99.0 -99.0 -99.0 -99.0 -99.0 -99.0 -99.0 -99.0   -99   -99   -99   -99   -99   -99   -99   -99   -99   -99   -99   -99 
1972 -99.0 -99.0 -99.0 -99.0 -99.0 -99.0 -99.0 -99.0 -99.0 -99.0 -99.0 -99.0   -99   -99   -99   -99   -99   -99   -99   -99   -99   -99   -99   -99 
1973  23.9  24.2 -99.0  22.4  21.4  20.7  19.4  20.2  20.5  21.1  22.6  22.9   506   506   -99   506   506   506   506   506   506   506   506   506 
1974  22.8  22.6  23.0  22.0  20.7  19.5  17.4  19.1  20.0  21.7  21.0  22.3   506   506   506   506   506   506   506   506   506   506   506   506 
1975  22.7  23.2  22.8  21.5  19.7  19.3  17.6  18.5  19.4  21.9  21.7  21.5   506   506   506   506   506   506   506   506   506   506   506   506 
1976  22.7  22.6  22.6  21.8  21.3  19.7  19.0  19.3  21.4  20.8  22.1  22.9   506   506   506   506   506   506   506   506   506   506   506   506 
1977  22.8  21.7  23.0  22.8  20.2  19.8  18.7  19.7  20.2  21.1  23.5  23.2   506   506   506   506   506   506   506   506   506   506   506   506 
1978  22.3  22.2  22.0  21.4  20.7  18.9  19.5  18.5  19.4  21.3  21.7  22.0   506   506   506   506   506   506   506   506   506   506   506   506 
1979  22.9  22.4  22.1  21.6  20.4  18.1  18.6  19.5  20.3  22.2  22.7  23.8   506   506   506   506   506   506   506   506   506   506   506   506 
1980  23.0  22.4  21.7  21.7  20.6  19.5  18.9  18.9  20.1  21.2  22.0  22.8   506   506   506   506   506   506   506   506   506   506   506   506 
1981 -99.0 -99.0 -99.0 -99.0 -99.0 -99.0 -99.0 -99.0 -99.0 -99.0 -99.0 -99.0   -99   -99   -99   -99   -99   -99   -99   -99   -99   -99   -99   -99 
1982 -99.0 -99.0 -99.0 -99.0 -99.0 -99.0 -99.0 -99.0 -99.0 -99.0 -99.0 -99.0   -99   -99   -99   -99   -99   -99   -99   -99   -99   -99   -99   -99 
1983 -99.0 -99.0 -99.0 -99.0 -99.0 -99.0 -99.0 -99.0 -99.0 -99.0 -99.0 -99.0   -99   -99   -99   -99   -99   -99   -99   -99   -99   -99   -99   -99 
1984 -99.0 -99.0 -99.0 -99.0 -99.0 -99.0 -99.0 -99.0 -99.0 -99.0 -99.0 -99.0   -99   -99   -99   -99   -99   -99   -99   -99   -99   -99   -99   -99 
1985 -99.0 -99.0 -99.0 -99.0 -99.0 -99.0 -99.0 -99.0 -99.0 -99.0 -99.0 -99.0   -99   -99   -99   -99   -99   -99   -99   -99   -99   -99   -99   -99 
1986 -99.0 -99.0 -99.0 -99.0 -99.0 -99.0 -99.0 -99.0 -99.0 -99.0 -99.0 -99.0   -99   -99   -99   -99   -99   -99   -99   -99   -99   -99   -99   -99 
1987 -99.0 -99.0 -99.0 -99.0 -99.0 -99.0 -99.0 -99.0 -99.0 -99.0 -99.0 -99.0   -99   -99   -99   -99   -99   -99   -99   -99   -99   -99   -99   -99 
1988 -99.0 -99.0 -99.0 -99.0 -99.0 -99.0 -99.0 -99.0 -99.0 -99.0 -99.0 -99.0   -99   -99   -99   -99   -99   -99   -99   -99   -99   -99   -99   -99 
1989 -99.0 -99.0 -99.0 -99.0 -99.0 -99.0 -99.0 -99.0 -99.0 -99.0 -99.0 -99.0   -99   -99   -99   -99   -99   -99   -99   -99   -99   -99   -99   -99 
1990 -99.0 -99.0 -99.0 -99.0 -99.0 -99.0 -99.0 -99.0 -99.0 -99.0 -99.0 -99.0   -99   -99   -99   -99   -99   -99   -99   -99   -99   -99   -99   -99 
1991 -99.0 -99.0 -99.0 -99.0 -99.0 -99.0 -99.0 -99.0 -99.0 -99.0 -99.0 -99.0   -99   -99   -99   -99   -99   -99   -99   -99   -99   -99   -99   -99 
1992 -99.0 -99.0 -99.0 -99.0 -99.0 -99.0 -99.0 -99.0 -99.0 -99.0 -99.0 -99.0   -99   -99   -99   -99   -99   -99   -99   -99   -99   -99   -99   -99 
1993 -99.0 -99.0  24.1  24.0  21.8  19.7  19.8  19.7  21.8  22.5  22.9  24.0   -99   -99   506   506   506   506   506   506   506   506   506   506 
1994  24.9 -99.0  24.3 -99.0  21.6  20.4  18.9  18.8  19.9  21.7  22.8  23.7   506   -99   506   -99   506   506   506   506   506   506   506   506 
1995  25.0 -99.0 -99.0  23.6  22.7  20.0  19.2  19.5  20.3  22.9  22.4  23.2   506   -99   -99   506   506   506   506   506   506   506   506   506 
1996  23.6 -99.0 -99.0  22.9  21.6  19.5  19.0  19.5  20.7  22.9  22.8  24.0   506   -99   -99   506   506   506   506   506   506   506   506   506 
1997  24.3 -99.0  22.0  21.9  19.8  20.1  18.4  18.7  22.6  22.5  23.5  24.0   506   -99   506   506   506   506   506   506   506   506   506   506 
1998  24.9 -99.0  25.5  24.6  22.5  19.6  20.0  20.3  21.5  22.5  23.0  23.3   506   -99   506   506   506   506   506   506   506   506   506   506 
1999  23.3 -99.0  23.3  22.0  20.8  20.2  18.8  18.3  19.4  20.1  21.4  22.3   506   -99   506   506   506   506   506   506   506   506   506   506 
2000  22.9  23.2  22.4  22.3  21.0  19.5  18.9  19.4  20.1  22.4  22.9  22.6   506   506   506   506   506   506   506   506   506   506   506   506 
2001  22.2  24.2  23.2  22.3  22.5  19.3  19.4  18.6  20.5  21.8  23.4  23.4   506   506   506   506   506   506   506   506   506   506   506   506 
2002  22.8  22.9  22.8  22.6  20.8  19.8  19.8  19.6  20.9  21.9  23.3  24.1   506   506   506   506   506   506   506   506   506   506   506   506 
2003  24.6  23.9  24.5  23.4  21.6  19.7 -99.0 -99.0 -99.0 -99.0 -99.0  24.0   506   506   506   506   506   506   -99   -99   -99   -99   -99   506 
2004  23.6  23.3  22.7  22.4  21.3  19.2  18.3  19.5  20.3  22.1  22.8  23.2   506   506   506   506   506   506   506   506   506   506   506   506 
2005  24.2  24.0  23.8  22.3  21.1  19.6  18.3  19.1  20.7 -99.0  22.4  23.0   506   506   506   506   506   506   506   506   506   -99   506   506 
2006  23.0  25.3  24.3  22.6  20.7  18.5  18.7  19.4  20.2  21.7  22.5  23.6   506   506   506   506   506   506   506   506   506   506   506   506 
2007  24.4  23.1  22.4  22.4  20.8  19.4  19.4  18.4 -99.0  21.3  22.7  22.6   506   506   506   506   506   506   506   506   -99   506   506   506 
2008  23.4  23.6  23.5  23.3 -99.0  19.3 -99.0  19.6  20.6  22.4  23.6  22.9   506   506   506   506   -99   506   -99   506   506   506   506   506 
2009  23.4  23.7  25.1  23.4  21.0  20.1  20.0  19.9  22.3  23.2  23.6  24.6   506   506   506   506   506   506   506   506   506   506   506   506 
2010  24.0  24.8  24.5  22.6  22.4  19.9  19.0  18.8  20.1  23.3  23.5 -99.0   506   506   506   506   506   506   506   506   506   506   506   -99 
2011  23.3  24.1  24.3  22.6  20.6  19.9  19.0  19.8 -99.0  21.4  21.2  22.9   506   506   506   506   506   506   506   506   -99   506   506   506 
2012  23.3  23.0  23.9 -99.0 -99.0 -99.0 -99.0 -99.0 -99.0 -99.0 -99.0 -99.0   506   506   506   -99   -99   -99   -99   -99   -99   -99   -99   -99 
