Number= 833090
Name= DIAMANTINO
Country= BRAZIL
Lat=  -14.4
Long=   56.5
Height= 286
Start year= 1961
End year= 2012
First Good year= 1961
Source ID= 58
Source file= Jones
Jones data to= 2012
Normals source= Data
Normals source start year= 1961
Normals source end year= 1990
Normals=  26.9  26.9  27.0  26.7  25.4  24.2  24.2  26.2  27.2  27.5  27.3  26.9 
Standard deviations source= Data
Standard deviations source start year= 1961
Standard deviations source end year= 1990
Standard deviations=   0.4   0.4   0.5   0.7   0.8   0.9   1.1   0.7   0.9   0.7   0.5   0.5 
Obs:
1961  26.3  26.5  27.0  27.1  25.9  23.5  23.8  27.1  28.4  27.5  27.1  26.3   506   506   506   506   506   506   506   506   506   506   506   506 
1962  26.6  27.0  26.8  26.4  24.8  22.7  21.9  26.2  27.7  25.8  27.3  26.3   506   506   506   506   506   506   506   506   506   506   506   506 
1963  26.7  26.4  26.8  26.8  24.7  23.4  24.0  26.6  28.3  29.2  27.8  27.6   506   506   506   506   506   506   506   506   506   506   506   506 
1964  26.9  27.4  26.8  27.0  24.7  23.4  23.5  27.6  27.6  26.7  26.4  26.2   506   506   506   506   506   506   506   506   506   506   506   506 
1965  26.4  26.6  25.7  26.1  26.0  25.1  24.8  26.7  27.5  26.9  26.8  27.0   506   506   506   506   506   506   506   506   506   506   506   506 
1966 -99.0 -99.0 -99.0 -99.0 -99.0 -99.0 -99.0 -99.0 -99.0 -99.0 -99.0 -99.0   -99   -99   -99   -99   -99   -99   -99   -99   -99   -99   -99   -99 
1967 -99.0 -99.0 -99.0 -99.0 -99.0 -99.0 -99.0 -99.0 -99.0 -99.0 -99.0 -99.0   -99   -99   -99   -99   -99   -99   -99   -99   -99   -99   -99   -99 
1968 -99.0 -99.0 -99.0 -99.0 -99.0 -99.0 -99.0 -99.0  25.7  27.7  28.2  26.2   -99   -99   -99   -99   -99   -99   -99   -99   506   506   506   506 
1969  26.7  27.2  27.5  27.0  25.7  24.6  24.1  25.6  28.6  27.3  27.3 -99.0   506   506   506   506   506   506   506   506   506   506   506   -99 
1970 -99.0  26.9  27.1  26.9  25.2  25.0  24.3  26.2  28.4  27.8  27.4  27.4   -99   506   506   506   506   506   506   506   506   506   506   506 
1971  26.5  26.2  26.9  26.0  24.4  23.4  24.3  25.5  27.6  25.9  26.9  26.6   506   506   506   506   506   506   506   506   506   506   506   506 
1972  26.1  26.2  27.1  25.0  26.7  25.5  24.4  25.9  27.4  27.6  27.6  27.3   506   506   506   506   506   506   506   506   506   506   506   506 
1973  28.0  27.5  27.9  27.8  25.5  25.9  23.7  25.8  27.7  28.0  27.4  27.0   506   506   506   506   506   506   506   506   506   506   506   506 
1974  26.8  27.0  25.9  26.2  24.7  25.0  23.5  26.5  26.3  27.1  27.1  26.5   506   506   506   506   506   506   506   506   506   506   506   506 
1975  26.8  26.7  27.1  26.6  24.6  24.3  23.0  26.1  28.4  27.3  26.6  26.9   506   506   506   506   506   506   506   506   506   506   506   506 
1976  26.9  26.4  26.3  26.0  25.1  22.8  24.0  26.5  26.2  27.2  26.5  26.8   506   506   506   506   506   506   506   506   506   506   506   506 
1977  26.7  26.8  27.5  25.9  24.1  24.6  25.7  26.3  27.1  26.8  27.3  26.7   506   506   506   506   506   506   506   506   506   506   506   506 
1978  27.0  27.4  27.4  26.7  25.2  24.0  25.4  24.4  26.9  27.4  27.0  26.4   506   506   506   506   506   506   506   506   506   506   506   506 
1979  26.7  27.1  27.2  26.0  25.4  23.1  24.8  26.8  26.6  28.0  26.8  26.9   506   506   506   506   506   506   506   506   506   506   506   506 
1980  26.8  26.7  27.5  26.9  25.9  24.8  24.7  26.8  26.6  27.8  27.4  26.8   506   506   506   506   506   506   506   506   506   506   506   506 
1981  26.5  27.0  27.2  27.3  26.0  23.5  22.9  26.6  27.0  27.7  27.3  27.2   506   506   506   506   506   506   506   506   506   506   506   506 
1982  27.1  26.9  26.9  26.8  25.3  25.8  26.0  26.9  26.7  27.6  27.7  27.1   506   506   506   506   506   506   506   506   506   506   506   506 
1983  27.4  28.1  27.5  27.8  27.2  23.8  24.8  25.4  27.1  27.0  26.4  26.7   506   506   506   506   506   506   506   506   506   506   506   506 
1984  27.1  27.4  27.5  26.3  26.2  24.4  25.3  25.1  26.4  27.8  27.4  27.0   506   506   506   506   506   506   506   506   506   506   506   506 
1985  26.5  27.4  27.1  26.9  26.4  23.3  24.4  25.8  27.2  27.5  27.4  28.6   506   506   506   506   506   506   506   506   506   506   506   506 
1986  27.3  26.8  26.8  27.5  26.7  24.2  24.5  26.8  26.1  26.9  28.0  27.7   506   506   506   506   506   506   506   506   506   506   506   506 
1987  27.4  27.2  26.7  28.0  25.7  24.8  26.7  25.3  28.5  29.0  28.0  26.9   506   506   506   506   506   506   506   506   506   506   506   506 
1988  27.5  27.0  27.8  27.4  24.9  23.8  22.8  26.2  28.5  28.4  27.4  27.0   506   506   506   506   506   506   506   506   506   506   506   506 
1989  26.6  26.4  26.4  26.8  24.2  24.9  22.9  26.2  26.3  27.8  28.0 -99.0   506   506   506   506   506   506   506   506   506   506   506   -99 
1990 -99.0  26.8  27.7  26.8  25.4  25.0  22.5  26.3  25.7  28.3  27.9 -99.0   -99   506   506   506   506   506   506   506   506   506   506   -99 
1991 -99.0  27.1 -99.0  26.5  25.8  23.9  23.7  25.5  28.0  27.4  27.1 -99.0   -99   506   -99   506   506   506   506   506   506   506   506   -99 
1992 -99.0  26.9  27.0  26.8 -99.0  26.1  23.2  25.8  25.6  27.0  26.5 -99.0   -99   506   506   506   -99   506   506   506   506   506   506   -99 
1993 -99.0  27.1  27.3  26.8  24.7  24.3  23.1  24.6  27.2  27.9  27.9 -99.0   -99   506   506   506   506   506   506   506   506   506   506   -99 
1994 -99.0  27.0  26.8  26.6 -99.0 -99.0 -99.0 -99.0 -99.0 -99.0 -99.0 -99.0   -99   506   506   506   -99   -99   -99   -99   -99   -99   -99   -99 
1995 -99.0 -99.0 -99.0 -99.0 -99.0 -99.0 -99.0  25.5  30.2  29.9  28.8 -99.0   -99   -99   -99   -99   -99   -99   -99   506   506   506   506   -99 
1996 -99.0 -99.0 -99.0 -99.0 -99.0 -99.0 -99.0 -99.0 -99.0 -99.0 -99.0 -99.0   -99   -99   -99   -99   -99   -99   -99   -99   -99   -99   -99   -99 
1997 -99.0 -99.0 -99.0 -99.0 -99.0 -99.0 -99.0 -99.0 -99.0 -99.0 -99.0 -99.0   -99   -99   -99   -99   -99   -99   -99   -99   -99   -99   -99   -99 
1998  26.6  26.3  26.4  25.4  22.9  25.1  26.5  27.2  26.7  27.4  25.8  25.8   506   506   506   506   506   506   506   506   506   506   506   506 
1999  26.1  26.1  25.5  25.9  25.0  25.0  24.8  26.3  28.8  28.2  26.8  27.4   506   506   506   506   506   506   506   506   506   506   506   506 
2000  27.4  27.1  27.0  27.0  25.7  25.3  22.9  27.4  27.4  28.4 -99.0 -99.0   506   506   506   506   506   506   506   506   506   506   -99   -99 
2001 -99.0 -99.0 -99.0 -99.0 -99.0 -99.0 -99.0 -99.0 -99.0 -99.0  27.9 -99.0   -99   -99   -99   -99   -99   -99   -99   -99   -99   -99   506   -99 
2002  27.4  27.1  27.9  27.7  26.7  24.3  24.3  27.5  27.3  28.8  28.0  28.0   506   506   506   506   506   506   506   506   506   506   506   506 
2003  27.4  26.7  26.9  26.7  25.3  24.9 -99.0 -99.0 -99.0 -99.0 -99.0 -99.0   506   506   506   506   506   506   -99   -99   -99   -99   -99   -99 
2004 -99.0 -99.0  27.8  27.4  24.0  24.4  24.3  25.8  28.0  28.3  27.7  27.5   -99   -99   506   506   506   506   506   506   506   506   506   506 
2005  27.0  27.7  27.1  26.6  26.8  26.3  24.6  27.2  26.1  28.6  28.3  27.1   506   506   506   506   506   506   506   506   506   506   506   506 
2006  27.2  27.3  27.5  26.8  23.4  25.4  24.7  27.4  27.9  27.9  28.1  27.5   506   506   506   506   506   506   506   506   506   506   506   506 
2007  27.7  27.0  27.8  27.5  24.4  24.9  24.3  25.5  28.4  27.7  27.4  27.1   506   506   506   506   506   506   506   506   506   506   506   506 
2008  26.0  26.6  26.7  26.0  24.1  23.8  25.6  28.0  27.7  27.8  28.1  27.1   506   506   506   506   506   506   506   506   506   506   506   506 
2009  27.6  27.3  27.4  27.1  26.2  23.7  25.2  26.7  27.3  28.0  28.1  27.1   506   506   506   506   506   506   506   506   506   506   506   506 
2010  27.0  27.8  28.0  26.8  24.8  25.4  23.7  26.0  29.8  28.2  26.8  27.0   506   506   506   506   506   506   506   506   506   506   506   506 
2011  26.7  26.6  26.8  27.4  24.9  24.7  25.1  26.1  28.5  28.0  27.3  27.2   506   506   506   506   506   506   506   506   506   506   506   506 
2012  26.4  26.7  26.7 -99.0 -99.0 -99.0 -99.0 -99.0 -99.0 -99.0 -99.0 -99.0   506   506   506   -99   -99   -99   -99   -99   -99   -99   -99   -99 
