Number= 833580
Name= POXOREO
Country= BRAZIL
Lat=  -15.8
Long=   54.4
Height= 450
Start year= 2002
End year= 2019
First Good year= 2002
Source ID= 94
Source file= Jones
Jones data to= 2016
Normals source start year= 2002
Normals source end year= 1990
Normals= -99.0 -99.0 -99.0 -99.0 -99.0 -99.0 -99.0 -99.0 -99.0 -99.0 -99.0 -99.0 
Standard deviations source= Data
Standard deviations source start year= 2002
Standard deviations source end year= 1990
Obs:
2002 -99.0 -99.0 -99.0  25.4 -99.0 -99.0  23.1  24.1  24.9  26.5  25.7  26.2   -99   -99   -99   506   -99   -99   506   506   506   506   506   506 
2003  24.6  24.9  25.3  24.6 -99.0  22.1  22.5 -99.0 -99.0  26.9  25.9  26.3   506   506   506   506   -99   506   506   -99   -99   506   506   506 
2004  25.5  25.5 -99.0  25.3  22.5  21.3  20.8  22.7  25.8  26.1  25.8  25.8   506   506   -99   506   506   506   506   506   506   506   506   506 
2005  25.7  26.1  25.7  21.5  23.8  22.4  21.1  23.4  24.4  26.8  26.4  25.3   506   506   506   506   506   506   506   506   506   506   506   506 
2006  25.5  25.9 -99.0  25.0  20.9  21.9  21.4 -99.0  25.2  25.4 -99.0  25.6   506   506   -99   506   506   506   506   -99   506   506   -99   506 
2007  26.0  25.6  25.5  25.8  22.7  21.6  21.2  22.0  26.1  26.8  25.6  25.8   506   506   506   506   506   506   506   506   506   506   506   506 
2008  25.3  25.3  25.2 -99.0  22.0  21.4  21.4  23.9  25.3  26.7  26.3  25.8   506   506   506   -99   506   506   506   506   506   506   506   506 
2009  26.0  25.3  25.5  24.6  23.3  21.1  23.3  23.9  25.6  26.3  26.2  26.1   506   506   506   506   506   506   506   506   506   506   506   506 
2010  25.7  26.0  26.5  24.9  22.2 -99.0  20.8  22.2  27.0  27.3  26.0  25.9   506   506   506   506   506   -99   506   506   506   903   506   506 
2011  25.3  25.3  25.1  25.4  22.8  21.6  22.0  24.2  27.0  26.3  26.0  25.8   506   506   506   506   506   506   506   506   506   506   506   506 
2012  25.0  25.3  24.9  25.5  23.0  22.2  20.9  22.8  26.1  27.3  25.9  26.5   506   506   506   506   506   506   506   506   506   506   506   506 
2013  25.5  24.9  25.9  24.6  24.1  24.2  21.6  21.9  26.1  26.2  25.9  25.3   506   506   506   506   506   506   506   506   506   506   506   506 
2014  24.7  25.1  25.5  25.5  23.5  22.8  22.3  24.0  26.7  27.6  26.3  25.4   506   506   506   506   506   506   506   506   506   506   506   506 
2015  25.6  25.5  25.6  25.4  24.5  23.2  22.8  24.1  27.0  27.2  26.4  26.4   506   506   506   506   506   506   506   506   506   506   506   506 
2016  26.1  26.4  26.2  25.9  24.5  23.5  22.5  24.5  26.2  26.0  26.0  25.9   506   506   506   506   506   506   506   900   900   900   900   900 
2017  25.7  25.9  26.5  26.2  26.1  23.1  20.6  25.2  27.7  27.6  26.9  25.7   900   900   900   900   900   900   900   900   900   900   900   900 
2018  26.1  26.4  26.4  25.2 -99.0 -99.0 -99.0  22.7 -99.0 -99.0 -99.0  28.0   900   900   900   900   -99   -99   -99   900   -99   -99   -99   900 
2019  27.5  26.9  26.7  25.9 -99.0 -99.0 -99.0 -99.0 -99.0 -99.0 -99.0 -99.0   900   900   900   900   -99   -99   -99   -99   -99   -99   -99   -99 
