Number= 833740
Name= GOIAS
Country= BRAZIL
Lat=  -15.9
Long=   50.1
Height= 512
Start year= 1911
End year= 2012
First Good year= 1911
Source ID= 58
Source file= Jones
Jones data to= 2012
Normals source= Data
Normals source start year= 1961
Normals source end year= 1990
Normals=  25.7  25.8  26.3  26.3  25.3  24.3  24.2  26.4  27.8  26.9  26.2  25.7 
Standard deviations source= Data
Standard deviations source start year= 1941
Standard deviations source end year= 1990
Standard deviations=   0.7   0.8   0.8   0.8   1.1   1.2   1.3   1.2   1.0   0.8   0.8   0.7 
Obs:
1911  24.7  26.7  25.4  25.6 -99.0  23.0  22.9  24.6  26.5  26.1  25.8  25.9   506   506   506   506   -99   506   506   506   506   506   506   506 
1912  24.9  24.5  24.6  25.4  24.8  24.1  24.3  26.3  26.9  25.5  25.3  24.6   506   506   506   506   506   506   506   506   506   506   506   506 
1913  24.9  25.3  26.3  26.1  24.9  24.5  25.1  26.5  26.7  27.3  25.7  25.5   506   506   506   506   506   506   506   506   506   506   506   506 
1914  25.4  25.3  27.3  27.0  25.5  26.2  26.4  27.0  29.7  28.5  27.0  24.5   506   506   506   506   506   506   506   506   506   506   506   506 
1915  25.4  27.4  26.4  27.7  26.9  26.3  26.2  27.3  29.0  26.8  25.7  25.0   506   506   506   506   506   506   506   506   506   506   506   506 
1916  24.5  24.5  24.7  25.2  25.4  23.0  22.9  24.8  26.3  26.1  25.3  24.7   506   506   506   506   506   506   506   506   506   506   506   506 
1917  24.7  24.9  25.4  25.1  23.7  22.7  22.4  24.3  26.3  26.1  25.3  24.7   506   506   506   506   506   506   506   506   506   506   506   506 
1918  24.7  24.9  25.4  25.1  23.8  22.7  22.4  24.3  26.3  26.1  25.3  24.7   506   506   506   506   506   506   506   506   506   506   506   506 
1919  22.4  23.6  24.8  25.6  25.9  24.4  24.3  25.5  26.6  26.9  26.3  24.4   506   506   506   506   506   506   506   506   506   506   506   506 
1920  24.3  23.7  24.5 -99.0  22.5  22.3  22.8  23.4  25.5  25.6  24.6  24.1   506   506   506   -99   506   506   506   506   506   506   506   506 
1921  25.5  25.5  26.5  25.8  24.3  23.6  22.4  24.0  26.7  26.2  25.8  25.1   506   506   506   506   506   506   506   506   506   506   506   506 
1922  25.1  25.5  25.5  25.0  23.9  23.6  22.6  24.4  25.1  23.6  24.0  23.0   506   506   506   506   506   506   506   506   506   506   506   506 
1923  23.6  22.6  24.9  25.1  24.3  23.5  22.4  24.7  25.1  24.6  24.7  25.6   506   506   506   506   506   506   506   506   506   506   506   506 
1924  24.3  25.0  25.7  26.1  23.9  23.7  22.1  22.7  25.9  26.3  25.1  24.0   506   506   506   506   506   506   506   506   506   506   506   506 
1925  24.2  25.1  25.0  25.7  23.8  22.7  22.9  23.4  24.5  25.0  24.7  24.0   506   506   506   506   506   506   506   506   506   506   506   506 
1926  24.9  24.7  25.0  24.5  24.0  22.8  20.6  23.8  26.7  25.3  25.4  24.7   506   506   506   506   506   506   506   506   506   506   506   506 
1927  25.2  25.2  25.5  25.7  23.7  22.7  21.8  24.6  26.9  26.4  26.1  25.8   506   506   506   506   506   506   506   506   506   506   506   506 
1928  24.8  25.4  25.5  25.5  23.7  23.2  21.8  23.9  27.1  26.0  25.4  24.7   506   506   506   506   506   506   506   506   506   506   506   506 
1929  25.0  24.7  25.1  24.6  23.3  22.3  22.6  24.6  26.3  26.2  25.2  24.0   506   506   506   506   506   506   506   506   506   506   506   506 
1930 -99.0  23.8  25.5  24.5  24.0  22.9  22.7  24.5  26.2  25.7  24.3  24.5   -99   506   506   506   506   506   506   506   506   506   506   506 
1931  25.4  24.7  25.0  25.6  24.2  22.0  22.6  23.4  27.0  26.1  25.6  24.5   506   506   506   506   506   506   506   506   506   506   506   506 
1932  23.9  25.4  25.4  25.4  24.7  23.8  23.9  24.5  26.4  25.8  24.9  24.9   506   506   506   506   506   506   506   506   506   506   506   506 
1933  24.8  25.6  25.6  24.9  23.3  21.8  22.6  23.8  26.4  25.3  25.1  24.5   506   506   506   506   506   506   506   506   506   506   506   506 
1934  24.8  25.0  25.1  25.3  23.3  22.4  22.1  24.9  26.0  26.3  25.4  24.5   506   506   506   506   506   506   506   506   506   506   506   506 
1935  24.7  24.9  25.7  24.6  23.1  22.6  23.0  24.3  27.0  26.4  25.3  25.3   506   506   506   506   506   506   506   506   506   506   506   506 
1936  25.0  24.6  25.1  25.0  23.3  22.7  21.8  24.0  25.9  26.6  25.8  25.3   506   506   506   506   506   506   506   506   506   506   506   506 
1937 -99.0 -99.0 -99.0 -99.0 -99.0 -99.0 -99.0 -99.0 -99.0 -99.0 -99.0 -99.0   -99   -99   -99   -99   -99   -99   -99   -99   -99   -99   -99   -99 
1938 -99.0 -99.0 -99.0 -99.0 -99.0 -99.0 -99.0 -99.0 -99.0 -99.0 -99.0 -99.0   -99   -99   -99   -99   -99   -99   -99   -99   -99   -99   -99   -99 
1939 -99.0 -99.0 -99.0 -99.0 -99.0 -99.0 -99.0 -99.0 -99.0 -99.0 -99.0 -99.0   -99   -99   -99   -99   -99   -99   -99   -99   -99   -99   -99   -99 
1940 -99.0 -99.0 -99.0 -99.0 -99.0 -99.0 -99.0 -99.0 -99.0 -99.0 -99.0 -99.0   -99   -99   -99   -99   -99   -99   -99   -99   -99   -99   -99   -99 
1941 -99.0 -99.0 -99.0 -99.0 -99.0 -99.0 -99.0 -99.0 -99.0 -99.0 -99.0 -99.0   -99   -99   -99   -99   -99   -99   -99   -99   -99   -99   -99   -99 
1942 -99.0 -99.0 -99.0 -99.0 -99.0 -99.0 -99.0 -99.0 -99.0 -99.0 -99.0 -99.0   -99   -99   -99   -99   -99   -99   -99   -99   -99   -99   -99   -99 
1943 -99.0 -99.0 -99.0 -99.0 -99.0 -99.0 -99.0 -99.0 -99.0 -99.0 -99.0 -99.0   -99   -99   -99   -99   -99   -99   -99   -99   -99   -99   -99   -99 
1944 -99.0 -99.0 -99.0 -99.0 -99.0 -99.0 -99.0 -99.0 -99.0 -99.0 -99.0 -99.0   -99   -99   -99   -99   -99   -99   -99   -99   -99   -99   -99   -99 
1945 -99.0 -99.0 -99.0 -99.0 -99.0 -99.0 -99.0 -99.0 -99.0 -99.0 -99.0 -99.0   -99   -99   -99   -99   -99   -99   -99   -99   -99   -99   -99   -99 
1946 -99.0 -99.0 -99.0 -99.0 -99.0 -99.0 -99.0 -99.0 -99.0 -99.0 -99.0 -99.0   -99   -99   -99   -99   -99   -99   -99   -99   -99   -99   -99   -99 
1947  25.4  25.6  26.0  25.9  24.7  22.5  22.5  24.6  27.9  25.6  25.2  25.0   506   506   506   506   506   506   506   506   506   506   506   506 
1948  24.7  25.7  25.3  25.3  24.0  22.7  23.5  24.3  25.8  26.8  25.7  24.7   506   506   506   506   506   506   506   506   506   506   506   506 
1949  24.7  24.7  26.2  25.1  22.7  22.7  22.6  24.2  26.5  26.4  25.4  25.2   506   506   506   506   506   506   506   506   506   506   506   506 
1950  24.9  25.6  25.2  24.9  22.8  22.0  22.8  23.8  25.9  26.2  24.8  24.6   506   506   506   506   506   506   506   506   506   506   506   506 
1951  24.2  25.3  25.5  24.1  23.2  21.5  20.9  25.0  26.0  27.0  26.2  25.3   506   506   506   506   506   506   506   506   506   506   506   506 
1952  25.5  25.4  24.8  24.9  22.7  22.1  22.1  24.3  26.3  27.5  25.8  24.5   506   506   506   506   506   506   506   506   506   506   506   506 
1953  25.3  25.4  25.4  25.3  24.0  22.9  21.9  25.0  26.5  26.0  25.8  24.7   506   506   506   506   506   506   506   506   506   506   506   506 
1954  25.8  25.1  25.6  25.2  24.4  23.3  22.5  24.6  26.7  28.3  25.4  25.3   506   506   506   506   506   506   506   506   506   506   506   506 
1955  24.7  24.9  25.8  25.1  24.1  23.5  22.1  25.0  27.1  26.1  25.6  24.1   506   506   506   506   506   506   506   506   506   506   506   506 
1956  25.0  24.3  25.4  24.7  23.3  21.1  22.4  24.2  26.2  26.5  24.5  24.0   506   506   506   506   506   506   506   506   506   506   506   506 
1957  24.2  24.5  24.9  24.6  23.1  22.0  21.9  24.8  26.2  26.1  25.6  25.5   506   506   506   506   506   506   506   506   506   506   506   506 
1958  24.6  25.2  26.0  24.6  24.3  22.4  22.7  23.2  26.2  26.2  26.4  25.1   506   506   506   506   506   506   506   506   506   506   506   506 
1959  24.6  25.6  24.9  25.5  24.4  21.9  22.6  24.0  26.7  26.5  25.2  25.8   506   506   506   506   506   506   506   506   506   506   506   506 
1960  25.8  25.2  25.1  25.5  23.4  22.7  22.4  24.3  26.7  26.0  25.2  25.2   506   506   506   506   506   506   506   506   506   506   506   506 
1961  24.8  25.0  27.3  27.1  26.0  24.1  23.3  24.7  28.5  27.8  27.7  25.3   506   506   506   506   506   506   506   506   506   506   506   506 
1962  26.5  26.7  27.0  27.5  26.1  24.5  24.8  27.5  29.0  26.1  27.4  24.5   506   506   506   506   506   506   506   506   506   506   506   506 
1963  26.8  26.9  28.3  27.3  24.9  23.2  23.7  25.7  29.3  26.2  28.7  27.6   506   506   506   506   506   506   506   506   506   506   506   506 
1964  25.7  26.5  26.8  26.9  25.0  22.4  22.5  27.0  28.5  25.5  25.7  24.6   506   506   506   506   506   506   506   506   506   506   506   506 
1965  25.5  26.1  25.9  25.9  26.2  24.7  22.5  25.3  28.6  26.5  26.0  26.4   506   506   506   506   506   506   506   506   506   506   506   506 
1966  26.0  25.1  26.6  26.6  25.2  22.8  22.5  25.8  26.8  26.7  25.8  25.3   506   506   506   506   506   506   506   506   506   506   506   506 
1967  24.6  24.8  25.3  25.7  24.0  23.7  22.6  26.7  27.4  26.8  25.1  25.6   506   506   506   506   506   506   506   506   506   506   506   506 
1968  25.7  23.2  25.5  24.5  22.5  22.8  22.6  24.7  26.8  26.4  25.6  25.2   506   506   506   506   506   506   506   506   506   506   506   506 
1969  25.2  26.1  26.5  26.7  25.1  24.1  24.4  26.4  27.9  27.1  26.1  25.2   506   506   506   506   506   506   506   506   506   506   506   506 
1970  25.9  25.3  26.2  26.2  25.0  25.0  24.7  26.0  27.4  26.8  26.0  26.5   506   506   506   506   506   506   506   506   506   506   506   506 
1971  26.7  25.8  26.2  25.8  25.5  25.0  25.2  26.8  27.0  25.6  25.0  25.6   506   506   506   506   506   506   506   506   506   506   506   506 
1972  25.9  25.5  26.6  25.7  25.8  24.8  25.2  26.4  28.4 -99.0  25.8  25.8   506   506   506   506   506   506   506   506   506   -99   506   506 
1973  26.7  26.2  26.2  26.6  25.4  25.5  24.6  27.6  28.7  26.4  26.3  25.7   506   506   506   506   506   506   506   506   506   506   506   506 
1974  25.6  25.9  24.6  25.9  24.8  24.7  23.9  26.6  27.9  27.2  26.4  25.4   506   506   506   506   506   506   506   506   506   506   506   506 
1975  26.1  26.3  26.6  25.7  24.8  24.3  23.6  26.9  29.5  27.0  25.9  26.0   506   506   506   506   506   506   506   506   506   506   506   506 
1976  26.2  25.7  26.5  26.6  25.9  25.0  25.6  27.9  27.1  26.7  25.4  26.3   506   506   506   506   506   506   506   506   506   506   506   506 
1977  25.9  27.1  28.2  27.2  25.3  25.7  25.9  27.4  26.8  27.1  26.1  25.8   506   506   506   506   506   506   506   506   506   506   506   506 
1978  25.7  26.0  25.6  25.6  24.4  23.7  25.1  25.2  27.3  27.0  25.7  25.0   506   506   506   506   506   506   506   506   506   506   506   506 
1979  25.2  25.5  26.6  26.6  25.3  23.7  24.8  26.7  27.0  28.1  26.4  26.1   506   506   506   506   506   506   506   506   506   506   506   506 
1980  24.6  24.1  25.7  25.1  25.3  24.7  25.2  27.8  27.4  29.2  26.0  25.0   506   506   506   506   506   506   506   506   506   506   506   506 
1981  25.3  26.6  25.6  26.1  25.0  23.6  22.8  26.3  28.5  26.6  25.6  26.2   506   506   506   506   506   506   506   506   506   506   506   506 
1982  24.0  26.1  26.2  25.9  24.7  25.0  24.8  26.1  26.8  26.6  27.1  25.9   506   506   506   506   506   506   506   506   506   506   506   506 
1983  25.3  26.3  25.8  26.4  25.8  24.9  25.2  26.5  28.0  26.1  25.4  24.6   506   506   506   506   506   506   506   506   506   506   506   506 
1984  25.4  25.5  26.0  26.2  26.0  24.7  25.2  25.8  25.7  27.2  26.7  25.9   506   506   506   506   506   506   506   506   506   506   506   506 
1985  24.4  26.4  26.1  26.0  26.4  22.8  23.9  27.2  28.1  26.1  26.1  26.2   506   506   506   506   506   506   506   506   506   506   506   506 
1986  25.5  26.0  26.6  27.0  26.1  24.5  24.7  26.6  27.4  26.6  26.8  25.6   506   506   506   506   506   506   506   506   506   506   506   506 
1987  26.7  26.3  26.1  26.9  25.9  25.6  25.6  26.8  28.2  28.4  26.4  25.9   506   506   506   506   506   506   506   506   506   506   506   506 
1988  26.6  26.5  26.1  26.0  25.5 -99.0  24.0  26.1  28.7  27.3  26.4  25.9   506   506   506   506   506   -99   506   506   506   506   506   506 
1989 -99.0 -99.0 -99.0 -99.0 -99.0 -99.0 -99.0 -99.0 -99.0 -99.0 -99.0 -99.0   -99   -99   -99   -99   -99   -99   -99   -99   -99   -99   -99   -99 
1990 -99.0 -99.0 -99.0 -99.0 -99.0 -99.0 -99.0 -99.0 -99.0  27.1  27.3  26.8   -99   -99   -99   -99   -99   -99   -99   -99   -99   506   506   506 
1991  25.3  26.2  25.6  26.3  25.7 -99.0  24.4  26.1  27.6  27.1  26.3  25.9   506   506   506   506   506   -99   506   506   506   506   506   506 
1992  25.1 -99.0 -99.0 -99.0  25.7  24.6  24.7  26.5  26.5  26.4  25.7  24.9   506   -99   -99   -99   506   506   506   506   506   506   506   506 
1993  26.2  24.6  27.3  26.8 -99.0 -99.0  24.6  26.3 -99.0 -99.0 -99.0 -99.0   506   506   506   506   -99   -99   506   506   -99   -99   -99   -99 
1994 -99.0 -99.0 -99.0  26.5  26.3  24.0  24.3  26.6  29.7  28.7  26.8  25.9   -99   -99   -99   506   506   506   506   506   506   506   506   506 
1995  26.9  25.8  26.9  26.2  25.8 -99.0  24.8  26.7  28.4  27.7  26.3  26.0   506   506   506   506   506   -99   506   506   506   506   506   506 
1996  26.4 -99.0 -99.0 -99.0 -99.0 -99.0  24.8  27.7  28.2  27.1  25.7  26.2   506   -99   -99   -99   -99   -99   506   506   506   506   506   506 
1997  25.4  26.4  25.5  25.7  24.5  22.8  23.6  26.3  28.5  28.7  27.7  26.6   506   506   506   506   506   506   506   506   506   506   506   506 
1998  26.9  27.7  28.1  28.5  25.9  25.6  26.2  28.6  29.0  28.0  26.4  26.1   506   506   506   506   506   506   506   506   506   506   506   506 
1999  26.5  26.8  26.5  26.7  24.7  25.2  26.2  26.6  28.3  28.2  26.3  26.0   506   506   506   506   506   506   506   506   506   506   506   506 
2000  25.7  25.8  26.0  26.1  25.4  24.3  23.8  27.0  26.6  28.3  25.8  25.6   506   506   506   506   506   506   506   506   506   506   506   506 
2001  26.0  26.8  26.3  26.5  25.2  24.2  25.1  26.2  27.9  26.1  25.8  25.5   506   506   506   506   506   506   506   506   506   506   506   506 
2002  26.0  26.5  27.0  27.2  26.1  25.4  26.3  28.6  28.5  29.1  27.6  26.7   506   506   506   506   506   506   506   506   506   506   506   506 
2003  26.0  26.7  26.2  26.8  25.1  24.8  24.3  26.7  28.7  28.2  27.1  27.2   506   506   506   506   506   506   506   506   506   506   506   506 
2004  25.5  25.6  26.5  26.4  25.5  24.1  24.0  26.7  29.7  28.2  27.0  26.6   506   506   506   506   506   506   506   506   506   506   506   506 
2005  25.6  27.4  26.6  27.1  25.3  24.6  25.1  27.1  29.4  29.4  26.4  25.2   506   506   506   506   506   506   506   506   506   506   506   506 
2006  27.0  26.3  26.2  26.2  25.0  24.7  24.5  28.0  28.0  26.6  26.7  26.2   506   506   506   506   506   506   506   506   506   506   506   506 
2007  26.9  26.2  27.2  27.3  25.4  25.1  25.4  27.0  30.2  29.4  28.0  26.3   506   506   506   506   506   506   506   506   506   506   506   506 
2008  25.9  26.1  26.0  26.5  25.5  24.8  24.6  27.3  28.9  29.0  27.2  25.8   506   506   506   506   506   506   506   506   506   506   506   506 
2009  26.8  27.1  27.6  26.5  26.2  25.0  26.3  27.5  29.3  27.7  27.6  26.5   506   506   506   506   506   506   506   506   506   506   506   506 
2010  27.8  28.3  27.8  27.7  27.0  26.0  27.3  27.7  31.6  29.3  26.9  27.2   506   506   506   506   506   506   506   506   506   506   506   506 
2011  26.3  27.2  26.4  27.5  26.6  25.2  26.0  28.5  30.2  27.6  26.7  26.3   506   506   506   506   506   506   506   506   506   506   506   506 
2012  26.0  26.9  27.9 -99.0 -99.0 -99.0 -99.0 -99.0 -99.0 -99.0 -99.0 -99.0   506   506   506   -99   -99   -99   -99   -99   -99   -99   -99   -99 
