Number= 836230
Name= VOTUPORANGA
Country= BRAZIL
Lat=  -20.4
Long=   50.0
Height= 503
Start year= 1976
End year= 2020
First Good year= 1976
Source ID= 58
Source file= Jones
Jones data to= 2011
Normals source start year= 1976
Normals source end year= 1990
Normals= -99.0 -99.0 -99.0 -99.0 -99.0 -99.0 -99.0 -99.0 -99.0 -99.0 -99.0 -99.0 
Standard deviations source= Data
Standard deviations source start year= 1976
Standard deviations source end year= 1990
Obs:
1976 -99.0 -99.0 -99.0 -99.0 -99.0 -99.0 -99.0 -99.0 -99.0 -99.0 -99.0 -99.0   -99   -99   -99   -99   -99   -99   -99   -99   -99   -99   -99   -99 
1977 -99.0 -99.0 -99.0 -99.0 -99.0 -99.0 -99.0 -99.0 -99.0 -99.0 -99.0 -99.0   -99   -99   -99   -99   -99   -99   -99   -99   -99   -99   -99   -99 
1978 -99.0 -99.0 -99.0 -99.0 -99.0 -99.0 -99.0 -99.0 -99.0 -99.0 -99.0 -99.0   -99   -99   -99   -99   -99   -99   -99   -99   -99   -99   -99   -99 
1979  24.6  26.0 -99.0  23.4  22.4  20.7 -99.0 -99.0 -99.0 -99.0 -99.0 -99.0   506   506   -99   506   506   506   -99   -99   -99   -99   -99   -99 
1980 -99.0 -99.0 -99.0 -99.0 -99.0 -99.0 -99.0 -99.0 -99.0 -99.0 -99.0 -99.0   -99   -99   -99   -99   -99   -99   -99   -99   -99   -99   -99   -99 
1981 -99.0 -99.0 -99.0 -99.0 -99.0 -99.0 -99.0 -99.0  25.1 -99.0 -99.0 -99.0   -99   -99   -99   -99   -99   -99   -99   -99   506   -99   -99   -99 
1982  25.0  26.0  24.9  23.0  21.3  22.0  21.9  23.4  24.2  25.1  26.2  24.5   506   506   506   506   506   506   506   506   506   506   506   506 
1983  25.4  26.1  25.0  24.7  23.7  21.0  22.4  22.2  22.7  24.1  24.8  24.6   506   506   506   506   506   506   506   506   506   506   506   506 
1984 -99.0 -99.0 -99.0 -99.0 -99.0 -99.0 -99.0 -99.0 -99.0 -99.0 -99.0 -99.0   -99   -99   -99   -99   -99   -99   -99   -99   -99   -99   -99   -99 
1985  24.6  26.4  25.0  24.5  21.9  19.3  19.8  23.6  25.3  27.0  26.2  26.8   506   506   506   506   506   506   506   506   506   506   506   506 
1986  26.3  26.0  25.7  25.5  23.3  21.6  20.3  22.8  23.4  25.2  26.7  25.6   506   506   506   506   506   506   506   506   506   506   506   506 
1987  25.8  25.2  25.3  24.7  21.9  20.9  23.8  22.3  23.7  26.1  26.0  25.8   506   506   506   506   506   506   506   506   506   506   506   506 
1988  26.9  25.6  26.2  25.1  23.2  20.0  19.5  23.7  26.7  25.0  25.1  26.1   506   506   506   506   506   506   506   506   506   506   506   506 
1989  25.1  25.2  25.8  25.0  21.7  20.2  20.5  22.1  22.9  24.2  24.7  24.9   506   506   506   506   506   506   506   506   506   506   506   506 
1990  26.3  26.6  26.5  26.0  21.6  20.7  20.5  21.9 -99.0  26.0  27.0  26.7   506   506   506   506   506   506   506   506   -99   506   506   506 
1991  25.5 -99.0  24.8  24.1  22.0  22.1  21.4 -99.0 -99.0 -99.0 -99.0 -99.0   506   -99   506   506   506   506   506   -99   -99   -99   -99   -99 
1992 -99.0  25.7 -99.0 -99.0 -99.0  22.8 -99.0  22.2  21.9  25.2  24.9  26.0   -99   506   -99   -99   -99   506   -99   506   506   506   506   506 
1993  25.9  24.6  26.1  24.9  22.4  20.9  21.2  22.4  24.1  26.2  27.5  25.5   506   506   506   506   506   506   506   506   506   506   506   506 
1994  25.1  27.0  25.0  24.7  23.2  21.2  21.6  23.4  26.6  27.1  26.2  26.5   506   506   506   506   506   506   506   506   506   506   506   506 
1995  26.6  25.1  25.8  23.5  22.0  21.6  23.5  25.8  25.3  24.7  25.4  25.9   506   506   506   506   506   506   506   506   506   506   506   506 
1996  26.6  26.7  25.8  24.8 -99.0 -99.0 -99.0 -99.0 -99.0  25.9  25.1  26.3   506   506   506   506   -99   -99   -99   -99   -99   506   506   506 
1997  25.4  26.6  25.6  24.3  21.9  20.1  22.1  23.1  26.7  26.6  27.0  26.8   506   506   506   506   506   506   506   506   506   506   506   506 
1998  27.4  27.1  26.8  25.1  21.5  21.1  22.7  24.0  24.0  25.2  25.4  25.7   506   506   506   506   506   506   506   506   506   506   506   506 
1999  26.2 -99.0  26.4  24.4  21.4  21.2  22.9  23.3  25.0  25.6  24.6  26.6   506   -99   506   506   506   506   506   506   506   506   506   506 
2000  26.1  25.7  25.4  24.9  22.0 -99.0  19.7  23.6  24.2  28.2  26.3  26.1   506   506   506   506   506   -99   506   506   506   506   506   506 
2001  26.6  26.9  26.5  26.1  21.5  20.4  22.3  23.9  25.2  25.5  26.7  26.0   506   506   506   506   506   506   506   506   506   506   506   506 
2002  26.2  26.1  27.5  27.7  24.3  24.4  22.1  26.0  24.0  29.6  26.8  28.0   506   506   506   506   506   506   506   506   506   506   506   506 
2003  26.6  27.5  26.3  25.3  21.8  24.0  23.1  22.1  25.3  26.0  26.2  27.3   506   506   506   506   506   506   506   506   506   506   506   506 
2004  26.3  26.1  26.1  26.0  21.4  21.5  21.2  24.1  28.5  24.9  26.3  26.4   506   506   506   506   506   506   506   506   506   506   506   506 
2005  26.3  27.4  26.8  27.1  24.0  23.1  21.1  24.3  24.1  27.4  26.2  25.5   506   506   506   506   506   506   506   506   506   506   506   506 
2006  27.0  26.1  26.8  25.2  21.1  22.2  23.4  24.9  24.1 -99.0 -99.0  26.1   506   506   506   506   506   506   506   506   506   -99   -99   506 
2007  25.7  26.8  28.1  26.6  22.6  23.1  21.2  23.8  27.5  28.4  25.9  27.2   506   506   506   506   506   506   506   506   506   506   506   506 
2008  25.7  25.8  25.9  25.4  21.5 -99.0 -99.0  25.0  24.1  27.1  26.6 -99.0   506   506   506   506   506   -99   -99   506   506   506   506   -99 
2009 -99.0 -99.0 -99.0 -99.0 -99.0 -99.0 -99.0 -99.0 -99.0 -99.0 -99.0 -99.0   -99   -99   -99   -99   -99   -99   -99   -99   -99   -99   -99   -99 
2010 -99.0  27.3 -99.0 -99.0 -99.0 -99.0 -99.0 -99.0 -99.0 -99.0 -99.0 -99.0   -99   900   -99   -99   -99   -99   -99   -99   -99   -99   -99   -99 
2011 -99.0 -99.0 -99.0 -99.0 -99.0 -99.0 -99.0 -99.0 -99.0 -99.0 -99.0 -99.0   -99   -99   -99   -99   -99   -99   -99   -99   -99   -99   -99   -99 
2012 -99.0 -99.0 -99.0 -99.0 -99.0 -99.0 -99.0 -99.0 -99.0 -99.0 -99.0 -99.0   -99   -99   -99   -99   -99   -99   -99   -99   -99   -99   -99   -99 
2013 -99.0 -99.0 -99.0 -99.0 -99.0 -99.0 -99.0 -99.0 -99.0 -99.0 -99.0 -99.0   -99   -99   -99   -99   -99   -99   -99   -99   -99   -99   -99   -99 
2014 -99.0 -99.0 -99.0 -99.0 -99.0 -99.0 -99.0 -99.0 -99.0 -99.0 -99.0  25.8   -99   -99   -99   -99   -99   -99   -99   -99   -99   -99   -99   900 
2015  26.9  25.4  24.5  24.4  21.7  21.7  21.6  23.8  25.5  26.6  25.7  25.8   900   900   900   900   900   900   900   900   900   900   900   900 
2016  25.3  26.4  25.6  25.8  20.8  19.7  21.2  22.1  22.9  25.2  25.2  25.5   900   900   900   900   900   900   900   900   900   900   900   900 
2017  24.4  26.3  25.5  23.3  22.9  20.8  19.8  22.5  26.3  26.0  24.5  25.3   900   900   900   900   900   900   900   900   900   900   900   900 
2018  25.1  24.4  26.2  24.5  22.4  22.2  22.3  21.4  24.1  25.6  24.6  26.3   900   900   900   900   900   900   900   900   900   900   900   900 
2019  27.1  25.3  24.6  24.5  22.9  22.3  21.2  23.5  26.7  27.3  26.1  25.2   900   900   900   900   900   900   900   900   900   900   900   900 
2020  25.7  24.7 -99.0 -99.0  22.3  22.7  22.3  23.2  27.9  27.4  25.9  25.3   900   900   -99   -99   900   900   900   900   900   900   900   900 
