Number= 836760
Name= CATANDUVA
Country= BRAZIL
Lat=  -21.1
Long=   48.9
Height= 570
Start year= 1961
End year= 2020
First Good year= 1961
Source ID= 58
Source file= Jones
Jones data to= 2012
Normals source= Data
Normals source start year= 1961
Normals source end year= 1990
Normals=  25.7  25.7  25.5  24.0  21.6  20.5  20.3  22.3  23.8  24.6  25.2  25.2 
Standard deviations source= Data
Standard deviations source start year= 1961
Standard deviations source end year= 1990
Standard deviations=   0.8   0.9   0.8   1.1   1.0   0.9   1.3   1.1   1.7   1.0   0.9   0.8 
Obs:
1961  25.7  25.5  25.6  24.3  22.0  21.1  21.3  23.0  26.7  26.0  26.9 -99.0   506   506   506   506   506   506   506   506   506   506   506   -99 
1962  25.8  26.0  25.5  24.0  20.9 -99.0  17.7  21.1  24.2  22.9  24.9  25.3   506   506   506   506   506   -99   506   506   506   506   506   506 
1963  26.3  26.5  27.4 -99.0  21.2  19.8  20.9  22.9  26.5  26.9  27.2  27.3   506   506   506   -99   506   506   506   506   506   506   506   506 
1964  26.6  25.6  25.5  25.7  21.0 -99.0  18.8  23.5  25.2  23.6  24.2  24.5   506   506   506   506   506   -99   506   506   506   506   506   506 
1965  25.2  25.4  23.9  24.4  21.7  22.0  20.7  22.1  25.7  24.7  25.6  25.7   506   506   506   506   506   506   506   506   506   506   506   506 
1966  26.3  26.6  25.5  23.9  21.8  21.0  21.5  21.8  22.8  25.1  25.5  26.3   506   506   506   506   506   506   506   506   506   506   506   506 
1967  26.0  26.2  25.7  24.6  23.0  21.1  21.3  24.3  25.2  26.1  24.9  24.4   506   506   506   506   506   506   506   506   506   506   506   506 
1968  26.1  25.4  26.0  22.4  19.4  20.1  20.2  21.3  23.2  25.7  27.0  26.5   506   506   506   506   506   506   506   506   506   506   506   506 
1969  27.5  27.7  27.0  24.5  23.1  21.5  21.3  24.2  26.5  24.0  25.3  25.1   506   506   506   506   506   506   506   506   506   506   506   506 
1970  26.0  25.3  26.6  24.8  23.2  22.3  20.8  21.4  23.4  25.0  24.4 -99.0   506   506   506   506   506   506   506   506   506   506   506   -99 
1971  27.5 -99.0 -99.0 -99.0 -99.0 -99.0 -99.0 -99.0 -99.0 -99.0 -99.0 -99.0   506   -99   -99   -99   -99   -99   -99   -99   -99   -99   -99   -99 
1972  24.5  24.1  25.0  21.0  22.0  21.0  19.5  21.0  22.7  24.0  24.7  25.4   506   506   506   506   506   506   506   506   506   506   506   506 
1973  26.4  26.9  25.7  25.7  21.4  21.7  20.8  21.8  23.4  23.9  24.4  25.3   506   506   506   506   506   506   506   506   506   506   506   506 
1974  25.3  26.6  24.7  23.4  20.8  20.3  20.9  22.4  24.8  23.8  24.5  24.1   506   506   506   506   506   506   506   506   506   506   506   506 
1975  25.4  26.2  26.4  23.3  20.9  20.8  19.0  24.8  25.7  23.9  24.5  25.0   506   506   506   506   506   506   506   506   506   506   506   506 
1976  25.6  23.9  24.6  22.9  20.8  19.8  19.3  21.3  21.1  23.2  24.4  24.7   506   506   506   506   506   506   506   506   506   506   506   506 
1977  25.4  26.8  26.2  23.2  21.0  21.0  22.9  23.6  23.7  25.8  25.1  24.4   506   506   506   506   506   506   506   506   506   506   506   506 
1978  25.9  26.2  25.6  23.7  20.7  19.8  20.5  20.5  22.6  25.2  24.6  24.5   506   506   506   506   506   506   506   506   506   506   506   506 
1979  24.1 -99.0  24.6  22.9  21.4  19.9  19.6  23.0  22.2  25.2  24.3  25.2   506   -99   506   506   506   506   506   506   506   506   506   506 
1980  24.5  25.1  26.2  23.8  22.4  19.5  21.4  22.9 -99.0  25.3  24.8  25.2   506   506   506   506   506   506   506   506   -99   506   506   506 
1981  25.2  26.2  25.8  23.3  22.6  18.9  19.1  22.3  25.0  23.7  25.6  24.4   506   506   506   506   506   506   506   506   506   506   506   506 
1982  24.3  25.9  24.4  22.7  20.4  21.7  21.1  22.7  23.6  24.5  26.1  24.1   506   506   506   506   506   506   506   506   506   506   506   506 
1983  25.0  25.7  24.5  24.1  22.9  20.6  21.8  21.4  21.7  23.2  24.3  24.6   506   506   506   506   506   506   506   506   506   506   506   506 
1984 -99.0 -99.0 -99.0 -99.0 -99.0 -99.0 -99.0 -99.0 -99.0 -99.0 -99.0 -99.0   -99   -99   -99   -99   -99   -99   -99   -99   -99   -99   -99   -99 
1985 -99.0 -99.0 -99.0 -99.0 -99.0 -99.0 -99.0 -99.0 -99.0 -99.0 -99.0 -99.0   -99   -99   -99   -99   -99   -99   -99   -99   -99   -99   -99   -99 
1986  26.2  25.5  25.4  24.9  22.6  20.6  19.3  21.2  22.4  24.5  26.0  24.9   506   506   506   506   506   506   506   506   506   506   506   506 
1987  25.5  25.0  24.8  24.7  21.2  19.9  22.8  21.7  22.8  25.6  25.7  25.8   506   506   506   506   506   506   506   506   506   506   506   506 
1988  26.8  25.4  25.5  24.7  22.5  19.6  18.5  22.7  25.7  23.9  24.4  25.8   506   506   506   506   506   506   506   506   506   506   506   506 
1989  24.8  23.6  24.6  24.9  20.5  19.4  18.9  21.4  22.0  23.5  23.8  24.5   506   506   506   506   506   506   506   506   506   506   506   506 
1990  26.1  25.8  25.6  25.3  20.6  19.9  19.4  20.8  21.1  25.5  26.7  26.3   506   506   506   506   506   506   506   506   506   506   506   506 
1991  25.0  25.3  24.3  23.6  21.3  21.0  20.4  23.2  23.7  24.6  25.8  25.6   506   506   506   506   506   506   506   506   506   506   506   506 
1992  25.8  25.1  24.9  23.5  22.3  22.1  20.5  21.7  21.2  24.5  24.3  25.0   506   506   506   506   506   506   506   506   506   506   506   506 
1993  25.7  23.9  25.9  24.1  21.7  20.2  20.9  21.2  23.3  25.6  27.1  25.2   506   506   506   506   506   506   506   506   506   506   506   506 
1994  24.8  27.0  25.0  24.4  22.8  20.5  20.9  22.6  25.9  27.0  25.7  26.0   506   506   506   506   506   506   506   506   506   506   506   506 
1995  26.3  25.1  26.0 -99.0 -99.0 -99.0  22.4  25.0  24.4  24.0  25.1  25.6   506   506   506   -99   -99   -99   506   506   506   506   506   506 
1996  26.3  26.8  25.8  24.7  21.6  19.8  19.8  23.1  23.1  25.5  24.9  25.9   506   506   506   506   506   506   506   506   506   506   506   506 
1997  25.1  26.2  25.0  23.8  21.5  19.8  21.4  22.8  25.5  25.8  26.7  26.7   506   506   506   506   506   506   506   506   506   506   506   506 
1998  27.3  27.1  26.6  24.7  20.8  20.4  21.6  23.1  24.0  24.4  25.2  25.8   506   506   506   506   506   506   506   506   506   506   506   506 
1999  26.2  26.4  26.2  24.0  20.6  20.8  22.4  22.7  24.3  25.0  24.8  26.0   506   506   506   506   506   506   506   506   506   506   506   506 
2000  25.8  25.7  25.3  24.5  22.1  22.3  19.4  23.0  23.3  28.0  25.9  25.8   506   506   506   506   506   506   506   506   506   506   506   506 
2001  26.5  26.9  26.7  26.1  21.3  20.7  21.9  23.2  24.4  24.7  26.1  25.0   506   506   506   506   506   506   506   506   506   506   506   506 
2002  25.6  24.8  26.9  26.9  23.3  23.3  20.4  24.8  22.6  28.5  26.2  26.6   506   506   506   506   506   506   506   506   506   506   506   506 
2003  25.3  26.5  25.1  23.9  20.8  22.4  21.6  20.8  23.4  24.1  24.1  25.4   506   506   506   506   506   506   506   506   506   506   506   506 
2004  24.6  24.1 -99.0  23.9  19.5  19.7  19.8  23.1  27.3  24.0  25.5  25.6   506   506   -99   506   506   506   506   506   506   506   506   506 
2005  25.4  26.1 -99.0  25.9  22.9  22.2  20.3  22.9  22.9  26.0  25.0  24.4   506   506   -99   506   506   506   506   506   506   506   506   506 
2006  25.9  25.3  25.6  23.8  20.1  20.7  22.1  23.6  23.2  24.6  25.4  25.3   506   506   506   506   506   506   506   506   506   506   506   506 
2007  25.0  25.9  26.5  25.3  21.3  22.1  20.5  22.8  25.8  26.7  24.4  25.9   506   506   506   506   506   506   506   506   506   506   506   506 
2008  24.6  25.1  24.3  23.8  20.5  21.1  21.6  23.5  22.7  25.6  25.4  25.1   506   506   506   506   506   506   506   506   506   506   506   506 
2009  25.1  25.8  25.9  23.8  22.6  19.2  21.5  22.2  24.2  24.4  26.5  25.1   506   506   506   506   506   506   506   506   506   506   506   506 
2010  25.5  26.7  26.0  23.9  21.4  20.7  22.6  22.7  24.7  24.1  25.4  26.2   506   506   506   506   506   506   506   506   506   506   506   506 
2011  25.8  26.3  24.2  24.3  21.4  20.1  22.2  23.3  24.4  24.5  24.0  25.4   506   506   506   506   506   506   506   506   506   506   506   506 
2012  24.0  26.4  25.5  24.2  20.3  20.5 -99.0  22.2  23.9  26.4  25.3  26.1   506   506   506   900   900   900   -99   900   900   900   900   900 
2013  24.5  24.6  24.2  22.9  21.2  20.9  19.2  21.2  22.9  23.6  24.4 -99.0   900   900   900   900   900   900   900   900   900   900   900   -99 
2014  26.5  26.9  24.6  24.0  21.5  21.4  20.4  23.1  24.6  26.2  24.9 -99.0   900   900   900   900   900   900   900   900   900   900   900   -99 
2015  27.2  25.3  24.3  23.8  21.7  21.7  21.4  23.3  25.3  26.7  25.3  26.1   900   900   900   900   900   900   900   900   900   900   900   900 
2016  25.6  26.9  26.4  27.2 -99.0 -99.0 -99.0 -99.0 -99.0 -99.0  24.8  25.4   900   900   900   900   -99   -99   -99   -99   -99   -99   900   900 
2017  24.2  25.8  25.6  23.6  22.3  20.1  19.2  21.7  25.5  26.1  24.4 -99.0   900   900   900   900   900   900   900   900   900   900   900   -99 
2018  25.0  24.9  26.0  24.1  22.1  21.9 -99.0  21.0  22.6  25.3  24.5  26.3   900   900   900   900   900   900   -99   900   900   900   900   900 
2019  27.0  24.7  24.7  24.7  23.0  21.8 -99.0  22.6  25.8  26.9  25.5  25.1   900   900   900   900   900   900   -99   900   900   900   900   900 
2020  25.3  24.3 -99.0 -99.0  21.6  22.2  21.8  22.1  27.2  26.9  25.3  25.2   900   900   -99   -99   900   900   900   900   900   900   900   900 
