Number= 837660
Name= LONDRINA
Country= BRAZIL
Lat=  -23.4
Long=   51.2
Height= 566
Start year= 1961
End year= 2020
First Good year= 1961
Source ID= 10
Source file= Jones
Jones data to= 2012
Normals source= Data
Normals source start year= 1961
Normals source end year= 1990
Normals=  23.9  24.0  23.4  21.3  18.3  16.7  16.6  18.6  20.0  21.4  22.9  23.4 
Standard deviations source= Data
Standard deviations source start year= 1961
Standard deviations source end year= 1990
Standard deviations=   0.8   1.1   0.9   1.2   1.4   1.4   1.7   1.8   1.4   1.3   0.8   0.8 
Obs:
1961  23.2  23.7  22.4  20.7  17.3  16.3  17.3  19.6  21.8  22.1  22.5  22.7   506   506   506   506   506   506   506   506   506   506   506   506 
1962  22.8  23.3  22.5  20.0  16.6  14.5  13.9  17.5  19.6  19.0  22.0  23.3   506   506   506   506   506   506   506   506   506   506   506   506 
1963  23.9  23.2  23.7  20.3  17.3  15.9  17.3  19.3  22.7  21.5  22.8  22.9   506   506   506   506   506   506   506   506   506   506   506   506 
1964  24.4  23.0  23.2  22.1  17.2  15.4  14.0  18.2  20.1  20.0  21.1  21.9   506   506   506   506   506   506   506   506   506   506   506   506 
1965  22.5  22.9  20.7  20.6  17.5  17.0  16.4  17.8  20.7  20.8  22.7  23.0   506   506   506   506   506   506   506   506   506   506   506   506 
1966  24.0  24.5  22.6  20.5  17.9  17.3  16.7  17.3  18.7  22.7  22.6  24.3   506   506   506   506   506   506   506   506   506   506   506   506 
1967  23.1  23.6  23.0  21.7  20.1  16.5  17.3  20.5  21.1  22.9  22.4  22.2   506   506   506   506   506   506   506   506   506   506   506   506 
1968  22.7  23.1  22.9  18.2  15.5  16.3  16.6  17.2  19.8  21.6  24.2  24.0   506   506   506   506   506   506   506   506   506   506   506   506 
1969  24.3  24.7  24.1  20.3  18.5  17.5  17.1  18.8  21.4  19.8  22.7  22.9   506   506   506   506   506   506   506   506   506   506   506   506 
1970  23.9  22.9  23.5  22.2  20.1  18.2  16.7  18.0  18.7  21.4  21.7  24.3   506   506   506   506   506   506   506   506   506   506   506   506 
1971  24.6  24.5  23.7  20.6  18.4  16.5  16.7  18.7  20.1  21.1  22.4  23.1   506   506   506   506   506   506   506   506   506   506   506   506 
1972  23.1  22.7  23.8  19.6  19.2  19.0  16.6  17.3  19.9  21.6  22.9  24.2   506   506   506   506   506   506   506   506   506   506   506   506 
1973  24.8  26.0  24.0  24.2  18.6  17.4  17.1  17.3  19.3  20.8  22.6  23.7   506   506   506   506   506   506   506   506   506   506   506   506 
1974  23.7  24.8  23.2  22.4  17.9  16.2  17.9  18.0  21.0  20.7  22.5  22.4   506   506   506   506   506   506   506   506   506   506   506   506 
1975  23.5  24.4  23.8  21.2  17.7  16.9  14.5  20.9  21.4  21.1  21.8  23.3   506   506   506   506   506   506   506   506   506   506   506   506 
1976  24.1  23.0  23.1  21.6  18.9  16.9  17.0  18.5  18.8  21.7  24.2  24.1   506   506   506   506   506   506   506   506   506   506   506   506 
1977  24.5  26.9  26.2  22.0  21.9  16.9  21.4  26.3  20.7  23.2  22.8  22.5   506   506   506   506   506   506   506   506   506   506   506   506 
1978  25.4  25.2  24.1  21.5  18.0  17.0  18.1  16.9  19.3  23.2  23.6  23.7   506   506   506   506   506   506   506   506   506   506   506   506 
1979  23.0  24.4  23.2  20.4  16.4  15.0  15.4  19.4  20.1  17.8  21.6  23.4   506   506   506   506   506   506   506   506   506   506   506   506 
1980  23.2  23.3  24.3  21.9  19.4  16.0  18.0  18.8  17.1  22.3  22.8  24.0   506   506   506   506   506   506   506   506   506   506   506   506 
1981  23.9  24.2  23.9  20.9  20.0  15.9  14.7  19.0  21.1  20.2  23.7  22.2   506   506   506   506   506   506   506   506   506   506   506   506 
1982 -99.0  22.3  23.2  20.3  18.1  17.7  17.2  19.0  20.6  21.3  22.8  22.2   -99   506   506   506   506   506   506   506   506   506   506   506 
1983  23.4  24.4  22.5  21.7  19.8  21.7  18.6  18.6  17.5  21.1  22.6  23.4   506   506   506   506   506   506   506   506   506   506   506   506 
1984  25.7  25.9 -99.0  20.4  20.4  18.3  18.3  16.1  19.4  23.4  22.1  22.7   506   506   -99   506   506   506   506   506   506   506   506   506 
1985  23.7  23.7  23.3  22.1  18.0  15.4  15.6  19.7  21.1  23.4  24.5  25.4   506   506   506   506   506   506   506   506   506   506   506   506 
1986  25.0  23.8  23.2  22.7  19.4  17.4  16.5  18.7  18.0  20.0  24.1  23.6   506   506   506   506   506   506   506   506   506   506   506   506 
1987  24.4  23.0  23.2  22.1  16.5  15.6  19.0  17.7  19.4  21.9  23.2  24.1   506   506   506   506   506   506   506   506   506   506   506   506 
1988  25.1  23.1  24.2  21.8 -99.0  15.3  15.0  19.4  22.1  21.7  23.3  24.9   506   506   506   506   -99   506   506   506   506   506   506   506 
1989  22.8  23.5  23.2  22.3  18.1  16.2  13.9  17.2  19.0 -99.0  22.9  23.5   506   506   506   506   506   506   506   506   506   -99   506   506 
1990 -99.0  24.9  24.6  23.3  17.4  16.2  14.2  16.9  18.0  22.9  24.5  24.2   -99   506   506   506   506   506   506   506   506   506   506   506 
1991 -99.0  23.8  22.3  21.4  18.7  18.1  16.2  19.2  20.6  22.2  19.2 -99.0   -99   506   506   506   506   506   506   506   506   506   506   -99 
1992  25.1 -99.0 -99.0  20.1  18.8  18.5 -99.0  17.1  18.7  22.0  22.4  24.2   506   -99   -99   506   506   506   -99   506   506   506   506   506 
1993  24.2 -99.0 -99.0  22.1  18.7 -99.0 -99.0 -99.0  19.7  22.9  22.9  24.3   506   -99   -99   506   506   -99   -99   -99   506   506   506   506 
1994  24.7  24.7 -99.0  22.2 -99.0  16.6  17.5  19.3  22.5  23.3  19.3  25.1   506   506   -99   506   -99   506   506   506   506   506   506   506 
1995  24.6  24.0 -99.0  21.2  19.1 -99.0  19.8  21.7  20.7 -99.0  23.8  24.4   506   506   -99   506   506   -99   506   506   506   -99   506   506 
1996  24.4  24.3 -99.0  22.4  19.5  17.1 -99.0 -99.0  20.3 -99.0  23.4  25.0   506   506   -99   506   506   506   -99   -99   506   -99   506   506 
1997  24.1  24.4 -99.0  21.5  19.5  16.4  18.4  19.8  22.0  22.4  23.5 -99.0   506   506   -99   506   506   506   506   506   506   506   506   -99 
1998  25.5  24.6  24.2  21.4  18.2  16.3  17.8  19.7 -99.0  22.6  25.1  24.2   506   506   506   506   506   506   506   506   -99   506   506   506 
1999  23.6  24.5  24.3  21.0  17.3  15.9  17.7  18.6  20.9  21.5  22.1  25.0   506   506   506   506   506   506   506   506   506   506   506   506 
2000  23.3 -99.0 -99.0 -99.0 -99.0 -99.0 -99.0 -99.0 -99.0 -99.0 -99.0 -99.0   506   -99   -99   -99   -99   -99   -99   -99   -99   -99   -99   -99 
2001  25.3  25.6  24.8  23.6  18.1  16.5  17.6  19.9  20.9  23.0  24.5  24.0   506   506   506   506   506   506   506   506   506   506   506   506 
2002 -99.0  24.0 -99.0 -99.0  19.9  19.9  19.9  18.0  20.4  25.9  23.6  25.7   -99   506   -99   -99   506   506   506   506   506   506   506   506 
2003  25.6  25.5  24.8  22.9  18.3  19.6  18.0  17.0  21.4  22.5  23.8  25.7   506   506   506   506   506   506   506   506   506   506   506   506 
2004  24.6  24.6  24.1  23.0  16.6  16.6  16.5  19.4  23.4  21.5  23.5  23.8   506   506   506   506   506   506   506   506   506   506   506   506 
2005  24.2  25.3  24.1  24.2  20.8  19.3  16.7  20.0  19.2  23.0  23.8  24.1   506   506   506   506   506   506   506   506   506   506   506   506 
2006  25.6  24.0  24.9  22.0  17.6  18.0  18.9  20.3  19.6  23.6  24.4  25.2   506   506   506   506   506   506   506   506   506   506   506   506 
2007  24.4  24.9  25.2  23.6  18.8  18.8  16.9  20.0  23.4  24.2  23.5  24.9   506   506   506   506   506   506   506   506   506   506   506   506 
2008  23.5  24.2  23.6  21.8  18.2  17.4  18.1  19.6  19.9  23.1  23.3  24.9   506   506   506   506   506   506   506   506   506   506   506   506 
2009  23.6  24.9  25.1  23.1  19.5  15.5  17.0  18.6  21.6  22.2  25.4  24.6   506   506   506   506   506   506   506   506   506   506   506   506 
2010  24.2  25.2  24.3  21.8  18.0 -99.0  18.4  18.5  21.4  21.4  23.3  23.7   506   506   506   506   506   -99   506   506   506   506   506   506 
2011  24.9  24.8  23.3  21.9  18.4  15.8  17.9  19.1  21.4  22.4  22.9  25.0   506   506   506   506   506   506   506   506   506   506   506   506 
2012  23.5  25.9  24.3  22.3  18.5  17.3  17.2  20.7  22.3  24.8  24.3  26.1   506   506   506   506   506   506   506   506   506   506   506   506 
2013  24.2  24.0  23.3  21.5  19.6  17.9  16.7  18.4  21.2  22.2  24.0  25.5   900   900   900   900   900   900   900   900   900   900   900   900 
2014  25.6  26.4  23.8  22.4  18.9  19.1  17.0  19.8  21.6  24.2  24.3  24.8   900   900   900   900   900   900   900   900   900   900   900   900 
2015  25.9  24.1  23.7  22.7  19.1  18.3  17.8  20.4  22.3  24.0  23.6  24.2   900   900   900   900   900   900   900   900   900   900   900   900 
2016  25.1  25.0  24.2  24.6  18.0  16.0  18.0  19.3  20.2  22.7  24.1  24.7   900   900   900   900   900   900   900   900   900   900   900   900 
2017  24.7  26.1  24.9  21.7  20.4  17.4  17.2  19.8  24.4  22.7  23.0  24.9   900   900   900   900   900   900   900   900   900   900   900   900 
2018  24.1  24.0  25.2  23.6  20.4  19.2  20.0  17.9  21.4  22.7  24.1  26.0   900   900   900   900   900   900   900   900   900   900   900   900 
2019  26.8  25.4  24.6  24.0  21.0  19.7  18.2  20.2  23.6  26.0  25.3  24.5   900   900   900   900   900   900   900   900   900   900   900   900 
2020  25.0  23.9 -99.0 -99.0  20.2  19.7  19.0  19.1  25.1  25.2  25.1  24.8   900   900   -99   -99   900   900   900   900   900   900   900   900 
