Number= 839310
Name= ALEGRETE
Country= BRAZIL
Lat=  -29.8
Long=   55.8
Height= 103
Start year= 1961
End year= 1980
First Good year= 1961
Source ID= 10
Source file= Jones
Jones data to= 1980
Normals source start year= 1961
Normals source end year= 1980
Normals= -99.0 -99.0 -99.0 -99.0 -99.0 -99.0 -99.0 -99.0 -99.0 -99.0 -99.0 -99.0 
Standard deviations source= Data
Standard deviations source start year= 1961
Standard deviations source end year= 1980
Obs:
1961  26.4  25.0  21.7  17.7  16.4  13.8  13.0  16.5  16.7  21.0  22.5  24.2   506   506   506   506   506   506   506   506   506   506   506   506 
1962  24.6  23.2  22.9  17.6  13.4  12.9  10.3  13.4  16.8  17.6 -99.0 -99.0   506   506   506   506   506   506   506   506   506   506   -99   -99 
1963  25.1  25.1  24.0  19.4  16.4  13.9  15.1  14.7  17.9  18.9 -99.0 -99.0   506   506   506   506   506   506   506   506   506   506   -99   -99 
1964 -99.0 -99.0 -99.0 -99.0 -99.0 -99.0 -99.0 -99.0 -99.0 -99.0 -99.0 -99.0   -99   -99   -99   -99   -99   -99   -99   -99   -99   -99   -99   -99 
1965 -99.0 -99.0  21.9  19.2 -99.0  16.4 -99.0 -99.0  15.5 -99.0  21.8  23.0   -99   -99   506   506   -99   506   -99   -99   506   -99   506   506 
1966  24.4  23.0  21.9  19.6  15.7  14.5  13.9  11.9  14.5  18.2  22.3  23.0   506   506   506   506   506   506   506   506   506   506   506   506 
1967  24.9  25.0  21.0  19.3  15.1  11.4  14.3  16.0  17.7  20.6  21.7  25.3   506   506   506   506   506   506   506   506   506   506   506   506 
1968  25.6  25.3  23.3  15.5  13.1  13.4  15.0  15.7  15.7  19.7  24.9  25.0   506   506   506   506   506   506   506   506   506   506   506   506 
1969  23.5  24.2  22.3  19.3  17.0  14.9 -99.0 -99.0 -99.0 -99.0 -99.0 -99.0   506   506   506   506   506   506   -99   -99   -99   -99   -99   -99 
1970 -99.0 -99.0 -99.0 -99.0 -99.0  13.7  13.5  14.5  17.0  18.1  19.5  25.3   -99   -99   -99   -99   -99   506   506   506   506   506   506   506 
1971  24.3  23.9  21.7  16.4  14.2  11.5  14.0  14.5  18.8  18.8  22.3  24.9   506   506   506   506   506   506   506   506   506   506   506   506 
1972  24.5  23.8  22.3  17.4  17.7  16.9  13.1  13.8  17.2  16.8  20.0  23.3   506   506   506   506   506   506   506   506   506   506   506   506 
1973  25.0  24.5  24.7  20.3  15.8  14.3  13.3  12.5  15.4  15.5  25.1  23.5   506   506   506   506   506   506   506   506   506   506   506   506 
1974  21.5  22.9 -99.0 -99.0 -99.0 -99.0 -99.0 -99.0  15.5 -99.0 -99.0 -99.0   506   506   -99   -99   -99   -99   -99   -99   506   -99   -99   -99 
1975  24.9  24.1 -99.0 -99.0 -99.0 -99.0  12.3  14.4  16.1  19.0  21.8  24.9   506   506   -99   -99   -99   -99   506   506   506   506   506   506 
1976  25.1  24.0  20.8  16.9  15.5  12.7  14.3  16.0  16.5  18.3 -99.0 -99.0   506   506   506   506   506   506   506   506   506   506   -99   -99 
1977 -99.0 -99.0 -99.0  20.6  16.3  15.5  17.0  14.1  20.3  25.0  23.1  24.9   -99   -99   -99   506   506   506   506   506   506   506   506   506 
1978 -99.0 -99.0 -99.0  18.4  13.2  14.4  14.8  19.0  23.1  20.9  25.7  23.9   -99   -99   -99   506   506   506   506   506   506   506   506   506 
1979  25.0  25.4  23.5  22.4  13.6  12.1  13.3  15.8  15.3  19.6  20.5  24.4   506   506   506   506   506   506   506   506   506   506   506   506 
1980  24.9  24.2  24.8  25.5  18.0  12.8  13.1  14.0  13.8  18.5  20.4  23.5   506   506   506   506   506   506   506   506   506   506   506   506 
