Number= 536960
Name= DINGZHOU
Country= CHINA
Lat=   38.6
Long= -115.0
Height= 55
Start year= 1955
End year= 2016
First Good year= 1955
Source ID= 68
Source file= Jones
Jones data to= 2016
Normals source= Data
Normals source start year= 1961
Normals source end year= 1990
Normals=  -3.2  -0.6   6.3  14.1  20.2  25.0  26.3  24.9  20.0  13.7   5.6  -1.1 
Standard deviations source= Data
Standard deviations source start year= 1955
Standard deviations source end year= 1990
Standard deviations=   1.1   1.9   1.6   1.2   0.9   0.9   0.9   0.7   0.8   1.1   1.3   1.4 
Obs:
1955  -4.3   1.8   3.6  14.0  20.7  26.2  28.0  26.0  21.0  12.7   5.3   0.3   506   506   506   506   506   506   506   506   506   506   506   506 
1956  -3.0  -1.6   4.2  14.4  19.0  23.4  27.0  24.7  21.6  13.3   3.1  -3.6   506   506   506   506   506   506   506   506   506   506   506   506 
1957  -4.2  -3.4   4.3  14.5  20.9  23.0  26.8  26.0  19.3  14.5   7.2  -0.6   506   506   506   506   506   506   506   506   506   506   506   506 
1958  -3.3   0.0   6.1  14.5  20.1  25.8  27.6  24.0  21.6  12.9   5.7   2.1   506   506   506   506   506   506   506   506   506   506   506   506 
1959  -2.9   1.3   8.9  14.8  20.4  24.4  26.9  25.9  20.2  15.1   3.5  -0.8   506   506   506   506   506   506   506   506   506   506   506   506 
1960  -3.6   3.7   6.9  14.9  18.1  26.0 -99.0  25.1  20.3  12.6   3.7  -2.9   506   506   506   506   506   506   -99   506   506   506   506   506 
1961  -3.1   1.7   8.2  15.6  21.6  26.0  27.6  25.5  19.9  12.8   6.8  -3.1   506   506   506   506   506   506   506   506   506   506   506   506 
1962  -3.0   0.3   6.5  13.5  21.2  24.6  26.5  25.5  20.6  12.7   4.5   0.6   506   506   506   506   506   506   506   506   506   506   506   506 
1963  -2.5   0.0   7.1  12.6  18.6  25.9  27.1  25.6  20.0  12.9   6.2  -1.1   506   506   506   506   506   506   506   506   506   506   506   506 
1964  -4.3  -6.3   4.9  12.3  20.4  25.3  25.7  24.7  19.5  12.5   6.3  -0.2   506   506   506   506   506   506   506   506   506   506   506   506 
1965  -2.4   0.6   6.5  11.9  21.2  25.4  27.3  25.6  21.0  15.3   6.3  -1.1   506   506   506   506   506   506   506   506   506   506   506   506 
1966  -3.1   0.6   5.6  13.4  19.9  25.4  25.6  25.8  19.3  14.2   5.9  -3.5   506   506   506   506   506   506   506   506   506   506   506   506 
1967  -2.7  -1.4   7.2  13.5  22.6  25.0  26.2  25.2  18.9  14.2   3.3  -4.1   506   506   506   506   506   506   506   506   506   506   506   506 
1968  -3.5  -3.3   7.3  15.0  20.2  25.8  27.3  24.4  19.9  11.7   5.5  -0.3   506   506   506   506   506   506   506   506   506   506   506   506 
1969  -5.9  -4.3   3.0  12.9  19.3  24.0  24.7  24.1  19.0  13.2   4.8  -2.0   506   506   506   506   506   506   506   506   506   506   506   506 
1970  -4.3  -0.4   3.3  14.1  20.1  24.3  26.0  24.3  19.8  14.2   4.3  -1.5   506   506   506   506   506   506   506   506   506   506   506   506 
1971  -2.8  -1.1   4.0  14.3  21.2  24.4  26.8  24.6  20.0  13.4   7.5  -2.3   506   506   506   506   506   506   506   506   506   506   506   506 
1972  -4.6  -3.1   6.6  14.7  19.5  26.9  26.9  24.5  19.5  13.4   4.8  -0.9   506   506   506   506   506   506   506   506   506   506   506   506 
1973  -3.1  -1.2   8.0  15.4  19.7  23.5  25.7  25.3  19.7  12.1   6.3   0.1   506   506   506   506   506   506   506   506   506   506   506   506 
1974  -2.6  -0.2   5.8  14.5  20.5  24.8  25.6  24.9  20.3  12.2   5.2  -2.2   506   506   506   506   506   506   506   506   506   506   506   506 
1975  -1.5   0.5   8.0  15.2  20.1  25.7  26.8  26.2  21.4  14.2   6.6  -1.5   506   506   506   506   506   506   506   506   506   506   506   506 
1976  -2.0   0.8   5.8  11.9  20.0  24.1  24.0  23.4  20.0  13.1   3.3  -0.6   506   506   506   506   506   506   506   506   506   506   506   506 
1977  -6.3  -0.3   8.1  15.5  18.9  24.0  25.8  24.4  20.9  15.3   5.9   0.7   506   506   506   506   506   506   506   506   506   506   506   506 
1978  -1.0  -0.7   6.2  15.3  19.6  25.9  26.3  24.3  19.6  12.8   5.9  -1.8   506   506   506   506   506   506   506   506   506   506   506   506 
1979  -2.4   1.3   6.3  11.9  19.1  24.4  25.1  24.0  18.8  15.3   4.4  -0.2   506   506   506   506   506   506   506   506   506   506   506   506 
1980  -2.6  -0.9   5.3  12.3  20.2  26.0  26.9  24.1  19.5  12.8   8.0  -1.6   506   506   506   506   506   506   506   506   506   506   506   506 
1981  -3.8   0.1   8.4  15.9  20.4  25.3  27.9  25.0  21.0  13.0   3.6  -0.9   506   506   506   506   506   506   506   506   506   506   506   506 
1982  -3.3   1.0   8.1  15.9  21.4  24.4  25.3  25.6  19.6  15.4   5.7  -0.1   506   506   506   506   506   506   506   506   506   506   506   506 
1983  -2.2  -0.8   7.2  15.3  20.8  25.6  27.0  25.7  21.8  13.9   7.3   0.9   506   506   506   506   506   506   506   506   506   506   506   506 
1984  -3.9  -1.8   4.8  13.7  19.6  25.0  26.9  25.8  19.4  14.1   5.9  -2.2   506   506   506   506   506   506   506   506   506   506   506   506 
1985  -4.1  -0.7   4.5  15.1  19.5  25.2  26.4  25.2  18.4  14.2   5.0  -3.5   506   506   506   506   506   506   506   506   506   506   506   506 
1986  -2.2  -0.6   7.2  14.7  20.5  25.5  26.3  24.5  20.4  12.2   4.7  -1.2   506   506   506   506   506   506   506   506   506   506   506   506 
1987  -2.6   1.2   5.6  14.3  20.0  23.9  27.2  25.2  21.2  14.4   4.8   0.4   506   506   506   506   506   506   506   506   506   506   506   506 
1988  -2.5  -0.6   5.1  15.1  19.6  25.4  25.9  24.5  20.9  14.7   7.3   0.1   506   506   506   506   506   506   506   506   506   506   506   506 
1989  -2.2   1.8   8.1  15.1  19.8  24.7  25.6  24.6  19.5  14.4   5.3   0.3   506   506   506   506   506   506   506   506   506   506   506   506 
1990  -5.2  -1.0   7.3  13.3  19.1  23.8  26.1  25.2  20.3  15.3   6.8  -0.4   506   506   506   506   506   506   506   506   506   506   506   506 
1991  -1.6   0.5   4.4  13.4  18.9  24.3  26.5  26.4  20.6  14.1   5.0  -1.6   506   506   506   506   506   506   506   506   506   506   506   506 
1992  -1.0   2.4   6.3  15.4  20.0  24.3  27.4  24.6  20.6  12.1   4.4  -0.8   506   506   506   506   506   506   506   506   506   506   506   506 
1993  -4.9   2.4   8.0  13.8  19.7  25.4  25.1  25.1  20.9  14.1   4.1   0.1   506   506   506   506   506   506   506   506   506   506   506   506 
1994  -1.1   0.6   5.8  16.5  21.1  26.4  28.0  26.6  21.0  14.5   5.7  -1.5   506   506   506   506   506   506   506   506   506   506   506   506 
1995  -0.3   2.5   8.1  14.5  19.6  24.6  25.5  24.8  19.3  15.1   8.7  -0.1   506   506   506   506   506   506   506   506   506   506   506   506 
1996  -2.3   0.4   6.4  13.8  20.6  25.2  25.7  23.8  20.8  13.5   5.2   1.1   506   506   506   506   506   506   506   506   506   506   506   506 
1997  -3.2   1.8   8.7  14.6  20.6  25.5  29.1  27.1  19.0  15.1   5.7  -0.8   506   506   506   506   506   506   506   506   506   506   506   506 
1998  -2.7   3.5   8.6  15.8  20.1  25.7  27.4  26.2  23.3  15.5   6.2   1.2   506   506   506   506   506   506   506   506   506   506   506   506 
1999  -0.5   3.9   6.3  15.7  20.5  26.1  27.3  25.3  21.6  13.8   6.8   1.0   506   506   506   506   506   506   506   506   506   506   506   506 
2000  -5.4  -0.4   9.0  15.5  20.8  25.9  28.8  26.3  21.7  12.8   3.7   0.4   506   506   506   506   506   506   506   506   506   506   506   506 
2001  -4.7   0.0   9.7  14.7  22.8  26.0  27.4  25.9  21.3  14.6   6.2  -1.8   506   506   506   506   506   506   506   506   506   506   506   506 
2002   1.6   5.1  10.2  14.6  20.7  24.3  27.5  25.7  20.3  12.1   4.2  -2.5   506   506   506   506   506   506   506   506   506   506   506   506 
2003  -2.6   2.0   6.8  14.9  20.9  24.7  26.0  24.9  20.7  13.8   4.1   1.1   506   506   506   506   506   506   506   506   506   506   506   506 
2004  -1.0   4.6   8.8  16.5  20.5  24.3  26.0  24.2  21.0  14.2   7.2  -1.0   506   506   506   506   506   506   506   506   506   506   506   506 
2005  -2.9  -1.8   7.3  16.8  19.9  26.8  27.9  25.5  21.3  15.2   8.4  -1.2   506   506   506   506   506   506   506   506   506   506   506   506 
2006  -1.5   1.0   9.1  14.2  20.3  26.4  26.5  25.7  21.5  17.0   7.3  -0.4   506   506   506   506   506   506   506   506   506   506   506   506 
2007  -1.0   4.5   7.2  15.3  22.5  26.1  26.9  26.1  21.8  14.1   6.0   0.7   506   506   506   506   506   506   506   506   506   506   506   506 
2008  -2.5   1.4   9.5  16.1  20.9  23.6  27.0  25.8  21.3  15.5   7.6   0.7   506   506   506   506   506   506   506   506   506   506   506   506 
2009  -1.5   2.1   8.2  15.8  21.7  26.8  27.2  25.2  20.9  15.9   2.0  -1.1   506   506   506   506   506   506   506   506   506   506   506   506 
2010  -3.4   0.1   5.0  11.8  21.8  25.6  28.8  25.6  20.9  14.1   6.8   0.7   506   506   506   506   506   506   506   506   506   506   506   506 
2011  -3.6   0.9   8.7  15.4  20.4  26.6  27.4  25.7  19.6  14.4   7.2  -0.6   506   506   506   506   506   506   506   506   506   506   506   506 
2012  -2.9  -0.4   6.7  16.8  22.8  25.7  27.4  25.4  20.9  15.1   4.8  -3.3   506   506   506   506   506   506   506   506   506   506   506   506 
2013  -4.7  -0.2   8.0  13.1  21.5  24.4  27.2  27.4  21.3  14.1   7.2   1.0   506   506   506   506   506   506   506   506   506   506   506   506 
2014  -0.9   0.2  10.3  16.2  22.0  25.5  27.6  25.4  20.6  14.4   6.5   0.1   506   506   506   506   506   506   506   506   506   506   506   506 
2015  -0.6   2.0   9.1  15.1  20.7  25.4  26.5  25.7  20.6  14.8   3.9   0.5   506   506   506   506   506   506   506   506   506   506   506   506 
2016  -3.6   2.5   9.3  16.9  20.4  25.6  26.8  26.3  22.1  14.2   5.0   0.7   506   506   506   506   506   506   506   506   506   506   506   506 
