Number= 756299
Name= LIVINGSTON 12 S
Country= USA
Lat=   45.5
Long=  110.6
Height= 1484
Start year= 1893
End year= 2017
First Good year= 1893
Source ID= 64
Source file= Jones
Jones data to= 2017
Normals source= Data
Normals source start year= 1961
Normals source end year= 1990
Normals=  -4.9  -2.0   0.6   5.2  10.0  14.7  18.6  17.6  12.2   7.5   0.8  -4.0 
Standard deviations source= Data
Standard deviations source start year= 1941
Standard deviations source end year= 1990
Standard deviations=   3.5   2.7   2.5   2.0   1.5   1.6   1.2   1.3   2.0   2.0   2.5   2.5 
Obs:
1893 -99.0  -7.2  -2.0   2.5   8.9 -99.0 -99.0 -99.0 -99.0 -99.0 -99.0 -99.0   -99   506   506   506   506   -99   -99   -99   -99   -99   -99   -99 
1894 -99.0 -99.0 -99.0   5.1  11.4  13.4  18.2  18.6  11.1   6.4   4.3  -3.9   -99   -99   -99   506   506   506   506   506   506   506   506   506 
1895  -6.3  -6.1  -2.0   6.9   9.7  12.1  17.3  17.0  10.7   7.9  -1.2  -4.9   506   506   506   506   506   506   506   506   506   506   506   506 
1896  -3.3   0.6  -2.9   3.8   8.2  16.0  20.8  17.8  10.5   7.9  -6.8   1.5   506   506   506   506   506   506   506   506   506   506   506   506 
1897  -6.9  -4.3  -4.8   6.0  13.0  14.7  17.1  18.9  15.0   6.5  -1.9  -5.6   506   506   506   506   506   506   506   506   506   506   506   506 
1898  -6.1  -0.2  -3.9   6.6   8.1  13.2  17.3  19.1  12.5   3.8  -1.6  -6.0   506   506   506   506   506   506   506   506   506   506   506   506 
1899  -5.4 -12.0  -5.1   4.5   7.7 -99.0 -99.0  15.7 -99.0   6.8   2.7  -4.5   506   506   506   506   506   -99   -99   506   -99   506   506   506 
1900  -1.9  -7.7   0.3   4.4  12.3  18.1  17.8  16.8  12.5   8.2   0.2   0.9   506   506   506   506   506   506   506   506   506   506   506   506 
1901  -4.0  -5.1   2.6   4.9  13.2  12.1  21.7  19.7  10.7   9.8   5.2  -2.6   506   506   506   506   506   506   506   506   506   506   506   506 
1902  -4.7  -1.0  -1.1   5.4  12.0  13.6  17.1  17.8  12.7   8.3   0.8  -7.5   506   506   506   506   506   506   506   506   506   506   506   506 
1903  -6.4 -10.6  -1.4   4.4   9.5  16.0  16.3  17.9  10.9   9.8  -0.7  -1.7   506   506   506   506   506   506   506   506   506   506   506   506 
1904  -3.7  -4.7  -1.4   6.5  10.4  13.6  17.4  18.1  13.3   9.4   6.0  -1.1   506   506   506   506   506   506   506   506   506   506   506   506 
1905  -5.8  -5.9   2.6   4.9   7.7  12.4  18.0  18.6  14.4   4.1   1.5  -1.9   506   506   506   506   506   506   506   506   506   506   506   506 
1906  -2.2  -1.6  -5.5   7.1   8.9  12.4  18.5  17.5  14.2   7.2  -0.9  -0.2   506   506   506   506   506   506   506   506   506   506   506   506 
1907 -10.7  -0.2   1.4   3.1   7.8  12.5  16.8  15.5  12.1  10.0   2.2  -0.5   506   506   506   506   506   506   506   506   506   506   506   506 
1908  -3.1  -1.8  -0.4   6.9   8.1  11.8  19.3  16.4  14.7   5.2   1.7  -3.7   506   506   506   506   506   506   506   506   506   506   506   506 
1909  -7.9  -3.7   0.3   1.3   8.3  14.7  18.8  19.1  12.7   7.6   2.0  -9.6   506   506   506   506   506   506   506   506   506   506   506   506 
1910  -5.7  -8.2   6.4   9.7  10.9  16.0  19.7  16.2  11.4   9.7   1.9  -1.4   506   506   506   506   506   506   506   506   506   506   506   506 
1911  -4.7  -6.4   3.9   4.3   9.2  15.1  16.6  14.9  11.1   4.6  -2.2  -4.9   506   506   506   506   506   506   506   506   506   506   506   506 
1912  -4.4  -2.4  -7.2   5.4   9.1  15.0  16.0  15.3   8.3   4.8   3.7  -2.4   506   506   506   506   506   506   506   506   506   506   506   506 
1913  -6.0  -8.4  -3.7   6.2   9.7  14.9  17.3  17.5  12.3   4.1   2.1  -3.1   506   506   506   506   506   506   506   506   506   506   506   506 
1914  -1.1  -3.5   2.2   5.8  10.7  13.4  18.8  17.0  12.3   7.3   4.1  -6.9   506   506   506   506   506   506   506   506   506   506   506   506 
1915  -4.2  -0.4   1.3   9.8   8.4  11.2  14.7  17.9   9.5   9.7   0.7  -2.8   506   506   506   506   506   506   506   506   506   506   506   506 
1916 -14.6  -2.8   3.1   4.7   6.7  12.8  18.4  16.6  11.4   3.9  -1.5  -8.1   506   506   506   506   506   506   506   506   506   506   506   506 
1917  -8.0  -7.1  -5.5   1.6   7.0  13.0  20.1  17.1  12.9   5.6   4.7  -3.4   506   506   506   506   506   506   506   506   506   506   506   506 
1918  -6.7  -5.2   3.4   2.8   8.2  17.6  17.4  15.5  11.6   9.2  -0.7  -2.5   506   506   506   506   506   506   506   506   506   506   506   506 
1919  -0.7  -5.9  -0.4   6.1  10.7  17.4  19.4  18.6  13.1   1.0  -2.9  -7.7   506   506   506   506   506   506   506   506   506   506   506   506 
1920  -3.2  -3.1  -2.5   0.9   8.1  13.0  19.3  18.1  12.7   6.3  -1.2  -2.9   506   506   506   506   506   506   506   506   506   506   506   506 
1921  -2.4  -0.5   1.5   4.2   9.3  16.2  19.2  18.5  10.2   9.9  -0.1  -4.0   506   506   506   506   506   506   506   506   506   506   506   506 
1922  -7.9  -8.6  -0.8   3.2   9.1  16.3  17.6  19.5  14.9   9.0  -1.9  -6.0   506   506   506   506   506   506   506   506   506   506   506   506 
1923  -2.8  -6.7  -1.6   4.3  10.0  13.3  19.4  16.4  13.2   3.8   2.8  -4.4   506   506   506   506   506   506   506   506   506   506   506   506 
1924  -5.6   0.3  -3.4   4.2  10.5  12.7  17.3  17.2  12.2   7.7   0.6  -9.2   506   506   506   506   506   506   506   506   506   506   506   506 
1925  -3.1   1.0   2.1   6.9  11.9  15.0  20.0  17.7  12.0   2.3   3.3   0.0   506   506   506   506   506   506   506   506   506   506   506   506 
1926  -2.0   1.6   2.4   7.1  11.6  15.6  19.9  17.7   8.7   9.1   2.2  -3.6   506   506   506   506   506   506   506   506   506   506   506   506 
1927  -5.0  -1.7   1.6   4.6   7.3  15.3  18.4  16.1  12.1   8.9  -0.5  -8.7   506   506   506   506   506   506   506   506   506   506   506   506 
1928  -3.9  -3.3   2.1   3.4  12.7  11.1  17.9  15.7  11.7   5.0   0.7  -3.6   506   506   506   506   506   506   506   506   506   506   506   506 
1929 -10.4  -7.7   1.3   3.4   8.3  13.4  17.9  20.1   9.6   8.9  -2.1  -2.5   506   506   506   506   506   506   506   506   506   506   506   506 
1930 -13.4   1.2  -1.3  10.4  10.5  15.2  19.0  19.8  14.3   4.9   1.5  -2.1   506   506   506   506   506   506   506   506   506   506   506   506 
1931  -0.2  -0.5   1.2   6.9  11.6  17.5  20.2  19.8  14.2   7.9  -1.2  -1.7   506   506   506   506   506   506   506   506   506   506   506   506 
1932  -7.3  -2.4  -4.7   5.4  11.2  15.2  19.4  17.9  12.9   5.0   3.8  -8.2   506   506   506   506   506   506   506   506   506   506   506   506 
1933  -3.5  -8.7   1.7   3.5   8.5  17.4  21.2  17.7  13.4   9.1   4.0   0.0   506   506   506   506   506   506   506   506   506   506   506   506 
1934   1.6   0.8   3.3   8.7  14.7  15.3  20.7  19.3  11.0  10.7   4.9  -2.6   506   506   506   506   506   506   506   506   506   506   506   506 
1935  -4.3   0.5  -1.1   2.1   8.2  14.2  19.9  18.5  14.5   6.6  -1.8  -1.5   506   506   506   506   506   506   506   506   506   506   506   506 
1936  -5.0 -14.0   0.0   5.1  13.7  16.6  23.6  19.0  13.5   7.5   0.7  -3.1   506   506   506   506   506   506   506   506   506   506   506   506 
1937 -15.9  -5.5  -1.7   4.5  11.1  13.5  19.9  18.5  14.1   9.3   0.8  -3.6   506   506   506   506   506   506   506   506   506   506   506   506 
1938  -3.5  -3.1   0.4   4.9   8.4  15.5  19.3  18.6  17.1   7.2  -1.5  -1.7   506   506   506   506   506   506   506   506   506   506   506   506 
1939  -1.5  -7.2   1.8   7.5  12.7  12.8  20.1  19.0  13.9   7.9   5.0   1.9   506   506   506   506   506   506   506   506   506   506   506   506 
1940  -8.1  -2.0   3.1   4.8  12.7  16.5  20.2  19.6  14.9  10.1  -2.7  -0.7   506   506   506   506   506   506   506   506   506   506   506   506 
1941  -2.7  -2.1   1.5   4.7  11.7  14.3  19.2  18.3   9.4   5.7   2.6  -3.4   506   506   506   506   506   506   506   506   506   506   506   506 
1942  -5.4  -6.8  -0.8   6.0   7.5  11.3  18.7  17.9  11.5   6.9   0.4  -1.2   506   506   506   506   506   506   506   506   506   506   506   506 
1943  -8.1  -0.7  -3.2   8.7   7.7  13.1  19.4  18.5  13.4   9.2   3.2  -2.4   506   506   506   506   506   506   506   506   506   506   506   506 
1944  -2.3  -3.5  -2.6   6.0  11.5  12.1  16.9  16.2  12.1   9.8   0.2  -4.5   506   506   506   506   506   506   506   506   506   506   506   506 
1945  -1.0  -2.6   1.6   3.1   8.4  12.0  19.4  18.2  11.5   9.5   0.7  -4.1   506   506   506   506   506   506   506   506   506   506   506   506 
1946  -2.2  -1.2   3.0   8.3   8.1  13.9  19.7  17.3  12.1   3.3  -0.9  -1.3   506   506   506   506   506   506   506   506   506   506   506   506 
1947  -5.2  -3.6  -1.1   4.9  10.7  11.7  19.9  17.7  12.0   9.9  -2.5  -2.9   506   506   506   506   506   506   506   506   506   506   506   506 
1948  -4.1  -5.8  -3.4   5.7  10.6  14.7  17.0  18.3  14.8   8.9  -0.4  -6.3   506   506   506   506   506   506   506   506   506   506   506   506 
1949 -12.5  -6.0  -0.2   8.7  12.2  14.2  18.4  19.6  12.8   4.3   7.1  -3.9   506   506   506   506   506   506   506   506   506   506   506   506 
1950 -11.2   0.8  -1.2   4.5   8.3  13.7  16.8  17.4  11.8   9.3  -0.3   0.5   506   506   506   506   506   506   506   506   506   506   506   506 
1951  -5.5  -0.8  -3.4   4.9  10.7  11.4  18.9  17.0  10.9   4.5   0.7  -7.0   506   506   506   506   506   506   506   506   506   506   506   506 
1952  -5.2  -2.3  -2.5   7.7  10.3  14.7  17.2  18.3  14.9   9.4  -1.2  -1.2   506   506   506   506   506   506   506   506   506   506   506   506 
1953   1.5  -1.9   2.0   2.1   7.0  13.4  20.4  19.1  14.6   9.6   4.4  -2.4   506   506   506   506   506   506   506   506   506   506   506   506 
1954  -7.6   2.5  -3.9   4.5   9.6  12.2  19.3  16.3  12.1   5.5   4.5  -1.7   506   506   506   506   506   506   506   506   506   506   506   506 
1955  -4.9  -6.5  -4.6   3.5  10.2  13.8  19.3  20.2  12.7   8.8  -5.0  -4.4   506   506   506   506   506   506   506   506   506   506   506   506 
1956  -4.7  -4.4   0.6   4.1  10.5  16.1  19.2  17.0  13.9   7.6   1.2  -1.9   506   506   506   506   506   506   506   506   506   506   506   506 
1957 -10.7  -1.1   0.4   3.8  11.3  14.6  18.9  18.3  12.5   5.8  -1.1   1.1   506   506   506   506   506   506   506   506   506   506   506   506 
1958  -0.1  -0.4  -1.7   4.2  14.3  13.7  16.6  19.0  12.8   9.3   0.8  -1.9   506   506   506   506   506   506   506   506   506   506   506   506 
1959  -2.8  -6.3   1.5   4.5   7.3  15.8  18.8  17.9  11.3   6.6  -1.0   0.1   506   506   506   506   506   506   506   506   506   506   506   506 
1960  -4.8  -6.0  -0.3   4.3   9.8  14.6  20.6  16.7  13.8   8.6   1.3  -2.1   506   506   506   506   506   506   506   506   506   506   506   506 
1961  -0.9   2.2   2.4   4.2  10.5  17.7  19.9  20.1   8.3   6.7  -0.8  -4.3   506   506   506   506   506   506   506   506   506   506   506   506 
1962  -8.7  -4.1  -0.6   7.7   9.5  14.8  16.9  15.2  11.0   8.5   1.9  -1.1   506   506   506   506   506   506   506   506   506   506   506   506 
1963 -11.6   0.7   1.3   3.8   9.2  13.0  16.6  16.8  16.1  10.9   2.7  -3.5   506   506   506   506   506   506   506   506   506   506   506   506 
1964  -3.2  -2.7  -2.2   4.9  11.2  14.1  19.8  16.2  12.1   9.8   1.0  -4.1   506   506   506   506   506   506   506   506   506   506   506   506 
1965  -0.5  -2.9  -5.7   5.7   8.9  13.7  18.2  16.8   6.3  11.3   3.8  -0.9   506   506   506   506   506   506   506   506   506   506   506   506 
1966  -4.0  -2.3   2.1   4.0  12.3  13.6  20.1  17.2  15.3   8.3   1.5  -2.3   506   506   506   506   506   506   506   506   506   506   506   506 
1967  -1.2  -0.1  -1.5   3.5   9.5  13.1  19.1  18.8  16.2   8.3   1.2  -6.3   506   506   506   506   506   506   506   506   506   506   506   506 
1968  -5.1  -0.3   3.3   3.8   8.2  14.1  18.5  16.0  12.1   7.7   0.7  -6.0   506   506   506   506   506   506   506   506   506   506   506   506 
1969 -10.0  -3.5  -2.4   7.8  11.4  12.8  18.0  19.5  13.7   2.5   2.9  -1.2   506   506   506   506   506   506   506   506   506   506   506   506 
1970  -4.7   1.2  -2.0   1.0  10.5  16.1  19.3  19.2  10.1   4.9   0.7  -3.5   506   506   506   506   506   506   506   506   506   506   506   506 
1971  -4.8  -2.2  -0.4   4.7  10.2  14.1  17.3  20.8  10.3   5.5   1.3  -5.8   506   506   506   506   506   506   506   506   506   506   506   506 
1972  -7.8  -0.9   4.6   4.4   9.8  15.6  16.7  18.4  10.5   5.3   0.1  -7.3   506   506   506   506   506   506   506   506   506   506   506   506 
1973  -5.7  -3.0   0.9   2.7   9.5  15.1  19.2  18.7  11.7   8.0  -1.9  -1.2   506   506   506   506   506   506   506   506   506   506   506   506 
1974  -6.3   0.0   0.1   6.5   8.2  16.7  20.2  16.2  12.1   8.9   1.5  -3.1   506   506   506   506   506   506   506   506   506   506   506   506 
1975  -5.4  -7.5  -3.1   0.4   7.3  12.9  19.9  16.0  11.7   6.4  -0.9  -1.4   506   506   506   506   506   506   506   506   506   506   506   506 
1976  -2.6  -0.7  -1.4   5.4  11.9  14.3  19.6  18.0  13.9   7.2   0.8  -0.7   506   506   506   506   506   506   506   506   506   506   506   506 
1977  -6.3   1.4  -0.6   7.5   9.9  16.8  18.4  16.3  11.7   7.9  -0.5  -4.8   506   506   506   506   506   506   506   506   506   506   506   506 
1978  -5.8  -5.1   2.6   5.3   8.5  14.6  17.7  16.8  13.4   9.2  -4.2  -9.1   506   506   506   506   506   506   506   506   506   506   506   506 
1979 -12.9  -4.3   1.2   4.3   9.6  14.7  18.6  18.1  15.6   8.9  -0.7  -0.1   506   506   506   506   506   506   506   506   506   506   506   506 
1980  -8.1  -0.9  -1.0   6.7  10.6  14.2  18.8  15.0  13.3   8.2   3.4  -1.3   506   506   506   506   506   506   506   506   506   506   506   506 
1981   0.3  -1.8   3.0   6.4   9.9  13.4  18.4  18.3  13.4   5.3   3.0  -2.7   506   506   506   506   506   506   506   506   506   506   506   506 
1982  -6.7  -3.9   0.4   2.6   8.2  12.9  17.4  18.3  11.2   6.9  -0.6  -3.6   506   506   506   506   506   506   506   506   506   506   506   506 
1983   0.4   1.8   3.4   3.9   8.9  13.5  17.3  19.7  11.5   8.3   1.3 -10.9   506   506   506   506   506   506   506   506   506   506   506   506 
1984  -2.9   0.5   2.0   4.7  11.0  13.1  18.3  18.6   9.7   3.8   2.1  -5.1   506   506   506   506   506   506   506   506   506   506   506   506 
1985  -7.9  -5.4  -1.1   7.6  11.9  15.0  20.0  16.2   9.5   6.6  -7.4  -5.4   506   506   506   506   506   506   506   506   506   506   506   506 
1986   1.1  -2.0   6.3   5.8  10.2  17.1  16.6  17.9  10.1   6.8  -0.1  -2.6   506   506   506   506   506   506   506   506   506   506   506   506 
1987  -4.0   0.0   2.8  10.0  12.4  15.9  17.1  15.8  14.1   7.5   2.5  -2.5   506   506   506   506   506   506   506   506   506   506   506   506 
1988  -5.7  -1.1   1.7   7.6  11.7  18.6  20.4  18.5  12.6  10.2   0.4  -4.1   506   506   506   506   506   506   506   506   506   506   506   506 
1989  -3.8 -10.4  -0.1   6.2  10.2  14.6  20.1  16.8  12.8   7.0   3.2  -4.4   506   506   506   506   506   506   506   506   506   506   506   506 
1990  -2.4  -2.3   1.5   6.8   9.4  14.7  18.7  18.3  15.4   7.9   3.9  -9.2   506   506   506   506   506   506   506   506   506   506   506   506 
1991  -5.1   3.3   1.7   4.6  10.0  14.7  19.3  20.4  13.0   5.6  -1.5  -1.0   506   506   506   506   506   506   506   506   506   506   506   506 
1992  -0.7   1.9   5.1   7.6  12.1  14.8  15.7  15.8  12.6   7.8  -0.5  -7.1   506   506   506   506   506   506   506   506   506   506   506   506 
1993  -6.8  -6.9   2.8   5.6  12.1  13.1  13.4  14.2  10.9   7.0  -2.4  -1.7   506   506   506   506   506   506   506   506   506   506   506   506 
1994  -0.1  -4.3   3.7   6.6  12.3  14.7  17.3  18.4  13.8   6.3  -0.6  -1.8   506   506   506   506   506   506   506   506   506   506   506   506 
1995  -3.0   0.5   0.3   4.6   9.3  14.0  17.9  18.3  12.3   5.8   3.0  -1.9   506   506   506   506   506   506   506   506   506   506   506   506 
1996  -6.6  -3.2  -1.9   6.6   8.4  15.9  18.8  18.4  11.4   6.3  -1.5  -4.3   506   506   506   506   506   506   506   506   506   506   506   506 
1997  -6.4  -3.2   2.6   2.6  11.3  15.5  17.7  17.3  14.7   6.9   0.7  -3.0   506   506   506   506   506   506   506   506   506   506   506   506 
1998  -3.2   0.0   0.6   6.8  11.5  11.5  20.0  19.1  16.9   7.2   3.7  -5.2   506   506   506   506   506   506   506   506   506   506   506   506 
1999  -1.8   1.2   2.9   4.2  10.0  13.7  18.2  19.4  12.0   8.4   7.5  -2.1   506   506   506   506   506   506   506   506   506   506   506   506 
2000  -2.1   1.3   3.5   7.8  11.3  14.8  20.2  19.2  12.7   7.3  -4.9  -4.7   506   506   506   506   506   506   506   506   506   506   506   506 
2001  -4.2  -4.3   2.7   6.2  12.3  15.3  19.5  20.1  15.1   7.8   4.8  -4.0   506   506   506   506   506   506   506   506   506   506   506   506 
2002  -2.9  -2.9  -3.6   4.6   9.3  14.8  20.2  15.7  13.5   3.6   1.3  -0.3   506   506   506   506   506   506   506   506   506   506   506   506 
2003  -0.3  -5.2   1.1   7.2  10.2  14.4  21.1  20.5  13.2   9.8  -1.7  -0.4   506   506   506   506   506   506   506   506   506   506   506   506 
2004  -2.9  -0.5   5.8   8.0  10.5  13.9  18.6  16.9  12.3   7.5   2.3   0.4   506   506   506   506   506   506   506   506   506   506   506   506 
2005  -3.5   0.1   3.0   6.7  10.3  14.3  20.7  17.8  14.6   9.4   2.0  -4.2   506   506   506   506   506   506   506   506   506   506   506   506 
2006   0.5  -3.2   1.3   7.8  11.9  16.3  22.1  18.6  13.3   6.6   1.7  -2.8   506   506   506   506   506   506   506   506   506   506   506   506 
2007  -6.2  -2.4   5.6   5.5  10.6  15.3  21.4  17.9  13.7   7.5   1.2  -4.2   506   506   506   506   506   506   506   506   506   506   506   506 
2008  -5.9  -2.3  -0.2   4.9  10.3  13.6  20.8  19.9  11.9   7.7   3.9  -6.9   506   506   506   506   506   506   506   506   506   506   506   506 
2009  -3.2   0.1  -0.2   5.1  10.9  13.2  17.2  17.2  15.5   3.3   3.3  -7.5   506   506   506   506   506   506   506   506   506   506   506   506 
2010  -1.7  -1.2   4.0   5.4   8.3  14.2  18.5  17.4  13.3  10.2  -1.2  -2.4   506   506   506   506   506   506   506   506   506   506   506   506 
2011  -3.4  -5.6   1.8   3.7   8.8  13.7  19.9  19.1  15.3   8.9   0.5  -2.6   506   506   506   506   506   506   506   506   506   506   506   506 
2012  -1.3  -2.5   5.6   8.2   9.7  15.5  21.3  19.7  15.6   6.7   3.7  -3.1   506   506   506   506   506   506   506   506   506   506   506   506 
2013  -4.1  -1.7   2.4   4.0  11.1  15.5  20.4  20.2  15.2   5.4   1.5  -6.7   506   506   506   506   506   506   506   506   506   506   506   506 
2014  -2.0  -7.5   0.7   6.3  11.1  13.6  20.3  17.7  13.9  10.6  -1.4  -1.1   506   506   506   506   506   506   506   506   506   506   506   506 
2015  -1.8   1.3   6.3   6.9   9.7  17.7  18.8  19.0  15.5  10.1  -1.1  -3.0   506   506   506   506   506   506   506   506   506   506   506   506 
2016  -1.5   2.9   4.0   8.5  10.6  17.8  19.3  18.4  13.5   9.0   5.8  -7.9   506   506   506   506   506   506   506   506   506   506   506   506 
2017  -7.1  -0.2   5.5   6.9 -99.0 -99.0 -99.0 -99.0 -99.0 -99.0 -99.0 -99.0   506   506   506   506   -99   -99   -99   -99   -99   -99   -99   -99 
