Number= 756504
Name= KERSHAW 1SW
Country= USA
Lat=   34.5
Long=   80.6
Height= 138
Start year= 1893
End year= 2017
First Good year= 1893
Source ID= 64
Source file= Jones
Jones data to= 2017
Normals source= Data
Normals source start year= 1961
Normals source end year= 1990
Normals=   4.1   5.9  10.7  15.1  19.3  23.1  24.9  24.3  21.2  15.1  10.7   5.9 
Standard deviations source= Data
Standard deviations source start year= 1941
Standard deviations source end year= 1990
Standard deviations=   2.6   2.3   2.1   1.3   1.3   1.2   1.0   0.9   1.1   1.7   1.7   2.1 
Obs:
1893 -99.0   6.3   8.9  16.3  18.7  22.4  26.3  23.1  21.1  15.1   9.0   7.0   -99   506   506   506   506   506   506   506   506   506   506   506 
1894   6.7   6.8  13.0  14.5  19.8  23.2  23.4  22.9  21.5  15.3   8.6   6.3   506   506   506   506   506   506   506   506   506   506   506   506 
1895   4.4   0.5   9.2  14.3  18.0  23.6  24.4  24.0  23.2  14.2   9.9   5.3   506   506   506   506   506   506   506   506   506   506   506   506 
1896   4.6   6.7   9.2  17.9  23.2  23.1  25.1  25.0  21.8  14.3  12.6   4.9   506   506   506   506   506   506   506   506   506   506   506   506 
1897   3.0   7.5  10.7  15.0  18.7  24.1  25.0  23.7  21.5  16.6  10.1   6.2   506   506   506   506   506   506   506   506   506   506   506   506 
1898   6.9   4.5  12.3  12.6  21.4  24.7  25.3  24.6  22.1  15.1   8.2   5.4   506   506   506   506   506   506   506   506   506   506   506   506 
1899   4.7   3.3  10.4  13.7  21.3  24.7  25.2  25.3  20.6  15.6  10.2   4.7   506   506   506   506   506   506   506   506   506   506   506   506 
1900   4.8   4.1   8.4  15.1  19.7  23.2  25.9  26.7  23.4  17.7  10.9   5.0   506   506   506   506   506   506   506   506   506   506   506   506 
1901   5.0   3.7   9.7  11.1  19.7  22.9  25.7  24.1  20.7  14.6   6.4   3.6   506   506   506   506   506   506   506   506   506   506   506   506 
1902   3.1   1.6  10.0  13.4  21.2  23.8  26.1  23.7  20.2  15.6  12.4   5.2   506   506   506   506   506   506   506   506   506   506   506   506 
1903   3.6   6.5  13.2  13.8  19.9  21.1  25.4  24.8  20.2  14.4   7.9   2.4   506   506   506   506   506   506   506   506   506   506   506   506 
1904   2.1   3.3  10.4  12.5  19.4  22.8  24.3  23.2  20.7  14.2   8.0   3.9   506   506   506   506   506   506   506   506   506   506   506   506 
1905   2.2   0.6  12.2  14.7  21.0  24.2  25.2  23.0  22.2  15.0   9.7   3.9   506   506   506   506   506   506   506   506   506   506   506   506 
1906   6.2   5.3   7.5  15.9  19.2  23.5  24.1  25.1  22.8  14.1   9.8   6.0   506   506   506   506   506   506   506   506   506   506   506   506 
1907   8.8   4.1  13.4  10.9  18.8  21.6  25.4  23.9  22.1  13.8   8.4   5.1   506   506   506   506   506   506   506   506   506   506   506   506 
1908   4.3   3.4  13.3  16.8  20.2  22.7  24.7  23.4  19.9  14.5  10.9   7.1   506   506   506   506   506   506   506   506   506   506   506   506 
1909   7.2   8.9   9.5  15.5  18.3  23.9  23.7  23.5  20.0  13.8  12.0   3.0   506   506   506   506   506   506   506   506   506   506   506   506 
1910   4.9   4.3  12.9  15.3  18.6  21.7  24.6  23.5  21.8  17.0   7.7   2.7   506   506   506   506   506   506   506   506   506   506   506   506 
1911   6.9   7.9   9.3  13.2  20.9  25.1  25.0  24.5  23.8  17.2   8.1   6.4   506   506   506   506   506   506   506   506   506   506   506   506 
1912   1.9   2.7   8.7  15.5  20.3  22.0  24.7  23.9  23.2  15.9   8.8   6.9   506   506   506   506   506   506   506   506   506   506   506   506 
1913   9.3   6.2  11.1  14.1  19.8  22.6  25.8  23.4  19.5  15.0   9.6   5.9   506   506   506   506   506   506   506   506   506   506   506   506 
1914   5.8   3.8   7.1  14.9  20.2  25.0  25.2  24.0  19.5  15.9   8.9   3.2   506   506   506   506   506   506   506   506   506   506   506   506 
1915   4.5   6.6   5.0  15.2  20.2  22.2  25.3  23.6  22.1  17.1  10.7   3.8   506   506   506   506   506   506   506   506   506   506   506   506 
1916   8.2   6.2   9.5  13.9  21.4  22.5  23.5  24.3  19.8  15.1  10.1   4.8   506   506   506   506   506   506   506   506   506   506   506   506 
1917   7.1   5.8  10.3  16.5  17.4  23.4  25.1  24.2  19.7  13.4   8.4   1.2   506   506   506   506   506   506   506   506   506   506   506   506 
1918   0.5   8.3  13.5  13.4  20.5  22.7  23.3  24.8  18.6  17.2   9.2   7.8   506   506   506   506   506   506   506   506   506   506   506   506 
1919   6.0   4.9  10.7  14.4  19.8  23.2  24.7  24.0  21.2  21.5  10.7   4.9   506   506   506   506   506   506   506   506   506   506   506   506 
1920   5.1   3.8   8.7  14.1  17.9  23.5  24.4  23.4  22.3  15.9   8.4   5.0   506   506   506   506   506   506   506   506   506   506   506   506 
1921   5.5   7.1  14.8  15.4  18.0  24.6  24.9  23.8  25.3  15.1  11.1   7.6   506   506   506   506   506   506   506   506   506   506   506   506 
1922   4.2   8.7   9.9  16.1  19.9  24.3  24.9  22.7  22.3  16.0  10.0   7.7   506   506   506   506   506   506   506   506   506   506   506   506 
1923   7.5   5.6  11.0  14.2  18.4  23.7  25.0  24.6  22.0  15.0   8.3   9.3   506   506   506   506   506   506   506   506   506   506   506   506 
1924   4.2   3.9   8.0  14.4  18.1  24.0  23.6  25.5  19.4  14.8  10.0   6.1   506   506   506   506   506   506   506   506   506   506   506   506 
1925   4.4   8.8  11.1  16.7  18.1  25.5  26.3  24.6  26.2  15.7   8.3   4.3   506   506   506   506   506   506   506   506   506   506   506   506 
1926   4.3   7.1   5.8  13.5  19.9  23.5  25.7  25.5  23.9  16.9   8.0   6.8   506   506   506   506   506   506   506   506   506   506   506   506 
1927   5.0  10.9  10.4  15.3  20.3  22.1  24.2  22.2  22.3  16.9  11.5   6.0   506   506   506   506   506   506   506   506   506   506   506   506 
1928   5.0   5.4   9.4  13.9  18.5  23.2  25.4  24.8  19.8  16.9   9.4   5.8   506   506   506   506   506   506   506   506   506   506   506   506 
1929   5.7   4.5  11.4  15.9  19.1  22.4  24.4  24.0  20.6  13.6  10.4   5.2   506   506   506   506   506   506   506   506   506   506   506   506 
1930   6.0   8.8   7.4  15.9  20.9  22.9  26.0  23.5  23.8  13.6   8.2   2.3   506   506   506   506   506   506   506   506   506   506   506   506 
1931   4.4   6.3   6.9  13.9  19.4  23.5  26.8  24.2  23.6  17.1  12.8   9.4   506   506   506   506   506   506   506   506   506   506   506   506 
1932   9.9   9.5   8.2  14.5  19.0  24.1  27.1  24.6  20.9  15.6   8.6   8.1   506   506   506   506   506   506   506   506   506   506   506   506 
1933   9.1   7.2  10.6  15.2  22.1  24.1  24.4  24.7  23.9  16.0   8.9   8.8   506   506   506   506   506   506   506   506   506   506   506   506 
1934   6.6   2.2   9.1  15.2  19.4  25.1  26.6  25.3  22.7  15.5  10.6   5.0   506   506   506   506   506   506   506   506   506   506   506   506 
1935   5.4   6.2  13.1  14.5  19.6  24.4  26.1  25.3  21.1  15.8  11.5   1.1   506   506   506   506   506   506   506   506   506   506   506   506 
1936   2.6   3.2  11.0  13.1  20.5  23.6  26.3  24.9  22.8  16.9   9.2   6.2   506   506   506   506   506   506   506   506   506   506   506   506 
1937  10.3   6.1   8.9  14.2  19.6  24.3  25.0  24.5  20.5  14.3   8.0   4.7   506   506   506   506   506   506   506   506   506   506   506   506 
1938   5.2   9.0  13.4  15.0  20.1  22.4  24.5  25.5  21.7  15.2  11.9   5.3   506   506   506   506   506   506   506   506   506   506   506   506 
1939   6.9   9.9  11.5  13.8  19.2  25.3  24.7  23.8  22.5  17.0   8.6   6.1   506   506   506   506   506   506   506   506   506   506   506   506 
1940  -1.2   5.5   8.1  13.7  18.0  23.7  24.4  23.7  20.0  15.4   9.5   7.1   506   506   506   506   506   506   506   506   506   506   506   506 
1941   5.0   3.0   6.5  16.3  20.6  23.4  25.1  24.9  22.8  19.5  10.8   7.0   506   506   506   506   506   506   506   506   506   506   506   506 
1942   5.1   3.4  10.9  16.1  19.8  24.3  25.8  24.1  22.0  16.0  11.6   4.8   506   506   506   506   506   506   506   506   506   506   506   506 
1943   5.6   6.8   9.3  13.8  20.3  25.5  25.1  24.8  19.6  14.6   9.2   6.3   506   506   506   506   506   506   506   506   506   506   506   506 
1944   5.7   9.1  10.3  14.1  21.0  25.1  22.9  23.0  22.4  15.7   9.4   2.7   506   506   506   506   506   506   506   506   506   506   506   506 
1945   5.1   8.2  16.8  17.6  17.9  24.5  24.5  23.3  23.1  15.4  10.9   2.7   506   506   506   506   506   506   506   506   506   506   506   506 
1946   5.4   7.9  14.5  16.2  19.1  23.2  23.6  22.9  20.9  16.3  13.1   8.0   506   506   506   506   506   506   506   506   506   506   506   506 
1947   7.6   3.1   6.8  16.9  20.1  23.4  23.0  24.5  21.8  17.7   8.6   5.8   506   506   506   506   506   506   506   506   506   506   506   506 
1948   4.0   7.3  11.7  16.6  19.6  24.0  25.9  23.8  20.4  13.7  13.6   7.4   506   506   506   506   506   506   506   506   506   506   506   506 
1949  10.7   9.8  11.4  14.4  19.9  23.8  25.4  23.6  19.6  19.0   9.5   6.9   506   506   506   506   506   506   506   506   506   506   506   506 
1950  11.9   8.6   9.4  14.4  21.3  24.0  23.5  23.3  20.1  17.0   8.8   3.7   506   506   506   506   506   506   506   506   506   506   506   506 
1951   5.4   6.4  10.7  14.8  19.5  24.4  25.7  25.4  21.6  17.1   7.2   7.2   506   506   506   506   506   506   506   506   506   506   506   506 
1952   7.7   6.6   9.5  15.1  20.8  25.7  26.1  24.3  20.7  14.1  10.6   5.0   506   506   506   506   506   506   506   506   506   506   506   506 
1953   7.4   7.7  11.1  15.0  22.6  23.9  25.7  24.3  21.0  16.5  10.0   6.0   506   506   506   506   506   506   506   506   506   506   506   506 
1954   5.7   8.7  10.3  17.3  17.2  24.3  26.4  26.0  23.6  16.9   8.5   4.3   506   506   506   506   506   506   506   506   506   506   506   506 
1955   4.1   6.9  12.3  16.8  21.1  21.2  25.8  25.2  21.6  15.1   9.6   3.8   506   506   506   506   506   506   506   506   506   506   506   506 
1956   3.4   8.6  10.2  13.9  20.4  23.9  25.7  25.0  20.1  16.7   9.6  10.9   506   506   506   506   506   506   506   506   506   506   506   506 
1957   6.2  10.0   9.6  16.6  20.2  23.8  25.2  24.1  22.6  13.1  11.1   6.4   506   506   506   506   506   506   506   506   506   506   506   506 
1958   2.0   1.7   7.7  15.0  19.6  23.0  25.1  25.6  21.1  14.6  12.3   2.9   506   506   506   506   506   506   506   506   506   506   506   506 
1959   4.0   7.4   9.1  16.4  21.1  23.4  24.8  25.3  21.4  16.7  10.3   6.0   506   506   506   506   506   506   506   506   506   506   506   506 
1960   5.3   4.8   4.0  16.6  19.3  23.9  25.2  24.8  21.8  17.0  10.2   2.6   506   506   506   506   506   506   506   506   506   506   506   506 
1961   2.8   7.8  11.8  12.5  18.3  22.5  24.3  23.8  22.7  14.8  12.5   5.8   506   506   506   506   506   506   506   506   506   506   506   506 
1962   4.2   7.3   8.4  11.8  23.2  22.8  25.0  24.5  20.9  16.5   9.1   3.8   506   506   506   506   506   506   506   506   506   506   506   506 
1963   2.7   2.7  12.5  16.3  19.1  22.6  24.2  24.7  20.2  16.1  10.4   1.9   506   506   506   506   506   506   506   506   506   506   506   506 
1964   4.2   4.2  10.5  15.1  20.1  24.3  23.6  23.5  20.9  13.5  13.4   5.9   506   506   506   506   506   506   506   506   506   506   506   506 
1965   6.0   5.8   8.9  15.5  22.1  21.8  24.4  25.1  22.3  14.6  11.0   5.9   506   506   506   506   506   506   506   506   506   506   506   506 
1966   3.8   5.9   9.0  14.3  19.0  20.5  25.3  23.8  20.8  14.8   9.9   5.0   506   506   506   506   506   506   506   506   506   506   506   506 
1967   5.6   4.1  11.8  16.6  17.6  21.6  23.9  23.5  18.0  14.0   8.1   8.1   506   506   506   506   506   506   506   506   506   506   506   506 
1968   2.4   2.0  10.3  15.7  18.2  22.8  25.1  26.1  21.0  15.4   9.4   3.4   506   506   506   506   506   506   506   506   506   506   506   506 
1969   2.8   4.4   8.2  15.4  18.9  24.4  25.9  23.0  20.2  15.1   8.6   4.3   506   506   506   506   506   506   506   506   506   506   506   506 
1970   1.4   5.0   9.9  16.6  19.9  23.2  25.9  24.6  23.1  16.2   9.0   7.2   506   506   506   506   506   506   506   506   506   506   506   506 
1971   4.1   5.3   8.1  14.4  17.9  24.0  24.3  23.8  21.7  17.6  10.0  11.6   506   506   506   506   506   506   506   506   506   506   506   506 
1972   7.7   5.0   9.9  14.3  17.6  21.1  24.6  23.9  21.9  14.2   9.9   7.4   506   506   506   506   506   506   506   506   506   506   506   506 
1973   5.1   4.4  12.8  14.3  18.4  23.3  25.0  24.3  23.0  16.7  11.9   6.1   506   506   506   506   506   506   506   506   506   506   506   506 
1974  11.1   6.5  12.9  15.6  20.1  22.2  24.4  23.7  20.0  13.7   9.9   6.0   506   506   506   506   506   506   506   506   506   506   506   506 
1975   7.6   8.2   9.9  14.6  20.8  23.5  23.7  25.3  21.3  17.0  11.5   5.7   506   506   506   506   506   506   506   506   506   506   506   506 
1976   3.6  10.1  13.5  15.8  17.9  22.2  23.8  23.2  20.3  12.6   6.8   3.8   506   506   506   506   506   506   506   506   506   506   506   506 
1977  -1.4   5.1  12.2  17.0  20.7  23.0  26.5  24.5  22.5  13.7  11.3   5.2   506   506   506   506   506   506   506   506   506   506   506   506 
1978   0.8   1.9   9.5  16.4  18.4  23.5  24.7  24.5  22.2  14.6  13.0   7.1   506   506   506   506   506   506   506   506   506   506   506   506 
1979   3.6   3.7  11.9  15.8  19.0  21.1  23.8  24.5  20.9  14.7  11.7   6.2   506   506   506   506   506   506   506   506   506   506   506   506 
1980   5.5   3.3   8.4  15.8  19.1  23.2  26.3  26.2  23.5  13.7   8.9   5.4   506   506   506   506   506   506   506   506   506   506   506   506 
1981   2.3   5.8   9.2  17.8  17.8  25.9  25.1  22.7  20.3  14.2   9.8   4.1   506   506   506   506   506   506   506   506   506   506   506   506 
1982   1.5   8.1  11.4  14.0  20.7  22.9  25.1  23.4  19.9  15.0  11.3   9.3   506   506   506   506   506   506   506   506   506   506   506   506 
1983   3.1   5.9  10.9  12.6  18.6  22.8  25.9  25.8  21.1  15.7   9.8   4.6   506   506   506   506   506   506   506   506   506   506   506   506 
1984   3.3   7.8   9.9  13.7  18.5  23.4  23.6  24.0  19.8  18.9   9.1  10.2   506   506   506   506   506   506   506   506   506   506   506   506 
1985   2.3   6.4  12.2  16.7  19.3  23.5  24.3  23.5  20.7  17.9  15.3   4.8   506   506   506   506   506   506   506   506   506   506   506   506 
1986   3.9   9.1  11.3  16.3  20.0  25.6  27.5  23.9  21.6  16.8  12.8   5.9   506   506   506   506   506   506   506   506   506   506   506   506 
1987   4.2   5.4   9.9  13.5  20.9  24.1  25.6  25.7  21.5  12.0  11.8   7.3   506   506   506   506   506   506   506   506   506   506   506   506 
1988   2.0   6.1  10.8  15.0  18.5  22.9  24.9  25.7  20.8  11.7  10.7   5.7   506   506   506   506   506   506   506   506   506   506   506   506 
1989   7.4   8.1  11.4  14.7  17.9  24.1  24.2  23.6  21.9  15.6  11.1   1.7   506   506   506   506   506   506   506   506   506   506   506   506 
1990   8.8  10.5  12.9  15.0  19.7  24.0  25.4  25.2  21.5  16.7  12.0   8.7   506   506   506   506   506   506   506   506   506   506   506   506 
1991   5.5   8.3  11.7  16.7  21.6  23.6  26.2  24.3  21.3  15.7   9.0   7.8   506   506   506   506   506   506   506   506   506   506   506   506 
1992   5.8   8.3   9.4  14.7  17.6  21.8  26.4  23.4  21.7  14.1  11.4   5.4   506   506   506   506   506   506   506   506   506   506   506   506 
1993   6.9   5.3   8.4  13.1  20.0  24.2  28.0  25.0  22.5  15.6  10.4   5.1   506   506   506   506   506   506   506   506   506   506   506   506 
1994   3.2   7.4  11.9  16.8  17.7  24.3  24.9  23.3  19.9  14.9  12.4   8.1   506   506   506   506   506   506   506   506   506   506   506   506 
1995   5.4   4.8  12.0  15.9  20.2  22.3  25.6  25.6  20.2  16.3   8.3   4.0   506   506   506   506   506   506   506   506   506   506   506   506 
1996   4.0   6.6   8.4  14.5  20.3  23.4  25.0  23.5  20.9  14.7   8.3   7.0   506   506   506   506   506   506   506   506   506   506   506   506 
1997   5.5   8.4  13.9  13.2  17.0  21.0  25.2  23.6  21.5  15.9   8.4   5.5   506   506   506   506   506   506   506   506   506   506   506   506 
1998   6.8   7.6   9.8  15.2  20.8  25.1  26.2  24.8  22.4  16.8  11.8   9.0   506   506   506   506   506   506   506   506   506   506   506   506 
1999   7.7   8.0   8.9  16.4  18.5  22.5  25.2  26.4  20.9  15.0  12.4   6.3   506   506   506   506   506   506   506   506   506   506   506   506 
2000   4.5   8.4  12.3  14.3  21.0  24.8  25.2  24.9  21.2  15.3   8.8   1.7   506   506   506   506   506   506   506   506   506   506   506   506 
2001   4.2   8.5   9.4  15.8  19.5  23.9  24.8  25.6  20.2  13.4  12.3   9.7   506   506   506   506   506   506   506   506   506   506   506   506 
2002   6.1   6.6  11.8  18.0  17.9  24.5  26.4  25.3  22.5  16.7   9.2   4.9   506   506   506   506   506   506   506   506   506   506   506   506 
2003   3.7   6.2  12.0  14.2  18.8  23.0  24.2  25.2  20.9  15.0  13.2   4.5   506   506   506   506   506   506   506   506   506   506   506   506 
2004   4.1   4.9  12.1  15.5  22.2  24.4  25.3  23.5  21.1  17.0  11.9   5.5   506   506   506   506   506   506   506   506   506   506   506   506 
2005   6.7   7.1   9.4  14.4  18.0  23.1  26.0  25.6  23.5  16.5  11.0   5.0   506   506   506   506   506   506   506   506   506   506   506   506 
2006   8.5   6.0  10.9  17.1  18.2  23.1  25.3  25.7  20.5  14.0  10.8   8.6   506   506   506   506   506   506   506   506   506   506   506   506 
2007   7.6   5.1  13.2  14.6  18.9  23.6  24.1  27.9  22.8  18.3   9.9   9.3   506   506   506   506   506   506   506   506   506   506   506   506 
2008   4.6   8.4  10.9  14.8  18.5  25.5  25.0  24.5  21.5  14.1   8.5   8.8   506   506   506   506   506   506   506   506   506   506   506   506 
2009   4.6   6.5  10.2  14.9  19.5  24.4  24.6  25.4  21.3  14.5  11.4   5.1   506   506   506   506   506   506   506   506   506   506   506   506 
2010   2.9   3.1  10.0  16.7  21.2  26.2  26.5  26.0  23.4  15.6  10.3   1.6   506   506   506   506   506   506   506   506   506   506   506   506 
2011   3.2   8.2  10.8  16.5  19.7  25.5  26.8  25.6  21.6  14.2  11.2   8.8   506   506   506   506   506   506   506   506   506   506   506   506 
2012   7.2   8.0  15.9  15.8  20.8  22.7  26.8  23.8  21.5  15.4   8.3   9.2   506   506   506   506   506   506   506   506   506   506   506   506 
2013   8.0   6.1   7.4  15.5  18.2  23.8  24.6  23.5  21.5  16.0   9.1   8.0   506   506   506   506   506   506   506   506   506   506   506   506 
2014   2.4   6.9   8.2  16.0  20.1  24.4  24.7  24.0  21.6  16.3   7.9   7.9   506   506   506   506   506   506   506   506   506   506   506   506 
2015   4.5   3.0  11.5  16.2  20.6  26.0  26.4  25.0  22.1  15.3  12.6  12.9   506   506   506   506   506   506   506   506   506   506   506   506 
2016   4.1   7.0  14.4  15.4  19.0  25.0  27.0  26.4  23.8  17.0  11.3   6.9   506   506   506   506   506   506   506   506   506   506   506   506 
2017   8.3  11.1  11.3  17.5 -99.0 -99.0 -99.0 -99.0 -99.0 -99.0 -99.0 -99.0   506   506   506   506   -99   -99   -99   -99   -99   -99   -99   -99 
