Number= 963157
Name= BIRAU
Country= BRUNEI
Lat=    4.7
Long= -114.7
Height= 17
Start year= 1985
End year= 2000
First Good year= 1985
Source ID= 85
Source file= Jones
Jones data to= 2000
Normals source start year= 1985
Normals source end year= 1990
Normals= -99.0 -99.0 -99.0 -99.0 -99.0 -99.0 -99.0 -99.0 -99.0 -99.0 -99.0 -99.0 
Standard deviations source= Data
Standard deviations source start year= 1985
Standard deviations source end year= 1990
Obs:
1985  27.6  28.1  28.0  27.7  28.4  28.3  27.2  28.0  27.9  27.1  27.7  27.8   506   506   506   506   506   506   506   506   506   506   506   506 
1986  26.7  27.3  27.7  27.5  28.2  27.5  28.1  27.9  27.7  28.0  27.8  28.3   506   506   506   506   506   506   506   506   506   506   506   506 
1987  25.9  27.3  28.9  28.6  27.8  27.2  27.4  27.2  28.0  28.5  28.5  27.2   506   506   506   506   506   506   506   506   506   506   506   506 
1988  27.0  27.4  27.7  28.4  28.0  28.0  27.2  27.7  27.8  27.8  27.0  26.8   506   506   506   506   506   506   506   506   506   506   506   506 
1989  26.8  26.2  26.4  27.9  28.0  27.4  26.8  26.5  26.5  27.2  27.1  27.5   506   506   506   506   506   506   506   506   506   506   506   506 
1990  26.6  28.3  28.2  28.8  28.4  28.3  27.6  28.5  28.1  28.3  27.8  28.3   506   506   506   506   506   506   506   506   506   506   506   506 
1991  27.0  26.8  28.2  28.2  28.3  28.3  28.1  27.9  28.4  28.2  28.9  27.8   506   506   506   506   506   506   506   506   506   506   506   506 
1992  27.7  28.0  28.2  28.3  28.3  28.0  27.7  28.0  27.8  28.5  28.0  28.2   506   506   506   506   506   506   506   506   506   506   506   506 
1993  27.8  28.0  28.2  28.0  28.0  28.1  28.3  28.0  28.0  27.9  28.1  27.8   506   506   506   506   506   506   506   506   506   506   506   506 
1994  27.9  27.9  27.9  28.6  28.3  28.0  27.6  27.7  27.6  27.6  27.8  27.7   506   506   506   506   506   506   506   506   506   506   506   506 
1995  27.9  27.9  27.9  28.5  28.2  28.1  27.6  27.6  27.6  27.6  27.4  25.1   506   506   506   506   506   506   506   506   506   506   506   506 
1996  25.4  25.8  27.4  28.0  27.6  27.7  28.1  28.0  28.4  28.3  27.8  27.6   506   506   506   506   506   506   506   506   506   506   506   506 
1997 -99.0  28.2  28.1  27.6  28.1  28.7  28.2  28.1  28.3  28.0  27.9  28.3   -99   506   506   506   506   506   506   506   506   506   506   506 
1998  27.5  27.6  27.6  27.7  27.5  26.6  26.5  27.2  26.8  26.9  26.9  27.0   506   506   506   506   506   506   506   506   506   506   506   506 
1999  27.3  27.0  27.0  27.5  28.1  28.1  28.1  27.8  27.6  27.3  27.4  27.0   506   506   506   506   506   506   506   506   506   506   506   506 
2000  26.9  27.0  27.8  27.5  28.5  28.8  29.1  27.3  28.0  28.5  27.3  27.5   506   506   506   506   506   506   506   506   506   506   506   506 
