Number= 965330
Name= SINGKAWANG
Country= INDONESIA
Lat=    1.1
Long= -109.7
Height= -999
Start year= 1960
End year= 1992
First Good year= 1960
Source ID= 10
Source file= Jones
Jones data to= 1992
Normals source= Data
Normals source start year= 1961
Normals source end year= 1990
Normals=  24.8  25.1  25.2  25.3  26.0  26.2  26.1  25.4  25.4  25.6  25.2  25.1 
Standard deviations source= Data
Standard deviations source start year= 1960
Standard deviations source end year= 1990
Standard deviations=   2.1   1.6   2.0   2.4   1.8   1.6   1.7   2.2   2.5   2.1   2.4   2.1 
Obs:
1960  24.4  25.0  25.5  25.5  25.9  25.8  25.0  25.8  25.9  25.5  25.2  25.1   506   506   506   506   506   506   506   506   506   506   506   506 
1961  24.6  24.6  24.9  25.1  25.1  26.2  25.9  26.0 -99.0  24.8  24.8  24.6   506   506   506   506   506   506   506   506   -99   506   506   506 
1962  24.3  24.3  24.9  24.9  24.8  25.7  26.3  24.9  25.8  24.4  24.4  24.8   506   506   506   506   506   506   506   506   506   506   506   506 
1963  23.9  23.7  24.7  24.7  23.7  26.4  26.4  26.5  26.7  26.0  26.0  26.0   506   506   506   506   506   506   506   506   506   506   506   506 
1964  26.2  25.5  26.1  26.1  26.6  27.0  25.5  26.2  26.3  25.9  25.9  25.4   506   506   506   506   506   506   506   506   506   506   506   506 
1965 -99.0 -99.0 -99.0 -99.0 -99.0 -99.0 -99.0 -99.0 -99.0 -99.0 -99.0 -99.0   -99   -99   -99   -99   -99   -99   -99   -99   -99   -99   -99   -99 
1966  26.2  26.1  26.8  26.8  27.3  27.3  27.1  26.1  26.8  25.8  25.8  26.3   506   506   506   506   506   506   506   506   506   506   506   506 
1967  25.1  26.2  26.7  26.7  26.4  26.4  26.7  26.6  26.2  26.1  26.1  25.9   506   506   506   506   506   506   506   506   506   506   506   506 
1968  25.1  25.3  25.3  25.3  26.1  26.1  26.0  26.3  26.6  26.5  26.5  26.2   506   506   506   506   506   506   506   506   506   506   506   506 
1969  25.9  25.8  25.8  26.3  26.8  26.8  26.1 -99.0  26.6  26.3  26.3  26.1   506   506   506   506   506   506   506   -99   506   506   506   506 
1970  26.0  25.9  25.9  26.5  26.6  26.6  26.3  26.2  26.1  26.6  26.6  26.1   506   506   506   506   506   506   506   506   506   506   506   506 
1971  25.1  25.0  26.0  26.2  26.5  26.7  26.3  25.4  25.8  26.4  25.9  25.9   506   506   506   506   506   506   506   506   506   506   506   506 
1972  25.2  25.6  25.8  26.3  26.6  26.5  27.5  26.3  26.2  26.4  26.5  26.5   506   506   506   506   506   506   506   506   506   506   506   506 
1973  26.2  26.1  26.4  26.7  26.7  26.6  26.5  26.2  26.3  26.6  26.2  25.2   506   506   506   506   506   506   506   506   506   506   506   506 
1974  25.3  25.3  25.5  26.3  26.5  26.0  26.2 -99.0  25.9  26.5  26.6  26.8   506   506   506   506   506   506   506   -99   506   506   506   506 
1975  26.6  25.6  26.4  27.0  26.8  26.4  25.8  26.5  25.8  26.7  26.0  25.5   506   506   506   506   506   506   506   506   506   506   506   506 
1976 -99.0 -99.0 -99.0 -99.0 -99.0 -99.0 -99.0 -99.0 -99.0 -99.0 -99.0 -99.0   -99   -99   -99   -99   -99   -99   -99   -99   -99   -99   -99   -99 
1977 -99.0 -99.0 -99.0 -99.0 -99.0 -99.0 -99.0 -99.0 -99.0 -99.0 -99.0 -99.0   -99   -99   -99   -99   -99   -99   -99   -99   -99   -99   -99   -99 
1978 -99.0 -99.0 -99.0 -99.0 -99.0 -99.0 -99.0 -99.0 -99.0 -99.0 -99.0 -99.0   -99   -99   -99   -99   -99   -99   -99   -99   -99   -99   -99   -99 
1979 -99.0 -99.0 -99.0 -99.0 -99.0 -99.0 -99.0 -99.0 -99.0 -99.0 -99.0 -99.0   -99   -99   -99   -99   -99   -99   -99   -99   -99   -99   -99   -99 
1980 -99.0 -99.0 -99.0 -99.0 -99.0 -99.0 -99.0 -99.0 -99.0 -99.0 -99.0 -99.0   -99   -99   -99   -99   -99   -99   -99   -99   -99   -99   -99   -99 
1981 -99.0 -99.0 -99.0 -99.0 -99.0 -99.0 -99.0 -99.0 -99.0 -99.0 -99.0 -99.0   -99   -99   -99   -99   -99   -99   -99   -99   -99   -99   -99   -99 
1982  18.6  19.1  19.4  19.9  20.0  19.9 -99.0  20.1  19.7  19.7  19.7  19.6   506   506   506   506   506   506   -99   506   506   506   506   506 
1983  19.5 -99.0  20.1 -99.0 -99.0 -99.0 -99.0 -99.0 -99.0  19.9  19.5 -99.0   506   -99   506   -99   -99   -99   -99   -99   -99   506   506   -99 
1984 -99.0 -99.0 -99.0  19.7 -99.0 -99.0 -99.0 -99.0  19.5 -99.0  19.8  19.5   -99   -99   -99   506   -99   -99   -99   -99   506   -99   506   506 
1985 -99.0 -99.0 -99.0  19.9 -99.0 -99.0  19.6  19.6  19.6 -99.0 -99.0 -99.0   -99   -99   -99   506   -99   -99   506   506   506   -99   -99   -99 
1986 -99.0 -99.0 -99.0 -99.0 -99.0 -99.0 -99.0 -99.0 -99.0 -99.0 -99.0  26.5   -99   -99   -99   -99   -99   -99   -99   -99   -99   -99   -99   506 
1987  25.4  26.4 -99.0  27.6  27.7 -99.0  27.6 -99.0  27.6  27.2  28.1 -99.0   506   506   -99   506   506   -99   506   -99   506   506   506   -99 
1988 -99.0 -99.0  27.0 -99.0 -99.0 -99.0 -99.0 -99.0 -99.0 -99.0 -99.0 -99.0   -99   -99   506   -99   -99   -99   -99   -99   -99   -99   -99   -99 
1989 -99.0 -99.0 -99.0 -99.0 -99.0 -99.0 -99.0  27.7  26.6  27.8  27.2 -99.0   -99   -99   -99   -99   -99   -99   -99   506   506   506   506   -99 
1990  27.0  26.5 -99.0  27.9  28.0  27.8  27.3 -99.0  27.7  27.5 -99.0 -99.0   506   506   -99   506   506   506   506   -99   506   506   -99   -99 
1991  26.1  26.4  26.9  27.2  27.3 -99.0 -99.0 -99.0 -99.0 -99.0 -99.0  25.1   506   506   506   506   506   -99   -99   -99   -99   -99   -99   506 
1992  25.2 -99.0 -99.0 -99.0  26.1  26.2 -99.0 -99.0 -99.0 -99.0 -99.0 -99.0   506   -99   -99   -99   506   506   -99   -99   -99   -99   -99   -99 
