Number= 968050
Name= CILACAP
Country= INDONESIA
Lat=   -7.7
Long= -109.0
Height= 6
Start year= 1960
End year= 2020
First Good year= 1960
Source ID= 97
Source file= Jones
Jones data to= 2015
Normals source= Data
Normals source start year= 1961
Normals source end year= 1990
Normals=  26.7  26.8  26.9  27.1  26.9  26.1  25.4  25.2  25.6  26.5  26.9  27.0 
Standard deviations source= Data
Standard deviations source start year= 1960
Standard deviations source end year= 1990
Standard deviations=   0.7   0.5   0.4   0.5   0.4   0.5   0.6   0.8   0.8   0.4   0.7   0.9 
Obs:
1960  26.3  26.5  26.8  26.9  26.6  26.2  25.8  25.9  26.1  26.4  26.4  27.0   506   506   506   506   506   506   506   506   506   506   506   506 
1961  26.3  27.3  27.2  27.3  27.2  25.6  24.5  22.9  24.0  26.4  27.2  26.6   506   506   506   506   506   506   506   506   506   506   506   506 
1962  26.6  26.6  26.6  26.4  26.5  26.1  25.6  25.0  25.3  26.3  26.4  26.1   506   506   506   506   506   506   506   506   506   506   506   506 
1963  26.2  26.0  26.6  26.8  26.4  25.8  24.1  23.0  24.1  26.1  29.7  30.6   506   506   506   506   506   506   506   506   506   506   506   506 
1964  27.0  27.2  26.6  26.9  26.6  26.0  25.4  25.5  25.8  25.4  25.8  26.4   506   506   506   506   506   506   506   506   506   506   506   506 
1965  25.8  26.3  26.2  26.4  26.3  26.0  24.9  24.7  25.8  26.9  26.7  26.8   506   506   506   506   506   506   506   506   506   506   506   506 
1966  26.5  26.4 -99.0 -99.0 -99.0 -99.0 -99.0 -99.0 -99.0 -99.0  26.9  26.2   506   506   -99   -99   -99   -99   -99   -99   -99   -99   506   506 
1967  26.3  26.5 -99.0 -99.0 -99.0 -99.0 -99.0 -99.0 -99.0 -99.0 -99.0  26.4   506   506   -99   -99   -99   -99   -99   -99   -99   -99   -99   506 
1968  26.5 -99.0  26.5  26.8  26.3  26.1  25.1  25.5  26.6  26.6  26.9 -99.0   506   -99   506   506   506   506   506   506   506   506   506   -99 
1969  27.0  27.3  27.2  27.7  27.0  26.4  25.7  25.0  26.2  27.2  26.6  27.2   506   506   506   506   506   506   506   506   506   506   506   506 
1970  26.9  27.5  27.4  27.0  27.5  26.6  25.5  24.8 -99.0 -99.0 -99.0 -99.0   506   506   506   506   506   506   506   506   -99   -99   -99   -99 
1971  26.5  26.3  26.2  27.2  26.8  26.3  25.5  25.5 -99.0  25.7  25.7 -99.0   506   506   506   506   506   506   506   506   -99   506   506   -99 
1972  26.3  26.5  26.7  27.2  26.9  25.2  24.4  25.8  25.3  26.7  27.4  27.1   506   506   506   506   506   506   506   506   506   506   506   506 
1973  27.3  27.5  26.9  27.1  27.0  26.9  26.0  26.4  27.2  27.0  26.8  26.9   506   506   506   506   506   506   506   506   506   506   506   506 
1974  26.6  26.2  26.7  26.7  26.6  25.9  25.6  25.8  26.2  26.3  26.1  26.5   506   506   506   506   506   506   506   506   506   506   506   506 
1975  26.5  26.4  26.5  27.0  26.6  25.4  25.6  25.7  26.1  25.7  26.2  26.5   506   506   506   506   506   506   506   506   506   506   506   506 
1976 -99.0 -99.0 -99.0  27.0  26.2  24.4  24.2  25.6 -99.0  26.3  26.4  28.2   -99   -99   -99   506   506   506   506   506   -99   506   506   506 
1977  29.3 -99.0  26.7  25.6  26.2  26.4  25.6  24.7  23.2  26.8  27.4  26.8   506   -99   506   506   506   506   506   506   506   506   506   506 
1978  24.8  27.3  27.3 -99.0  27.3  26.1  25.4 -99.0  25.3  26.7  26.9  28.3   506   506   506   -99   506   506   506   -99   506   506   506   506 
1979  27.1  27.3  27.4  27.5 -99.0 -99.0  25.6  25.6  26.3  27.4  27.9  27.4   506   506   506   506   -99   -99   506   506   506   506   506   506 
1980  26.9  26.8  27.1  27.3  27.1  26.4  26.2  26.0  26.4  26.4  26.5  27.1   506   506   506   506   506   506   506   506   506   506   506   506 
1981  26.5  26.8  27.0  27.1  26.7  26.5  25.9  26.2  26.1  26.8  26.5  27.1   506   506   506   506   506   506   506   506   506   506   506   506 
1982  26.3  26.6  26.6  26.8  26.5  25.9  25.2  24.3  24.8  26.3  27.4  27.5   506   506   506   506   506   506   506   506   506   506   506   506 
1983  27.2  27.3  28.0  27.9  27.3  26.8  25.1  24.9  25.6  26.7  26.6  26.5   506   506   506   506   506   506   506   506   506   506   506   506 
1984  26.6  26.5  26.7  27.2  27.1  25.9  25.6  25.6  25.5  26.8  27.0  26.4   506   506   506   506   506   506   506   506   506   506   506   506 
1985  26.8  27.3  26.7  27.3  27.1  26.3  25.9  25.7  25.7  26.5  26.7  26.6   506   506   506   506   506   506   506   506   506   506   506   506 
1986  26.4  26.7  26.6  27.2  27.1  26.1  25.4  25.0  25.6  26.3  26.1  27.2   506   506   506   506   506   506   506   506   506   506   506   506 
1987  26.7  26.8  27.3  27.6  27.4  26.5  25.9  25.0  25.4  26.6  26.8  26.7   506   506   506   506   506   506   506   506   506   506   506   506 
1988  27.3  27.4  27.6  27.7  27.5  26.8  24.9  25.5  25.8  26.7  26.9  26.6   506   506   506   506   506   506   506   506   506   506   506   506 
1989  26.9  26.1  26.5  26.9  27.2  26.4  26.3  25.7  26.3  26.4  27.1  27.3   506   506   506   506   506   506   506   506   506   506   506   506 
1990  26.8  27.1  27.1  27.4  27.2  26.6  25.8  26.3  26.2  26.8  27.2  26.8   506   506   506   506   506   506   506   506   506   506   506   506 
1991  26.9  26.9  27.3  26.8  27.1  25.9  25.2  24.4  25.6  26.7  26.3  27.0   506   506   506   506   506   506   506   506   506   506   506   506 
1992  27.0  27.1  27.3  27.3  27.6  27.0  25.9  25.6  26.0  26.2  26.4  26.6   506   506   506   506   506   506   506   506   506   506   506   506 
1993  26.9  26.7  26.8  27.0  27.3  26.9  25.4  26.3  25.9  26.7  27.0  27.1   506   506   506   506   506   506   506   506   506   506   506   506 
1994  26.6  27.0  26.7  27.2  25.8  24.4  23.6  23.1  24.9  26.5  27.5  27.2   506   506   506   506   506   506   506   506   506   506   506   506 
1995  27.2  26.8  27.0  27.4  27.6  27.1  26.5  25.2  25.9  27.0  26.9  26.9   506   506   506   506   506   506   506   506   506   506   506   506 
1996  26.6  27.0  27.6  27.7  27.3  27.0  26.4  26.2  26.7  26.9  27.0  27.1   506   506   506   506   506   506   506   506   506   506   506   506 
1997  27.1  27.1  27.4  27.3  27.2  26.7  24.0  23.9  24.4  25.7  26.9  27.6   506   506   506   506   506   506   506   506   506   506   506   506 
1998  28.1  28.1  27.9  28.3  28.4  27.6  27.3  27.4  27.0  27.4  26.8  27.3   506   506   506   506   506   506   506   506   506   506   506   506 
1999  26.9  27.2  27.0  27.2  27.2  26.5  25.1  25.3  25.9  26.9  27.1  27.2   506   506   506   506   506   506   506   506   506   506   506   506 
2000  27.1  27.3  27.0  27.2  27.6  26.5  26.6  25.9  27.1  26.5  26.3  27.5   506   506   506   506   506   506   506   506   506   506   506   506 
2001  27.2  27.2  27.1  27.6  27.9  27.0  26.5  26.2  28.1  26.9  27.4  27.4   506   506   506   506   506   506   506   506   506   506   506   506 
2002  27.6  27.4  28.2  28.0  28.2  26.8  26.5  25.7  25.8  27.3  27.7  27.6   506   506   506   506   506   506   506   506   506   506   506   506 
2003  27.6  27.5  27.6  28.2  27.6  26.7  24.6  24.5  26.4  26.7  26.9  27.1   506   506   506   506   506   506   506   506   506   506   506   506 
2004  27.8  27.1  27.5  28.1  27.5  26.5  26.6  25.6  26.4  27.3  27.5  27.0   506   506   506   506   506   506   506   506   506   506   506   506 
2005  27.4  27.9  27.7  27.8  28.2  27.7  26.8  26.1  26.9  27.2  27.6  27.0   506   506   506   506   506   506   506   506   506   506   506   506 
2006  27.1  27.6  27.7  27.5  27.5  26.4  25.2  25.1  24.9  26.9  28.3  28.2   506   506   506   506   506   506   506   506   506   506   506   506 
2007  28.1  27.4  27.4  27.8  27.9  26.9  26.2  25.4  25.7  26.9  27.1  27.5   506   506   506   506   506   506   506   506   506   506   506   506 
2008  27.6  27.2  27.5  27.7  27.4  26.0  24.5  25.6  26.8  27.1  27.2  26.8   506   506   506   506   506   506   506   506   506   506   506   506 
2009  27.2  27.2  27.7  27.9  27.8  27.2  25.9  25.5  26.5  27.0  27.6  28.0   506   506   506   506   506   506   506   506   506   506   506   506 
2010  27.7  27.8  28.2  28.3  27.9  27.3  26.8  27.1  27.1  27.1  27.6  27.3   506   506   506   506   506   506   506   506   506   506   506   506 
2011  27.4  27.2  27.1  27.3  27.0  26.2  25.7  24.7  25.3  26.5  27.2  27.6   506   506   506   506   506   506   506   506   506   506   506   506 
2012  27.1  27.5  27.5  27.5  27.3  26.6  25.2  24.9  26.1  27.2  27.4  27.4   506   506   506   506   506   506   506   506   506   506   506   506 
2013  27.8  27.8  27.8  28.1  27.9  27.1  26.3  26.1  26.3  27.4  27.2  27.2   506   900   506   506   900   506   506   506   900   900   900   900 
2014  28.0 -99.0  29.1  28.7  29.3  27.6  26.3  26.0  25.9  27.1  27.4  27.3   506   -99   506   506   506   506   506   506   506   506   900   900 
2015  27.5  27.3  27.6  27.9  27.7  26.8  26.0  25.6  25.5 -99.0  27.6  27.7   900   900   900   900   900   900   900   900   900   -99   900   900 
2016  28.7  27.6  28.6  28.5  28.3  27.7  27.8  27.5  27.7  27.1  27.2  27.7   900   900   900   900   900   900   900   900   900   900   900   900 
2017  27.4  27.4  28.0  27.7  27.9  27.3  26.2  25.8  26.3  27.0  27.1  27.5   900   900   900   900   900   900   900   900   900   900   900   902 
2018  27.4  27.6  27.7 -99.0 -99.0  27.1  25.3  25.5  26.5  27.3  27.4  27.4   900   900   900   -99   -99   900   900   900   900   900   900   900 
2019  27.9  27.9  27.4  28.6  28.1  25.7  25.4  24.8  25.2  25.2  27.6  28.6   900   900   900   900   900   900   900   900   900   900   900   900 
2020  28.3  28.0  28.1  28.3  28.4  27.7  27.1  26.8  27.1  27.0  27.6  27.1   900   900   900   900   900   900   900   900   900   900   900   900 
