Number= 969370
Name= SURABAYA/PERAK II
Country= INDONESIA
Lat=   -7.2
Long= -112.7
Height= 3
Start year= 2000
End year= 2019
First Good year= 2000
Source ID= 97
Source file= Jones
Jones data to= 2015
Normals source start year= 2000
Normals source end year= 1990
Normals= -99.0 -99.0 -99.0 -99.0 -99.0 -99.0 -99.0 -99.0 -99.0 -99.0 -99.0 -99.0 
Standard deviations source= Data
Standard deviations source start year= 2000
Standard deviations source end year= 1990
Obs:
2000  28.2  28.3  28.4  29.0  28.9  27.9  28.0  28.2  30.0  29.7  29.5  29.7   506   506   506   506   506   506   506   506   506   506   506   506 
2001  28.6  28.2  28.6  29.1  29.5  28.4  28.0  28.1  30.1  29.9  29.8  28.8   506   506   506   506   506   506   506   506   506   506   506   506 
2002  28.8  28.3  29.3  29.3  29.6  28.7  28.1  28.0  29.1  30.9  31.2  30.1   506   506   506   506   506   506   506   506   506   506   506   506 
2003  29.4  28.4  29.2  30.2  29.0  28.7  27.5  28.0  29.5  30.5  30.2  29.1   506   506   506   506   506   506   506   506   506   506   506   506 
2004  29.0  28.7  28.8  30.3  29.5  28.0  28.3  27.9  29.3  30.8  30.6  29.1   506   506   506   506   506   506   506   506   506   506   506   506 
2005  29.6  29.6  29.2  29.4  29.6  29.1  28.4  28.4  29.7  30.1  30.3  28.2   506   506   506   506   506   506   506   506   506   506   506   506 
2006  28.3  28.8  28.5  29.2  28.9  28.0  27.4  27.9  28.5  30.4  31.3  30.3   506   506   506   506   506   506   506   506   506   506   506   506 
2007  30.0  28.9  28.9  29.1  29.2  28.6  28.0  28.0  28.8  30.4  30.4  28.9   506   506   506   506   506   506   506   506   506   506   506   506 
2008  29.3  27.9  28.6  29.2  28.9  28.2  27.3  28.4  29.8  30.9  29.8  29.1   506   506   506   506   506   506   506   506   506   506   506   506 
2009  29.0  28.3  29.8  29.9  29.2  29.0  28.6  28.7  30.1  31.0  30.8  30.0   506   506   506   506   506   506   506   506   506   506   506   506 
2010  28.4  29.2  29.4  29.3  29.4  29.0  28.9  29.2  29.0  29.2  29.7  28.5   506   506   506   506   506   506   506   506   506   506   506   506 
2011  28.2  28.3  28.7  28.7  29.2  28.3  28.4  28.1  28.8  30.2  29.7  29.1   506   506   506   506   506   506   506   506   506   506   506   506 
2012  28.2  28.4  28.3  29.5  28.9  28.4  27.5  27.6  28.6  30.3  30.1  28.9   506   506   506   506   506   506   506   506   506   506   506   506 
2013  28.2  26.7  28.1  29.0  29.0  28.5  27.6  27.9  28.7  30.2  29.4  28.2   506   900   900   900   900   900   506   506   506   506   506   506 
2014  27.5  28.1  28.9  29.0  29.8  29.4  28.6  28.2  28.3  30.1  30.4  28.7   506   506   506   506   506   506   506   506   506   506   506   506 
2015  28.4 -99.0  29.0  28.4  29.1  28.9  28.4  27.9  28.6  29.6  30.9  29.8   506   -99   506   506   506   506   900   506   506   506   900   506 
2016 -99.0 -99.0  30.0  29.7  30.1 -99.0  29.1  29.5  29.7  29.1 -99.0  28.5   -99   -99   900   900   900   -99   900   900   900   900   -99   900 
2017  28.3  26.4  28.8 -99.0  29.5  28.7 -99.0 -99.0  29.3  30.4 -99.0 -99.0   900   900   900   -99   900   900   -99   -99   900   900   -99   -99 
2018  28.2 -99.0  28.7  30.0 -99.0 -99.0 -99.0 -99.0 -99.0 -99.0 -99.0 -99.0   900   -99   900   900   -99   -99   -99   -99   -99   -99   -99   -99 
2019 -99.0 -99.0 -99.0 -99.0  30.0 -99.0 -99.0 -99.0 -99.0 -99.0 -99.0 -99.0   -99   -99   -99   -99   900   -99   -99   -99   -99   -99   -99   -99 
