Number= 934790
Name= NGAWI AWS
Country= NEW ZEALAND
Lat=  -41.6
Long= -175.2
Height= 6
Start year= 2001
End year= 2012
First Good year= 2001
Source ID= 98
Source file= Jones
Jones data to= 2012
Normals source start year= 2001
Normals source end year= 1990
Normals= -99.0 -99.0 -99.0 -99.0 -99.0 -99.0 -99.0 -99.0 -99.0 -99.0 -99.0 -99.0 
Standard deviations source= Data
Standard deviations source start year= 2001
Standard deviations source end year= 1990
Obs:
2001  17.8  19.6  17.4  15.6  13.6  11.9   9.2  11.9  13.3  15.0  15.7  18.2   506   506   506   506   506   506   506   506   506   506   506   506 
2002  18.5  17.0  18.1  14.6  13.9  12.9  10.5  11.2  13.6  13.7  14.6  17.6   506   506   506   506   506   506   506   506   506   506   506   506 
2003  18.7  18.3  18.2  14.5  14.1  13.6   9.9  11.0  12.4  13.5  15.0  18.1   506   506   506   506   506   506   506   506   506   506   506   506 
2004  20.3  17.4  16.4  13.7  13.4  12.4   9.7   9.5  12.0  13.8  16.1  15.4   506   506   506   506   506   506   506   506   506   506   506   506 
2005  18.6  20.6  17.4  13.8  13.9  10.6  11.3  12.5  13.4  13.8  15.4  19.3   506   506   506   506   506   506   506   506   506   506   506   506 
2006  19.0  18.9  15.5  16.8  13.0  10.0  11.1  10.7  13.8  13.3  15.7  15.1   506   506   506   506   506   506   506   506   506   506   506   506 
2007  18.1  18.0  18.7  14.4  15.1  10.8  10.4  11.0  12.4  13.3  15.3  17.0   506   506   506   506   506   506   506   506   506   506   506   506 
2008  19.6  18.8  17.9  15.2  11.5  11.6  10.6   9.9  12.5  13.7  16.0  17.8   506   506   506   506   506   506   506   506   506   506   506   506 
2009  19.3  18.2  16.5  14.9  10.7   9.3   9.2  12.3  12.4  11.6  14.7  17.0   506   506   506   506   506   506   506   506   506   506   506   506 
2010  17.3  18.5  17.8  16.4  13.3  11.0   9.4  11.2  12.7  12.6  16.1  18.7   506   506   506   506   506   506   506   506   506   506   506   506 
2011  18.7  19.4  17.3  14.3  15.0  11.9  10.5  10.3  11.6  13.7  14.9  16.5   506   506   506   506   506   506   506   506   506   506   506   506 
2012  17.5  17.1  15.6  15.0  11.9  10.3  10.8  11.0  12.5  13.8  14.4  18.5   506   506   506   506   506   506   506   506   506   506   506   506 
