Number= 761130
Name= ALTAR, SON.
Country= MEXICO
Lat=   30.7
Long=  111.8
Height= 397
Start year= 2002
End year= 2020
First Good year= 2002
Source ID= 94
Source file= Jones
Jones data to= 2016
Normals source start year= 2002
Normals source end year= 1990
Normals= -99.0 -99.0 -99.0 -99.0 -99.0 -99.0 -99.0 -99.0 -99.0 -99.0 -99.0 -99.0 
Standard deviations source= Data
Standard deviations source start year= 2002
Standard deviations source end year= 1990
Obs:
2002 -99.0 -99.0 -99.0  21.8 -99.0 -99.0  32.0 -99.0  30.1  23.4  17.8  11.9   -99   -99   -99   506   -99   -99   506   -99   506   506   506   506 
2003 -99.0 -99.0  17.9  20.7  27.5  32.1  33.9 -99.0  29.6  26.1 -99.0  11.5   -99   -99   506   506   506   506   506   -99   506   506   -99   506 
2004  12.0  11.0  20.3 -99.0 -99.0  32.3  31.2 -99.0  27.8  21.1  13.5  11.9   506   506   506   -99   -99   506   506   -99   506   506   506   506 
2005  12.8  14.1 -99.0  21.1  26.9  30.3  33.2 -99.0  29.9  23.4  19.1 -99.0   506   506   -99   506   506   506   506   -99   506   506   506   -99 
2006  11.9  11.2 -99.0  17.1  23.8  29.1 -99.0  28.2  25.0  19.0  14.3   7.8   506   506   -99   506   506   506   -99   506   506   506   506   506 
2007   6.9   9.3  14.8  18.1  22.5  26.6  29.6  28.9  26.2 -99.0  16.4  10.5   506   506   506   506   506   506   506   506   506   -99   506   506 
2008  10.5  11.0  15.0  18.0  22.8  28.0  29.0  29.0 -99.0  21.0  15.0  12.4   506   506   506   506   506   506   506   506   -99   506   506   506 
2009  12.2  11.1  14.6  18.4  30.2  31.0  35.0  33.1  31.0  22.8  19.4   9.5   506   506   506   506   506   506   506   506   506   506   506   506 
2010  13.0  14.1  17.0  21.1  28.0  27.0  34.5  33.0  27.5  24.2  14.9  15.7   506   506   506   506   506   506   506   506   506   506   506   506 
2011  15.6  13.5  20.4  24.0  25.5  31.1  33.2  33.7  31.6  26.8  16.9   9.6   506   506   506   506   506   506   506   506   506   506   506   506 
2012  20.0  15.7 -99.0  21.0  29.4  33.0  34.0  32.7  30.0  25.9  19.6  15.0   506   506   -99   506   506   506   506   506   506   506   506   506 
2013  14.1  13.2  22.0 -99.0  29.0  32.0  33.3  34.0  31.1  24.0  20.0  12.0   506   506   506   -99   506   506   506   506   506   506   506   506 
2014 -99.0  18.4  12.0  26.0  26.0  32.0 -99.0  32.2  31.0  25.5  16.9 -99.0   -99   506   506   506   506   506   -99   506   506   506   506   -99 
2015  16.1  19.0  22.6  24.4  25.1  33.0  32.8  32.0  26.0  22.8  16.1  10.0   506   506   506   506   506   506   506   506   506   506   506   506 
2016  14.3  18.0  20.0  22.8  26.0  32.6  32.5  30.3  28.0 -99.0  19.0  15.3   506   506   506   506   506   506   506   900   900   -99   900   900 
2017  12.9  16.0  22.6 -99.0  27.0  34.2  32.5  33.6  30.0  28.0  22.8  16.5   900   900   900   -99   900   900   900   900   900   900   900   900 
2018  17.5  17.0  20.0  23.8  28.5  30.9  33.7  31.3  31.0  22.5  16.1  15.2   900   900   900   900   900   900   900   900   900   900   900   900 
2019  13.3  12.6  17.7  21.4  22.1  31.1  33.2  32.6  28.9  23.3  18.3  12.2   900   900   900   900   900   900   900   900   900   900   900   900 
2020  12.8  14.1  16.2  21.5  26.0  29.7  35.0  35.3  32.6  28.4  20.5  15.1   900   900   900   900   900   900   900   900   900   900   900   900 
