Number= 383390
Name= Oigaing
Country= UZBEKISTAN
Lat=   42.2
Long=  -70.9
Height= 2151
Start year= 1966
End year= 1990
First Good year= 1966
Source ID= 50
Source file= Jones
Jones data to= 1990
Normals source= Data
Normals source start year= 1966
Normals source end year= 1990
Normals= -10.0  -9.2  -4.3   2.3   8.0  12.2  15.1  15.5  10.9   4.0  -3.1  -7.4 
Standard deviations source= Data
Standard deviations source start year= 1966
Standard deviations source end year= 1990
Standard deviations=   1.6   2.2   1.4   1.9   1.3   1.1   1.3   1.6   1.1   1.5   2.3   2.3 
Obs:
1966  -7.3  -5.8  -3.9   0.2   6.5  13.3  14.8  15.3  11.0   3.0  -0.2  -6.9   506   506   506   506   506   506   506   506   506   506   506   506 
1967 -10.9  -9.5  -3.3   1.8   8.1  11.9  14.1  15.0  10.2   2.7  -3.4  -6.5   506   506   506   506   506   506   506   506   506   506   506   506 
1968  -9.1  -8.9  -2.8   1.5   7.7  11.2  14.1  15.6  11.1   3.9  -4.7  -9.2   506   506   506   506   506   506   506   506   506   506   506   506 
1969 -13.5 -13.1  -2.9   0.7   5.6  12.3  13.2  13.8   9.0   2.0  -4.0  -5.4   506   506   506   506   506   506   506   506   506   506   506   506 
1970 -10.6  -6.4  -5.5   4.3   9.0  11.5  13.3  16.1  11.6   5.1  -2.5  -7.9   506   506   506   506   506   506   506   506   506   506   506   506 
1971 -10.8  -8.3  -2.4   3.0   9.3  13.6  15.2  14.9  11.2   5.1  -1.9  -4.9   506   506   506   506   506   506   506   506   506   506   506   506 
1972 -11.5 -13.8  -4.9   0.0   7.5  10.6  12.0  13.1  11.3   5.9  -3.1  -9.0   506   506   506   506   506   506   506   506   506   506   506   506 
1973 -12.4  -8.0  -5.2   2.8   8.4  13.8  17.4  16.6   9.6   5.1   0.0  -5.7   506   506   506   506   506   506   506   506   506   506   506   506 
1974 -11.5 -11.2  -3.4   5.0   9.5  12.3  15.7  13.1   9.7   5.5  -3.4 -12.0   506   506   506   506   506   506   506   506   506   506   506   506 
1975  -9.7  -9.7  -4.7   4.0   7.8  12.7  16.4  16.2  11.3   4.1  -6.4  -9.1   506   506   506   506   506   506   506   506   506   506   506   506 
1976  -7.6 -10.2  -5.6   1.0   9.3  12.0  17.0  18.3   9.9   2.0  -6.7  -9.7   506   506   506   506   506   506   506   506   506   506   506   506 
1977 -99.0 -99.0  -1.9   6.5   9.0  13.7  16.1  15.5  12.3   3.5  -2.1  -8.7   -99   -99   506   506   506   506   506   506   506   506   506   506 
1978 -10.6 -10.0  -5.5   3.0   8.7  12.2  16.3  15.6  12.4   5.6  -6.0  -4.1   506   506   506   506   506   506   506   506   506   506   506   506 
1979  -8.9  -6.3  -5.3   2.5   5.9  11.7  16.2  15.2  10.8   7.6  -0.8  -5.7   506   506   506   506   506   506   506   506   506   506   506   506 
1980 -10.2  -9.4  -4.6   3.5   9.2  11.9  16.8  15.6  11.7   5.1   0.8  -5.1   506   506   506   506   506   506   506   506   506   506   506   506 
1981  -8.7  -8.0  -2.2   2.3   9.6  11.1  14.1  12.7  10.0   3.3  -1.3  -7.4   506   506   506   506   506   506   506   506   506   506   506   506 
1982  -8.6  -9.5  -4.5   5.3   9.9  12.0  14.4  14.9   9.0   3.5  -6.5  -7.7   506   506   506   506   506   506   506   506   506   506   506   506 
1983  -8.9  -7.8  -5.2   4.9   8.5  11.1  15.0  17.7  11.2   4.4  -2.8  -8.3   506   506   506   506   506   506   506   506   506   506   506   506 
1984 -12.6 -13.4  -3.8   0.0   7.7  13.6  16.6  19.7   9.9   3.6  -3.5 -13.9   506   506   506   506   506   506   506   506   506   506   506   506 
1985  -9.4  -6.3  -7.1 -99.0   7.8  11.8  15.2  14.2  11.5   2.8  -5.0  -6.9   506   506   506   -99   506   506   506   506   506   506   506   506 
1986  -9.6  -8.8  -6.6   1.7   7.5  10.3  15.0  15.6  13.4   4.6  -3.2  -8.5   506   506   506   506   506   506   506   506   506   506   506   506 
1987  -7.5  -6.6  -2.3  -0.1   4.8  11.0  13.8  16.5 -99.0   1.0  -2.9  -4.2   506   506   506   506   506   506   506   506   -99   506   506   506 
1988  -7.7  -8.4  -4.8   1.4   6.5  13.3  16.2 -99.0  11.2   2.0   1.1  -5.3   506   506   506   506   506   506   506   -99   506   506   506   506 
1989 -11.2 -11.8  -3.9  -0.7   7.3  10.9  15.1  15.3  10.1 -99.0  -6.0  -5.7   506   506   506   506   506   506   506   506   506   -99   506   506 
1990 -10.2  -8.4  -4.8   0.6   7.7  14.8  14.2  15.6  12.6   4.3 -99.0 -99.0   506   506   506   506   506   506   506   506   506   506   -99   -99 
