Number= 384130
Name= TAMDY
Country= UZBEKISTAN
Lat=   41.7
Long=  -64.6
Height= 237
Start year= 1932
End year= 2020
First Good year= 1932
Source ID= 73
Source file= Jones
Jones data to= 2012
Normals source= Data
Normals source start year= 1961
Normals source end year= 1990
Normals=  -2.4  -0.5   6.8  15.6  22.6  28.5  31.0  28.2  21.7  12.8   6.0   0.3 
Standard deviations source= Data
Standard deviations source start year= 1941
Standard deviations source end year= 1990
Standard deviations=   3.5   4.4   2.6   1.7   1.5   1.5   1.3   1.2   1.3   1.7   2.8   3.6 
Obs:
1932 -99.0 -99.0 -99.0 -99.0 -99.0  27.8 -99.0  25.8  21.1  11.6   2.8  -4.9   -99   -99   -99   -99   -99   506   -99   506   506   506   506   506 
1933  -5.2  -0.5 -99.0  16.4  23.7  26.3  31.5  28.8  20.8  12.3 -99.0  -1.0   506   506   -99   506   506   506   506   506   506   506   -99   506 
1934 -10.4   1.8   7.7  12.5  18.4  28.0  28.5  28.2  18.4  11.5   3.2  -1.0   506   506   506   506   506   506   506   506   506   506   506   506 
1935  -8.1   3.5   5.6  16.3  22.3  24.5  30.4  29.5  20.6  15.6   0.5  -1.7   506   506   506   506   506   506   506   506   506   506   506   506 
1936  -1.7   1.8   3.7  13.9  22.7  28.9  29.2  26.4  20.6  15.4   6.0  -1.8   506   506   506   506   506   506   506   506   506   506   506   506 
1937  -3.5  -0.4   3.8  11.6  21.1  27.4  31.2  28.2  22.1  13.1   1.3  -2.8   506   506   506   506   506   506   506   506   506   506   506   506 
1938   0.9   3.4   4.6  17.6  24.5  27.1  27.7  27.2  20.2  11.9   3.7  -6.1   506   506   506   506   506   506   506   506   506   506   506   506 
1939  -3.1   1.5   6.6  11.9  22.8  30.8  31.0  26.6  20.4  10.5   6.1   3.3   506   506   506   506   506   506   506   506   506   506   506   506 
1940  -2.8   0.3   5.4  17.6  19.9  28.8  30.7  28.7  21.1  13.3   6.0   3.8   506   506   506   506   506   506   506   506   506   506   506   506 
1941  -2.2   4.9   9.3  15.8  23.6  30.5  28.9  27.7  21.6  14.9   4.7   1.7   506   506   506   506   506   506   506   506   506   506   506   506 
1942   1.3  -2.8   6.4  13.2  23.2  29.3  31.3  26.7  19.5  12.4   5.7   0.3   506   506   506   506   506   506   506   506   506   506   506   506 
1943  -3.8 -99.0   2.7  14.5  23.7  26.9  31.9  28.0  19.2  10.4   3.1  -0.9   506   -99   506   506   506   506   506   506   506   506   506   506 
1944  -0.1   5.5  13.0  15.7  24.3  27.8  33.0  26.7  19.7  10.9   2.6  -8.6   506   506   506   506   506   506   506   506   506   506   506   506 
1945  -4.8  -6.0   3.7  15.5  21.1  26.7  29.2  30.1  20.3  14.9   1.1  -0.7   506   506   506   506   506   506   506   506   506   506   506   506 
1946  -2.6   5.7   7.1  14.3  24.7  26.1  28.6  26.8  22.3  13.1   2.3  -7.3   506   506   506   506   506   506   506   506   506   506   506   506 
1947  -1.1   1.0  12.0  16.0  20.0  24.6  28.5  28.2  20.5  12.6   8.9  -2.0   506   506   506   506   506   506   506   506   506   506   506   506 
1948   1.4   2.3   5.8  12.6  23.0  28.1  31.6  27.7  19.2  12.5   4.9  -4.9   506   506   506   506   506   506   506   506   506   506   506   506 
1949  -5.2  -0.9   3.0  14.4  20.8  27.3  30.3  26.4  17.8   8.5   1.9  -1.6   506   506   506   506   506   506   506   506   506   506   506   506 
1950  -5.9  -4.1   7.6  14.4  23.4  27.3  29.0  26.8  19.9  12.0  -2.5  -8.1   506   506   506   506   506   506   506   506   506   506   506   506 
1951  -4.5  -8.8   5.4  17.6  23.5  24.9  29.7  26.8  20.4  11.7   3.6   3.0   506   506   506   506   506   506   506   506   506   506   506   506 
1952  -0.1   4.1   4.7  14.2  21.2  26.3  31.0  28.3  20.4  12.4  -2.2  -5.9   506   506   506   506   506   506   506   506   506   506   506   506 
1953   1.0   6.7   5.2  14.2  22.6  27.1  30.8  27.6  20.2   9.8   1.3  -1.1   506   506   506   506   506   506   506   506   506   506   506   506 
1954  -2.6  -3.8   0.0  14.5  20.7  25.0  29.5  26.9  20.5  13.8   2.9  -2.4   506   506   506   506   506   506   506   506   506   506   506   506 
1955  -0.9   4.5   6.0  13.0  22.6  28.3  30.6  29.0  21.0  10.9   7.0   1.4   506   506   506   506   506   506   506   506   506   506   506   506 
1956  -6.6  -2.5   4.1  16.8  22.0  26.2  32.2  28.2  19.4  12.8   7.7  -2.8   506   506   506   506   506   506   506   506   506   506   506   506 
1957  -6.9  -2.5   6.4  12.8  21.9  26.9  27.9  26.5  21.8  11.2   4.3   1.7   506   506   506   506   506   506   506   506   506   506   506   506 
1958   2.7   5.2   9.0  12.6  20.2  28.5  31.4  27.2  19.9  12.0   2.0   0.8   506   506   506   506   506   506   506   506   506   506   506   506 
1959  -1.5   0.0   4.6  17.4  21.6  27.7  28.3  28.6  23.7  12.1   0.3  -5.6   506   506   506   506   506   506   506   506   506   506   506   506 
1960   1.3   5.2   1.0  13.7  19.0  29.3  28.8  27.9  20.7  13.8   3.4  -1.4   506   506   506   506   506   506   506   506   506   506   506   506 
1961  -0.8   0.5   7.7  16.2  27.2  28.8  31.0  29.0  20.8  10.1   7.3   2.3   506   506   506   506   506   506   506   506   506   506   506   506 
1962  -1.8   3.4  10.6  14.4  22.1  27.0  32.1  27.5  20.2  12.6   2.0  -0.2   506   506   506   506   506   506   506   506   506   506   506   506 
1963   1.7   6.4   7.9  15.5  22.7  28.4  30.3  26.7  21.0  15.1   6.4  -0.5   506   506   506   506   506   506   506   506   506   506   506   506 
1964  -3.8   0.9   7.7  13.6  22.3  27.6  30.4  28.3  21.0  10.0   7.8  -2.8   506   506   506   506   506   506   506   506   506   506   506   506 
1965  -2.7  -0.9   8.0  15.2  24.3  28.6  31.3  27.9  21.3  12.6   7.7   3.0   506   506   506   506   506   506   506   506   506   506   506   506 
1966   2.7   4.8   8.0  15.5  21.1  30.3  31.4  30.0  22.0  12.0   3.5  -2.7   506   506   506   506   506   506   506   506   506   506   506   506 
1967  -2.0  -1.2   6.5  16.2  22.1  27.7  29.8  28.0  20.7  12.9   7.6   3.1   506   506   506   506   506   506   506   506   506   506   506   506 
1968   1.5   0.5   9.3  13.3  22.6  27.6  29.4  28.3  21.1  12.2   5.3  -4.5   506   506   506   506   506   506   506   506   506   506   506   506 
1969 -13.4 -12.9   3.5  14.6  21.4  28.5  29.5  27.0  21.5  13.2   6.0   4.6   506   506   506   506   506   506   506   506   506   506   506   506 
1970  -5.6   3.3   7.0  17.4  24.2  27.7  29.9  28.4  21.7  14.0   5.7  -2.8   506   506   506   506   506   506   506   506   506   506   506   506 
1971  -2.8   0.6   8.7  13.5  22.5  27.8  30.8  27.2  22.9  15.0   9.8   4.4   506   506   506   506   506   506   506   506   506   506   506   506 
1972  -9.3  -8.8   3.1  15.2  21.8  27.9  28.7  25.9  21.2  14.3   8.4  -2.4   506   506   506   506   506   506   506   506   506   506   506   506 
1973  -5.5   2.7   6.4  16.3  22.1  29.8  31.1  28.8  18.8  13.2   7.8   0.7   506   506   506   506   506   506   506   506   506   506   506   506 
1974  -6.6  -6.2   6.4  14.0  24.4  28.7  31.5  26.2  21.2  15.2   7.1  -3.4   506   506   506   506   506   506   506   506   506   506   506   506 
1975   0.1  -1.2   8.2  18.0  22.9  29.2  32.7  29.1  23.2  12.2   2.4   1.3   506   506   506   506   506   506   506   506   506   506   506   506 
1976   3.2  -5.0   3.6  16.2  23.5  28.5  31.4  30.8  21.3   9.6   1.4  -4.1   506   506   506   506   506   506   506   506   506   506   506   506 
1977 -11.0  -1.2  10.0  19.1  24.7  31.7  30.7  27.9  22.8  11.2   7.2  -0.5   506   506   506   506   506   506   506   506   506   506   506   506 
1978  -1.8  -5.1   5.0  16.0  20.3  26.9  31.0  26.4  24.3  13.1   4.2   3.2   506   506   506   506   506   506   506   506   506   506   506   506 
1979  -3.1   1.7   7.2  15.2  19.9  26.4  31.8  28.7  22.7  16.4   5.5   4.5   506   506   506   506   506   506   506   506   506   506   506   506 
1980  -3.1  -3.7   4.5  17.4  23.6  28.6  32.0  27.3  21.3  12.2   9.1   3.4   506   506   506   506   506   506   506   506   506   506   506   506 
1981   2.5   1.5   9.6  14.0  20.0  26.7  30.8  28.5  22.3  11.8   6.9   1.8   506   506   506   506   506   506   506   506   506   506   506   506 
1982  -2.8  -0.7   5.3  18.2  23.6  27.4  29.1  27.9  21.3  12.8   2.5  -0.1   506   506   506   506   506   506   506   506   506   506   506   506 
1983   0.9   5.1   6.4  18.1  22.9  29.0  33.7  29.7  21.4  12.9   8.0   0.5   506   506   506   506   506   506   506   506   506   506   506   506 
1984  -2.0  -7.0   5.8  14.4  22.1  28.7  33.2  30.9  21.0  13.8   5.7 -10.0   506   506   506   506   506   506   506   506   506   506   506   506 
1985  -3.6   3.9   4.6  17.5  23.0  29.9  31.3  26.9  22.0  11.1   3.7   0.5   506   506   506   506   506   506   506   506   506   506   506   506 
1986   1.3   1.8   3.0  15.1  23.3  27.7  30.7  27.6  24.1  12.8   4.6   0.7   506   506   506   506   506   506   506   506   506   506   506   506 
1987   2.1   2.8   6.8  12.9  23.0  27.8  29.9  30.1  21.3   9.2   4.5   3.4   506   506   506   506   506   506   506   506   506   506   506   506 
1988  -1.0  -3.0   6.8  17.8  20.7  30.7  31.8  27.6  21.8  13.0   8.5   4.4   506   506   506   506   506   506   506   506   506   506   506   506 
1989  -2.7  -0.6   8.4  12.5  21.7  28.2  31.8  28.5  20.9  15.7   6.0   3.1   506   506   506   506   506   506   506   506   506   506   506   506 
1990  -4.0   1.6   9.4  15.1  23.0  31.1  30.5  28.8  23.8  13.0   7.4  -1.0   506   506   506   506   506   506   506   506   506   506   506   506 
1991  -3.7  -0.6   5.7  17.1  21.1  28.2  30.8  28.0  22.1  15.9   5.4   0.7   506   506   506   506   506   506   506   506   506   506   506   506 
1992   0.0   3.2   5.1  15.6  19.0  27.7  30.4  26.2  20.4  12.4   8.5   3.0   506   506   506   506   506   506   506   506   506   506   506   506 
1993  -0.8   0.3   6.1  15.7  20.5  29.2  31.1  27.3  21.1  12.0  -0.5  -3.5   506   506   506   506   506   506   506   506   506   506   506   506 
1994  -2.0  -3.6   7.3  13.4  23.2  29.7  29.5  29.7  19.5  14.5   8.8  -0.9   506   506   506   506   506   506   506   506   506   506   506   506 
1995  -0.5   3.4   7.1  17.6  22.5  28.5  32.0  29.7  22.4  13.2  10.4  -0.2   506   506   506   506   506   506   506   506   506   506   506   506 
1996  -2.8  -1.6   4.2  13.2  23.0  28.7  30.9  28.0  22.7  13.1   4.7   3.7   506   506   506   506   506   506   506   506   506   506   506   506 
1997   0.2  -0.3   8.7  18.0  22.6  30.3  32.0  28.9  22.9  19.6   2.7  -1.5   506   506   506   506   506   506   506   506   506   506   506   506 
1998  -4.4  -1.4   5.3  17.0  21.7  28.8 -99.0  29.6 -99.0  13.5   7.2   2.0   506   506   506   506   506   506   -99   506   -99   506   506   506 
1999   0.5   8.0   5.6  15.4  23.3  27.8  29.5  31.4  22.0  16.1   3.6   2.5   506   506   506   506   506   506   506   506   506   506   506   506 
2000   0.7   2.5   7.8  20.5  23.6  28.3  30.8  30.3  22.4  10.4   4.5   2.7   506   506   506   506   506   506   506   506   506   506   506   506 
2001  -3.1   2.1  11.0  18.4  26.9  29.9  29.2  28.1  20.1  11.9   8.0   0.9   506   506   506   506   506   506   506   506   506   506   506   506 
2002   3.3   4.8  11.2  13.7  20.7  26.6  30.8 -99.0  23.5  16.1   8.2  -5.4   506   506   506   506   506   506   506   -99   506   506   506   506 
2003   0.7   1.3   5.6  13.4  19.8  25.7  30.2  29.7  22.4  16.1   6.5   0.8   506   506   506   506   506   506   506   506   506   506   506   506 
2004   2.3   6.2  10.2  14.4  24.1  29.8  29.9  28.2  22.8  13.2   9.2   0.6   506   506   506   506   506   506   506   506   506   506   506   506 
2005  -2.4  -6.6  10.7  16.7  23.8  30.7  32.0  28.4  24.7  14.8   6.6 -99.0   506   506   506   506   506   506   506   506   506   506   506   -99 
2006  -8.5   4.4  10.2  17.5  24.1  29.3  29.7  30.2  21.6  16.3   6.9  -2.8   506   506   506   506   506   506   506   506   506   506   506   506 
2007   0.4   3.2   6.8  17.6  23.5  29.4  31.2  29.4  23.0  12.9   6.8  -0.6   506   506   506   506   506   506   506   506   506   506   506   506 
2008 -13.9  -4.4  13.6  17.8  25.7  30.0  31.9  30.2  21.1  14.0   4.3   0.3   506   506   506   506   506   506   506   506   506   506   506   506 
2009  -0.3   3.7  11.4  12.4  23.6  28.8  30.7  28.4  21.8  15.0   6.8   1.8   506   506   506   506   506   506   506   506   506   506   506   506 
2010   1.6  -2.4  10.5  17.8  23.6  31.1  31.2  30.5  22.6  16.8   9.4   3.0   506   506   506   506   506   506   506   506   506   506   506   506 
2011  -2.4  -0.1   8.0  17.2  25.1  29.7  31.1  29.9  23.0  14.6   1.2  -4.4   506   506   506   506   506   506   506   506   506   506   506   506 
2012  -3.8  -5.4   6.4  21.8  25.3  30.1  31.6  30.7  22.4 -99.0   5.8  -4.4   506   506   506   506   506   506   506   506   506   -99   506   506 
2013   1.6   2.6  11.0  16.1  24.4  29.2  31.5  28.3  24.9  14.6   8.2   0.3   900   900   900   900   900   900   900   900   900   900   900   900 
2014  -2.0  -5.7   8.8  13.3  26.1  30.6  29.1  30.2  22.4  11.1   2.7   0.5   900   900   900   902   900   900   900   900   900   900   900   900 
2015   0.0   3.7   6.8  17.8  24.6  31.3  32.7  28.3  22.2  13.1   5.2   3.5   900   900   900   900   900   900   900   900   900   900   900   900 
2016   3.4   6.1  12.5  16.5  23.9  29.5  31.6  29.9  24.3  10.2   2.3   1.5   900   900   900   900   900   900   900   900   900   900   900   900 
2017   0.6  -1.7   6.2  15.3  25.4  29.3  32.2  29.1  23.1  14.4   7.9  -1.5   900   900   900   900   900   900   900   900   900   900   900   900 
2018  -1.2   0.8  11.1  15.9  22.9  28.5  33.4  28.0  21.6  14.2   3.3   0.3   900   900   900   900   900   900   900   900   900   900   902   900 
2019   3.4   3.9 -99.0  15.6  24.6  29.1  34.0  28.6  21.9  16.2   2.2   3.3   900   900   -99   900   900   900   900   900   900   900   900   900 
2020   0.4   5.8  10.5  17.4  24.2  29.7 -99.0  28.2  20.5  12.8   2.5  -3.8   900   900   900   900   900   900   -99   900   900   900   900   900 
