Number= 387080
Name= Severtsova Glacier
Country= UZBEKISTAN
Lat=   39.1
Long=  -67.7
Height= 2780
Start year= 1966
End year= 1990
First Good year= 1966
Source ID= 50
Source file= Jones
Jones data to= 1990
Normals source= Data
Normals source start year= 1966
Normals source end year= 1990
Normals=  -7.3  -7.0  -2.7   3.0   6.8  11.1  14.1  13.5   9.3   4.0  -0.4  -4.6 
Standard deviations source= Data
Standard deviations source start year= 1966
Standard deviations source end year= 1990
Standard deviations=   1.2   1.6   1.5   1.0   1.3   1.0   1.0   1.3   0.8   1.1   2.0   1.3 
Obs:
1966 -99.0 -99.0 -99.0 -99.0 -99.0 -99.0 -99.0 -99.0 -99.0 -99.0  -2.3  -5.4   -99   -99   -99   -99   -99   -99   -99   -99   -99   -99   506   506 
1967  -6.6  -4.6  -4.0   1.2   5.4  11.1  13.2  13.9   8.8   3.5  -2.5  -3.6   506   506   506   506   506   506   506   506   506   506   506   506 
1968  -6.5  -8.1  -2.4   2.2   8.2  11.4  14.4  13.3  10.0   3.0  -0.5  -5.2   506   506   506   506   506   506   506   506   506   506   506   506 
1969  -8.4  -6.9   0.1   1.7   3.7  10.3  13.6  12.5   7.6   3.5  -3.6  -4.1   506   506   506   506   506   506   506   506   506   506   506   506 
1970  -5.1  -3.9  -2.7   4.1   7.2  11.4  12.7  13.1   9.3   5.4   0.3  -4.3   506   506   506   506   506   506   506   506   506   506   506   506 
1971  -9.7  -6.2   0.1   2.2   7.4  11.8  13.0  12.0   8.5   3.2   0.7  -3.9   506   506   506   506   506   506   506   506   506   506   506   506 
1972  -7.1  -9.9  -2.8   1.9   7.3  11.0  12.5  12.2   8.6   5.1   1.1  -4.5   506   506   506   506   506   506   506   506   506   506   506   506 
1973 -99.0 -99.0 -99.0 -99.0 -99.0 -99.0  14.7 -99.0 -99.0   3.6   0.5  -4.1   -99   -99   -99   -99   -99   -99   506   -99   -99   506   506   506 
1974  -8.2  -7.9  -2.3   3.0   5.7  10.6  14.1  12.8   9.3   2.7  -1.5  -6.1   506   506   506   506   506   506   506   506   506   506   506   506 
1975  -7.6  -7.0  -2.7   2.6   5.5  10.8  14.6  14.2   9.9   2.9  -2.4  -6.1   506   506   506   506   506   506   506   506   506   506   506   506 
1976  -7.2  -8.4  -3.2   2.0   4.5  10.9  14.2  14.2   8.8   3.7  -2.0  -4.4   506   506   506   506   506   506   506   506   506   506   506   506 
1977  -8.1  -6.0  -1.1   4.5   8.4  12.7  13.6  14.4   9.7   5.3   1.0  -5.5   506   506   506   506   506   506   506   506   506   506   506   506 
1978  -7.3  -6.7  -2.6   4.0   8.7  12.5  14.2  13.7   9.5   5.1  -1.2  -1.4   506   506   506   506   506   506   506   506   506   506   506   506 
1979  -7.5  -7.5  -3.6   4.2   5.2  10.3  12.8  11.9   9.6   5.7   0.3  -5.7   506   506   506   506   506   506   506   506   506   506   506   506 
1980 -99.0 -99.0 -99.0 -99.0 -99.0 -99.0  16.1 -99.0 -99.0   5.3   2.0  -3.6   -99   -99   -99   -99   -99   -99   506   -99   -99   506   506   506 
1981  -8.4  -7.5  -1.4   3.7   7.9   8.1  13.5  11.3   8.4   2.7   4.0  -5.3   506   506   506   506   506   506   506   506   506   506   506   506 
1982  -6.5  -8.7  -3.4   3.1   6.8  11.2  14.1  14.4   8.8   4.4  -2.8  -5.1   506   506   506   506   506   506   506   506   506   506   506   506 
1983  -6.2  -7.4  -4.5   2.7   7.8  10.8  15.6  16.2   9.8   2.8  -0.4  -5.5   506   506   506   506   506   506   506   506   506   506   506   506 
1984 -10.1  -8.7   0.3   4.3   7.0  12.7  15.8  15.7   8.9   3.4  -0.2  -7.8   506   506   506   506   506   506   506   506   506   506   506   506 
1985  -7.5  -5.3  -4.7   4.1   7.2  11.8  15.0  13.2  10.4   4.1  -2.4  -3.6   506   506   506   506   506   506   506   506   506   506   506   506 
1986  -5.7  -5.0  -4.7   3.2   5.3  11.1  15.2  12.9  10.3   6.0  -0.8  -5.2   506   506   506   506   506   506   506   506   506   506   506   506 
1987  -6.4  -6.3  -2.3   3.2   7.3  11.1  14.3  14.2  10.0   3.2   1.0  -1.8   506   506   506   506   506   506   506   506   506   506   506   506 
1988  -6.3  -5.8  -2.4   3.6   7.4  10.4  13.7  11.8   9.4   2.1   4.2  -3.9   506   506   506   506   506   506   506   506   506   506   506   506 
1989  -8.2 -10.0  -3.7   2.2   6.2  11.0  13.2  12.7   7.8   4.3  -3.2  -4.2   506   506   506   506   506   506   506   506   506   506   506   506 
1990  -6.8  -5.8  -4.5   2.0   8.4  12.0  14.7  15.9  10.3 -99.0 -99.0 -99.0   506   506   506   506   506   506   506   506   506   -99   -99   -99 
