Number= 683660
Name= JOHANNESBURG
Country= SOUTH AFRICA
Lat=  -26.2
Long=  -28.1
Height= 1753
Start year= 1940
End year= 1991
First Good year= 1940
Source ID= 82
Source file= Jones
Jones data to= 1991
Normals source= Data
Normals source start year= 1961
Normals source end year= 1990
Normals=  20.4  19.9  19.0  16.1  13.6  10.7  11.1  13.4  16.5  17.7  18.7  19.8 
Standard deviations source= Data
Standard deviations source start year= 1941
Standard deviations source end year= 1990
Standard deviations=   1.0   1.0   1.0   1.1   1.0   1.0   0.8   1.2   1.1   1.0   0.9   1.1 
Obs:
1940 -99.0  20.4  19.0  15.9  12.9  10.4  10.6  14.2  15.5  17.8  19.6 -99.0   -99   506   506   506   506   506   506   506   506   506   506   -99 
1941  19.5  20.1  19.2  17.4 -99.0  11.7  11.5  14.4  16.4  19.5  20.9  21.1   506   506   506   506   -99   506   506   506   506   506   506   506 
1942 -99.0 -99.0 -99.0 -99.0 -99.0 -99.0 -99.0 -99.0 -99.0 -99.0 -99.0 -99.0   -99   -99   -99   -99   -99   -99   -99   -99   -99   -99   -99   -99 
1943  20.0  19.9  17.9  15.7  11.9   9.8  10.4  10.8  15.1  18.4  18.2  19.0   506   506   506   506   506   506   506   506   506   506   506   506 
1944 -99.0 -99.0 -99.0 -99.0 -99.0 -99.0 -99.0 -99.0 -99.0 -99.0 -99.0 -99.0   -99   -99   -99   -99   -99   -99   -99   -99   -99   -99   -99   -99 
1945 -99.0 -99.0 -99.0 -99.0 -99.0 -99.0  10.6  13.2  18.4  18.8  19.4  21.1   -99   -99   -99   -99   -99   -99   506   506   506   506   506   506 
1946 -99.0 -99.0  18.6  16.7  13.9  10.7  11.3  12.2  18.0  18.7  19.7  23.3   -99   -99   506   506   506   506   506   506   506   506   506   506 
1947 -99.0 -99.0 -99.0 -99.0 -99.0 -99.0 -99.0 -99.0 -99.0 -99.0 -99.0 -99.0   -99   -99   -99   -99   -99   -99   -99   -99   -99   -99   -99   -99 
1948  20.1  18.7 -99.0  15.7  13.1  11.0  10.6  13.9  15.0  18.4 -99.0  20.6   506   506   -99   506   506   506   506   506   506   506   -99   506 
1949  21.3  19.3  17.5  16.6  12.6  10.8  10.8  13.1  17.8  18.4  17.8  19.3   506   506   506   506   506   506   506   506   506   506   506   506 
1950 -99.0  20.4  19.2  15.8  11.0  11.3  10.6  12.0  17.6  17.3  18.3  19.2   -99   506   506   506   506   506   506   506   506   506   506   506 
1951  18.5  19.9  18.4  16.2  12.3   9.3   9.6  12.7  16.1  18.9  19.6  20.8   506   506   506   506   506   506   506   506   506   506   506   506 
1952  20.6  18.6  18.4  16.6  13.1  11.8  10.3 -99.0 -99.0  18.7  17.1  18.6   506   506   506   506   506   506   506   -99   -99   506   506   506 
1953  20.5  19.5  17.9  16.0  14.2  10.5   9.4  12.6  15.0  18.7  18.5  19.6   506   506   506   506   506   506   506   506   506   506   506   506 
1954  19.1  19.1  18.0  16.1  13.4   9.8  10.2  12.8  16.6  19.6  18.4  19.5   506   506   506   506   506   506   506   506   506   506   506   506 
1955  19.0  18.4  17.1  15.5  13.0  10.1  11.5  12.7  16.2  16.4  18.3  18.4   506   506   506   506   506   506   506   506   506   506   506   506 
1956  19.5  19.6  19.0  17.4  13.3  11.6  11.8  14.7  14.9  18.5  18.1  18.0   506   506   506   506   506   506   506   506   506   506   506   506 
1957 -99.0 -99.0 -99.0 -99.0 -99.0 -99.0 -99.0 -99.0 -99.0 -99.0 -99.0 -99.0   -99   -99   -99   -99   -99   -99   -99   -99   -99   -99   -99   -99 
1958  20.0  20.2  19.2  17.1  15.3 -99.0  12.4  13.9  14.9  17.9  19.9  18.7   506   506   506   506   506   -99   506   506   506   506   506   506 
1959 -99.0 -99.0 -99.0  17.5  12.4  12.5 -99.0 -99.0 -99.0 -99.0 -99.0 -99.0   -99   -99   -99   506   506   506   -99   -99   -99   -99   -99   -99 
1960  19.8  19.5  19.2  15.3  12.7  10.6  10.2  15.0  16.4  19.1  17.6  19.0   506   506   506   506   506   506   506   506   506   506   506   506 
1961  19.6  20.4  18.8  16.6  13.6  10.8  11.3  11.2  17.7  18.9  18.1  18.9   506   506   506   506   506   506   506   506   506   506   506   506 
1962  20.6  20.3  17.9  15.4  13.1  12.1  11.5  13.6  18.0  18.8  17.9  19.8   506   506   506   506   506   506   506   506   506   506   506   506 
1963  18.8  19.8  18.2  15.2  12.1   9.9   9.3  13.0  18.0  18.8  18.4  20.5   506   506   506   506   506   506   506   506   506   506   506   506 
1964  19.9  21.4  20.5  16.5  13.6   8.6   9.5  12.5  17.0  16.5  18.7  18.4   506   506   506   506   506   506   506   506   506   506   506   506 
1965  19.9  20.9  19.5  15.1  14.0   8.9  11.0  14.7  16.2  16.3  18.7  21.0   506   506   506   506   506   506   506   506   506   506   506   506 
1966  21.7  19.0  19.6  15.4  13.7  11.9  11.6  14.2  15.6  18.1  19.5  19.0   506   506   506   506   506   506   506   506   506   506   506   506 
1967  20.1  18.6  17.8  14.7  13.0   9.6   9.2  12.2  16.8  18.0  18.4  19.3   506   506   506   506   506   506   506   506   506   506   506   506 
1968  21.2  19.7  17.3  14.1  12.1   7.5  12.5  13.5  16.3  18.9  17.3  20.8   506   506   506   506   506   506   506   506   506   506   506   506 
1969  22.5  21.6  18.2  16.7  12.7  11.6  12.0  13.4  15.6  16.2  18.8  19.2   506   506   506   506   506   506   506   506   506   506   506   506 
1970  20.9  19.8  19.6  17.0  14.1  10.6  11.5  14.4  17.6  17.8  19.4  19.5   506   506   506   506   506   506   506   506   506   506   506   506 
1971  19.5  18.6  19.7  17.3  12.2 -99.0  11.0  13.0  17.4  16.9  17.6  19.2   506   506   506   506   506   -99   506   506   506   506   506   506 
1972  19.2  19.1  17.5  16.3  12.2   9.9  11.2  13.1  17.2  18.7  18.6  22.0   506   506   506   506   506   506   506   506   506   506   506   506 
1973  22.1  19.2  20.8  14.4  13.5  10.9  10.9  12.3  16.4  17.3  17.6  18.4   506   506   506   506   506   506   506   506   506   506   506   506 
1974  19.3  19.2  18.0  14.6  12.4  10.8  10.6  11.3  15.2  18.4  18.1  19.1   506   506   506   506   506   506   506   506   506   506   506   506 
1975  19.4  18.6  17.0  15.2  14.1  11.6  11.3 -99.0  17.5  17.0  18.5  18.3   506   506   506   506   506   506   506   -99   506   506   506   506 
1976  17.9  18.5  17.9  15.3  11.9  10.1  11.1  12.7  17.3  16.3  18.1  19.8   506   506   506   506   506   506   506   506   506   506   506   506 
1977  21.0  20.0 -99.0  17.3  13.5  12.1  11.5  13.0  15.8  18.9  19.6  20.5   506   506   -99   506   506   506   506   506   506   506   506   506 
1978  19.1  19.5  18.9  15.0  14.0  10.2  11.9  16.1  15.5  17.3  19.2  19.7   506   506   506   506   506   506   506   506   506   506   506   506 
1979  19.5  20.6  19.6  18.1  14.4  10.7  10.0  13.6  16.1  18.9  18.3  19.6   506   506   506   506   506   506   506   506   506   506   506   506 
1980  19.6  19.4  19.0  16.7  14.3  10.4  10.7  13.0  14.6  18.7  18.5  20.1   506   506   506   506   506   506   506   506   506   506   506   506 
1981  20.9  19.2  17.9  17.3  13.1  10.6  11.8  11.5  15.0  14.9  20.5  19.4   506   506   506   506   506   506   506   506   506   506   506   506 
1982  20.7  20.3  18.9  14.6  14.8  11.5  11.1  14.0  17.6  18.0  19.3  21.3   506   506   506   506   506   506   506   506   506   506   506   506 
1983  22.5  22.4  20.6  18.8  14.0  12.0  11.7  12.7  18.1  17.7  19.9  19.9   506   506   506   506   506   506   506   506   506   506   506   506 
1984  21.2  21.7  20.3  15.9  13.8  10.4  10.9  13.8  17.3  18.8  18.0  20.1   506   506   506   506   506   506   506   506   506   506   506   506 
1985  20.8  19.9  18.8  16.5  13.6  12.1  11.1  15.0  16.1  18.9  19.5  19.0   506   506   506   506   506   506   506   506   506   506   506   506 
1986  20.4  19.7  19.4  17.1  15.7  11.1  11.9  14.9  16.2  17.3  17.6  19.9   506   506   506   506   506   506   506   506   506   506   506   506 
1987  20.7  21.8  19.5  18.8  15.9  10.6  10.7  12.4  14.8  17.2  20.0  21.3   506   506   506   506   506   506   506   506   506   506   506   506 
1988  22.0  20.6  19.9  16.1  14.0  10.6  12.1  14.7  16.4  17.0  18.5  18.6   506   506   506   506   506   506   506   506   506   506   506   506 
1989  19.9  18.2  19.2  15.3  14.6  11.1  11.1  15.4  15.9  16.5  19.1  21.3   506   506   506   506   506   506   506   506   506   506   506   506 
1990  20.6  19.6  19.3  16.8  13.1  11.1  12.0  13.4  16.4  18.5  20.2  20.4   506   506   506   506   506   506   506   506   506   506   506   506 
1991  20.1  20.4  18.2  16.4  14.4  10.8  11.2  14.0  16.2  18.2 -99.0 -99.0   506   506   506   506   506   506   506   506   506   506   -99   -99 
