Number= 163650
Name= CARAFFA-DI-CATANZARO
Country= ITALY--------
Lat=   38.9
Long=  -16.5
Height= 363
Start year= 1952
End year= 1978
First Good year= 1952
Source ID= 84
Source file= Jones
Jones data to= 1978
Normals source= Data
Normals source start year= 1961
Normals source end year= 1978
Normals=   8.5   8.8  10.0  12.4  16.4  20.3  23.3  23.7  21.2  17.0  13.3   9.9 
Standard deviations source= Data
Standard deviations source start year= 1952
Standard deviations source end year= 1978
Standard deviations=   1.0   1.4   1.2   1.1   1.1   1.1   0.8   1.1   1.0   1.2   1.1   1.0 
Obs:
1952   7.8   6.8   9.6  13.7  15.9  22.4  24.0  25.2  22.9  16.8  12.4  10.4   506   506   506   506   506   506   506   506   506   506   506   506 
1953   6.8   7.7   8.1  12.7  15.5  19.4 -99.0 -99.0 -99.0  17.7  12.6 -99.0   506   506   506   506   506   506   -99   -99   -99   506   506   -99 
1954   6.5   7.3  10.3  10.8  13.9  20.5 -99.0  22.2  21.8  15.8  11.5  10.2   506   506   506   506   506   506   -99   506   506   506   506   506 
1955  10.0  10.5   9.7  10.4  16.3  20.3  23.3  21.7 -99.0  16.1  14.2 -99.0   506   506   506   506   506   506   506   506   -99   506   506   -99 
1956   8.8   5.7   8.4  11.7  15.2  18.1  23.1  24.3  22.0  15.7  12.2   9.2   506   506   506   506   506   506   506   506   506   506   506   506 
1957   7.7  10.2  10.1  12.5  15.0  22.4  23.0  23.8  20.2  17.6  13.4   8.6   506   506   506   506   506   506   506   506   506   506   506   506 
1958   8.4  10.9  10.0  12.0  18.6  21.8  23.8  26.2  22.0  18.7  15.1  12.7   506   506   506   506   506   506   506   506   506   506   506   506 
1959   8.4   9.8  12.9  12.5  16.3  19.9  22.4  23.2  21.2  15.8  12.9  11.0   506   506   506   506   506   506   506   506   506   506   506   506 
1960   9.4  10.6  10.9  12.9  16.7  20.9  23.2  23.7  20.4  18.2  14.7  11.2   506   506   506   506   506   506   506   506   506   506   506   506 
1961   8.9   9.2  10.7  15.3  16.8  20.7  23.6  23.7  22.9  18.2  14.3  10.2   506   506   506   506   506   506   506   506   506   506   506   506 
1962  10.0   7.7   9.7  12.6  16.4  20.2  24.0  24.7  22.4  18.3  13.4   9.2   506   506   506   506   506   506   506   506   506   506   506   506 
1963   7.3   8.1   8.9  12.4  15.5  20.5  24.7  24.8  22.7  17.2  15.6  11.8   506   506   506   506   506   506   506   506   506   506   506   506 
1964   7.4   8.7  11.3  12.9  16.3  21.4  22.6  23.9  20.4  17.0  13.8 -99.0   506   506   506   506   506   506   506   506   506   506   506   -99 
1965   8.8   6.0   9.9  11.2  16.1  20.2  24.8  23.1  20.9  17.0  14.3  11.0   506   506   506   506   506   506   506   506   506   506   506   506 
1966   8.0  11.1   9.2  13.8  16.2  21.5  23.0  23.7  21.6  18.5  12.1   8.8   506   506   506   506   506   506   506   506   506   506   506   506 
1967   7.9   8.5  10.8  11.7  16.5  19.0  23.2  24.4  20.8  18.8  14.6   9.7   506   506   506   506   506   506   506   506   506   506   506   506 
1968   6.9  10.3   9.8  14.3  18.6  20.2  23.4  22.8  20.6  17.2  13.4   9.7   506   506   506   506   506   506   506   506   506   506   506   506 
1969   7.8   8.4  10.1  12.4  17.9  18.7  21.6  23.5  21.5  17.2  14.7   8.5   506   506   506   506   506   506   506   506   506   506   506   506 
1970   9.7   9.0   9.9  12.4  14.6  20.3  23.2  24.5  22.1  16.0  13.5  10.6   506   506   506   506   506   506   506   506   506   506   506   506 
1971   9.5   8.0   7.4  12.8  17.0  20.3  22.1  25.1  19.9  15.2  12.0  10.0   506   506   506   506   506   506   506   506   506   506   506   506 
1972   9.4   9.6  11.6  13.2  15.9  21.6  22.7  23.0  20.1  14.4  13.1  10.4   506   506   506   506   506   506   506   506   506   506   506   506 
1973   8.8   8.0   8.3  10.5  18.0  20.9  23.8  24.3  21.8  17.9  12.0   9.9   506   506   506   506   506   506   506   506   506   506   506   506 
1974   9.7   9.5  10.6  11.4  15.4  20.1  23.5  24.1  21.4  14.5  12.1   9.4   506   506   506   506   506   506   506   506   506   506   506   506 
1975   8.2   7.4  10.4  11.8  16.6  18.8  22.9  22.7  22.6  17.0  12.0  10.2   506   506   506   506   506   506   506   506   506   506   506   506 
1976   8.4   8.5   9.4  11.5  15.4  19.4  22.2  21.5  19.1  16.8  11.8   9.7   506   506   506   506   506   506   506   506   506   506   506   506 
1977   9.0  10.8  12.0  11.7  17.2  20.2  24.1  23.6  20.0  17.2  13.2   9.1   506   506   506   506   506   506   506   506   506   506   506   506 
1978   7.8   9.1  10.0  11.5  15.4  21.0 -99.0 -99.0 -99.0 -99.0 -99.0 -99.0   506   506   506   506   506   506   -99   -99   -99   -99   -99   -99 
