Number= 167490
Name= RODOS
Country= GREECE
Lat=   36.4
Long=  -28.1
Height= 11
Start year= 1958
End year= 2010
First Good year= 1958
Source ID= 98
Source file= Jones
Jones data to= 2010
Normals source= Data
Normals source start year= 1961
Normals source end year= 1990
Normals=  11.8  11.9  13.4  16.4  20.0  24.1  26.4  26.6  24.4  20.6  16.6  13.5 
Standard deviations source= Data
Standard deviations source start year= 1958
Standard deviations source end year= 1990
Standard deviations=   1.2   1.3   1.0   1.0   1.0   0.6   0.7   0.8   0.7   1.1   1.1   1.0 
Obs:
1958  11.2  12.5  13.3  15.4  20.2  23.8  26.0  27.5  23.3  20.1  16.9  14.2   506   506   506   506   506   506   506   506   506   506   506   506 
1959  11.7   9.1  13.0  16.0  19.9  23.3  26.3  26.9  23.5  18.7  16.0  13.8   506   506   506   506   506   506   506   506   506   506   506   506 
1960  11.6  12.5  13.3  15.7  21.0  23.6  25.7  27.4  24.1  22.0  18.2  15.3   506   506   506   506   506   506   506   506   506   506   506   506 
1961  11.3  10.6  12.7  16.9  20.0  24.0  26.5  26.4  23.4  19.3  16.6  13.5   506   506   506   506   506   506   506   506   506   506   506   506 
1962  12.3  10.5  14.1  15.5  20.1  24.0  26.9  27.2  24.6  20.4  18.7  13.6   506   506   506   506   506   506   506   506   506   506   506   506 
1963  12.2  13.2  11.8  16.3  18.9  23.6  27.0  28.1  25.2  20.7  16.9  13.5   506   506   506   506   506   506   506   506   506   506   506   506 
1964   8.8  10.2  13.7  15.6  18.5  24.3  25.6  26.6  23.1  21.0  16.8  13.7   506   506   506   506   506   506   506   506   506   506   506   506 
1965  11.1  10.8  13.0  15.1  18.5  24.3  27.0  25.6  24.0  18.4  16.1  13.3   506   506   506   506   506   506   506   506   506   506   506   506 
1966  12.3  13.2  13.2  16.7  19.4  24.0  26.7  28.1  24.4  22.2  19.0  13.1   506   506   506   506   506   506   506   506   506   506   506   506 
1967  11.0   9.9  12.1  15.5  19.9  23.5  26.4  28.1  24.5  20.3  15.8  13.8   506   506   506   506   506   506   506   506   506   506   506   506 
1968  10.6  12.2  12.1  17.5  22.5  24.7  27.1  26.1  23.7  19.7  15.8  13.4   506   506   506   506   506   506   506   506   506   506   506   506 
1969  10.7  12.4  13.5  14.2  20.8  24.4  25.6  26.1  25.0  20.2  16.4  13.8   506   506   506   506   506   506   506   506   506   506   506   506 
1970  12.8  12.8  14.5  17.1  19.0  24.8  26.6  27.6  24.0  19.2  15.8  12.2   506   506   506   506   506   506   506   506   506   506   506   506 
1971  14.0  11.3  13.1  15.5  20.7  24.3  25.1  26.9  23.8  18.8  15.9  11.6   506   506   506   506   506   506   506   506   506   506   506   506 
1972  10.7  11.2  12.9  17.0  19.6  24.6  26.1  26.8  24.3  18.6  15.4  12.2   506   506   506   506   506   506   506   506   506   506   506   506 
1973  10.9  12.2  12.0  14.7  20.8  24.0  27.0  26.1  24.2  20.6  14.8  13.3   506   506   506   506   506   506   506   506   506   506   506   506 
1974   9.7  12.3  13.8  15.3  19.0  24.0  26.9  26.2  24.2  21.4  15.9  11.3   506   506   506   506   506   506   506   506   506   506   506   506 
1975  11.0  10.7  14.1  17.0  19.6  23.1  26.4  25.8  24.9  20.1  15.7  11.6   506   506   506   506   506   506   506   506   506   506   506   506 
1976  10.6   9.9  12.7  15.2  19.3  22.8  24.8  24.4  22.5  20.0  16.0  12.9   506   506   506   506   506   506   506   506   506   506   506   506 
1977  10.9  13.2  13.2  16.4  20.2  24.4  26.9  27.1  24.1  20.0  18.3  12.8   506   506   506   506   506   506   506   506   506   506   506   506 
1978  12.8  13.7  14.4  16.6  21.0  24.6  26.8  25.5  23.2  20.8  16.5  14.4   506   506   506   506   506   506   506   506   506   506   506   506 
1979  12.5  13.5  15.2  16.8  20.3  25.1  26.3  26.1  24.5  21.2  17.0  14.2   506   506   506   506   506   506   506   506   506   506   506   506 
1980  11.6  11.9  13.3  15.6  19.3  23.9  26.1  27.0  24.2  21.8  18.7  14.3   506   506   506   506   506   506   506   506   506   506   506   506 
1981  11.4  12.3  15.2  17.3  18.9  24.9  25.3  26.6  23.5  22.7  15.4  15.5   506   506   506   506   506   506   506   506   506   506   506   506 
1982  13.3  10.9  12.9  16.6  19.6  23.9  25.4  26.3  25.5  22.0  16.7  13.5   506   506   506   506   506   506   506   506   506   506   506   506 
1983  10.7  10.6  13.3  17.3  21.0  23.3  26.5  26.5  24.4  20.3  17.1  14.6   506   506   506   506   506   506   506   506   506   506   506   506 
1984  13.3  13.6  13.9  16.0  21.3  23.9  26.5  25.9  25.0  22.4  16.9  13.8   506   506   506   506   506   506   506   506   506   506   506   506 
1985  13.5  10.4  13.7  17.3  21.9  24.8  26.4  27.4  25.2  20.4  18.8  15.0   506   506   506   506   506   506   506   506   506   506   506   506 
1986  13.4  13.5  15.2  18.8  20.7  24.5  26.3  26.6  25.4  21.0  15.8  13.6   506   506   506   506   506   506   506   506   506   506   506   506 
1987  13.4  13.6  10.8  15.8  18.7  24.1  26.7  26.4  25.1  21.1  16.2  13.9   506   506   506   506   506   506   506   506   506   506   506   506 
1988  13.4  12.3  13.1  16.6  20.7  24.7  28.3  27.4  25.0  20.6  15.0  13.5   506   506   506   506   506   506   506   506   506   506   506   506 
1989  11.3  12.5  15.1  18.9  20.6  23.1  26.1  26.8  25.2  20.0  16.8  14.0   506   506   506   506   506   506   506   506   506   506   506   506 
1990  11.8  12.9  14.6  17.4  20.4  23.6  26.6  26.2  25.0  22.1  18.1  14.9   506   506   506   506   506   506   506   506   506   506   506   506 
1991  12.3  12.7  15.2  16.6  19.1  24.4  25.8  27.0  24.6  21.2  16.9  11.2   506   506   506   506   506   506   506   506   506   506   506   506 
1992  12.0  10.3  13.0  16.1  19.7  24.3  26.3  26.9  24.8  22.8  17.2  11.9   506   506   506   506   506   506   506   506   506   506   506   506 
1993  11.6  11.0  13.3  16.3  19.9  24.9  26.8  27.7  25.0  22.9  16.8  14.7   506   506   506   506   506   506   506   506   506   506   506   506 
1994  13.5  12.8  14.8  18.2  21.2  24.8  26.4  28.3  27.0  23.0  16.8  12.8   506   506   506   506   506   506   506   506   506   506   506   506 
1995  12.9  13.9  14.3  16.0  20.3  25.6  27.4  26.8  25.0  20.2  14.5  14.4   506   506   506   506   506   506   506   506   506   506   506   506 
1996  12.2  13.0  12.9  15.9  21.6  24.9  26.6  27.0  23.9  19.8  17.8  15.6   506   506   506   506   506   506   506   506   506   506   506   506 
1997  14.2  12.4  13.1  14.1  20.6  24.8  27.6  26.2  23.5  20.4  17.8  14.6   506   506   506   506   506   506   506   506   506   506   506   506 
1998  13.1  14.1  12.8  17.7  20.1  25.3  27.2  28.0  25.4  22.2  18.2  14.2   506   506   506   506   506   506   506   506   506   506   506   506 
1999  13.7  13.0  15.1  17.5  21.7  25.6  26.8  27.8  25.1  22.8  18.1  15.7   506   506   506   506   506   506   506   506   506   506   506   506 
2000  10.7  12.2  13.4  17.3  21.3  25.4  27.5  27.4  25.1  21.6  18.6  14.9   506   506   506   506   506   506   506   506   506   506   506   506 
2001  14.1  13.4  17.1  17.4  21.7  24.3  27.8  28.2  25.9  22.3  16.9  13.2   506   506   506   506   506   506   506   506   506   506   506   506 
2002  11.7  14.6  15.6  17.2  21.2  25.6  27.9  27.8  25.1  21.6  18.2  13.7   506   506   506   506   506   506   506   506   506   506   506   506 
2003  14.7  10.5  13.3  16.2  21.8  25.4  28.1  28.6  25.2  22.0  17.7  14.4   506   506   506   506   506   506   506   506   506   506   506   506 
2004  11.7  12.7  15.2  17.4  20.2  24.8  27.2  27.4  25.5  22.9  17.3  14.7   506   506   506   506   506   506   506   506   506   506   506   506 
2005 -99.0 -99.0 -99.0 -99.0 -99.0 -99.0 -99.0 -99.0 -99.0 -99.0 -99.0 -99.0   -99   -99   -99   -99   -99   -99   -99   -99   -99   -99   -99   -99 
2006 -99.0 -99.0 -99.0 -99.0 -99.0 -99.0 -99.0 -99.0 -99.0 -99.0 -99.0 -99.0   -99   -99   -99   -99   -99   -99   -99   -99   -99   -99   -99   -99 
2007 -99.0 -99.0 -99.0 -99.0 -99.0 -99.0 -99.0 -99.0 -99.0 -99.0 -99.0 -99.0   -99   -99   -99   -99   -99   -99   -99   -99   -99   -99   -99   -99 
2008 -99.0 -99.0 -99.0 -99.0 -99.0 -99.0 -99.0 -99.0 -99.0 -99.0 -99.0 -99.0   -99   -99   -99   -99   -99   -99   -99   -99   -99   -99   -99   -99 
2009 -99.0 -99.0 -99.0 -99.0 -99.0 -99.0 -99.0 -99.0 -99.0 -99.0 -99.0 -99.0   -99   -99   -99   -99   -99   -99   -99   -99   -99   -99   -99   -99 
2010 -99.0 -99.0 -99.0 -99.0 -99.0 -99.0 -99.0 -99.0 -99.0 -99.0 -99.0 -99.0   -99   -99   -99   -99   -99   -99   -99   -99   -99   -99   -99   -99 
