Number= 076460
Name= NIMES-GARONS
Country= FRANCE
Lat=   43.8
Long=   -4.4
Height= 92
Start year= 1991
End year= 2014
First Good year= 1991
Source ID= 98
Source file= Jones
Jones data to= 2014
Normals source start year= 1991
Normals source end year= 1990
Normals= -99.0 -99.0 -99.0 -99.0 -99.0 -99.0 -99.0 -99.0 -99.0 -99.0 -99.0 -99.0 
Standard deviations source= Data
Standard deviations source start year= 1991
Standard deviations source end year= 1990
Obs:
1991   5.7 -99.0 -99.0 -99.0  15.2  19.9  24.8 -99.0 -99.0 -99.0   9.2   5.6   506   -99   -99   -99   506   506   506   -99   -99   -99   506   506 
1992   4.5 -99.0 -99.0  13.2 -99.0 -99.0 -99.0 -99.0 -99.0 -99.0 -99.0 -99.0   506   -99   -99   506   -99   -99   -99   -99   -99   -99   -99   -99 
1993 -99.0   6.0   9.1  12.7  17.2 -99.0 -99.0  23.7 -99.0 -99.0   7.6 -99.0   -99   506   506   506   506   -99   -99   506   -99   -99   506   -99 
1994 -99.0 -99.0 -99.0 -99.0  17.1 -99.0  25.4  24.6 -99.0 -99.0  12.6   8.0   -99   -99   -99   -99   506   -99   506   506   -99   -99   506   506 
1995 -99.0 -99.0 -99.0  13.1 -99.0 -99.0 -99.0 -99.0 -99.0 -99.0 -99.0   7.0   -99   -99   -99   506   -99   -99   -99   -99   -99   -99   -99   506 
1996 -99.0 -99.0 -99.0 -99.0 -99.0 -99.0 -99.0 -99.0 -99.0 -99.0 -99.0 -99.0   -99   -99   -99   -99   -99   -99   -99   -99   -99   -99   -99   -99 
1997 -99.0   8.9 -99.0 -99.0 -99.0 -99.0 -99.0 -99.0 -99.0 -99.0 -99.0 -99.0   -99   506   -99   -99   -99   -99   -99   -99   -99   -99   -99   -99 
1998 -99.0 -99.0 -99.0 -99.0 -99.0 -99.0 -99.0 -99.0 -99.0 -99.0 -99.0 -99.0   -99   -99   -99   -99   -99   -99   -99   -99   -99   -99   -99   -99 
1999   7.2 -99.0 -99.0 -99.0  18.2 -99.0  24.1 -99.0 -99.0 -99.0 -99.0 -99.0   506   -99   -99   -99   506   -99   506   -99   -99   -99   -99   -99 
2000 -99.0 -99.0 -99.0 -99.0 -99.0 -99.0 -99.0 -99.0 -99.0 -99.0 -99.0 -99.0   -99   -99   -99   -99   -99   -99   -99   -99   -99   -99   -99   -99 
2001   7.9 -99.0 -99.0 -99.0 -99.0 -99.0 -99.0 -99.0 -99.0 -99.0   8.4 -99.0   506   -99   -99   -99   -99   -99   -99   -99   -99   -99   506   -99 
2002 -99.0 -99.0 -99.0 -99.0 -99.0 -99.0 -99.0 -99.0 -99.0 -99.0 -99.0 -99.0   -99   -99   -99   -99   -99   -99   -99   -99   -99   -99   -99   -99 
2003 -99.0 -99.0 -99.0 -99.0 -99.0 -99.0 -99.0 -99.0 -99.0 -99.0 -99.0 -99.0   -99   -99   -99   -99   -99   -99   -99   -99   -99   -99   -99   -99 
2004 -99.0 -99.0 -99.0 -99.0 -99.0 -99.0 -99.0 -99.0 -99.0  16.3   9.4   6.7   -99   -99   -99   -99   -99   -99   -99   -99   -99   506   506   506 
2005   6.0   4.9   9.1  12.7  17.8  23.2  24.0  23.1  19.5 -99.0   8.9 -99.0   506   506   506   506   506   506   506   506   506   -99   506   -99 
2006   5.2   5.6   9.6  14.4  17.8  22.4  27.3  22.5  20.3  17.3  12.3   7.0   506   506   506   506   506   506   506   506   506   506   506   506 
2007   8.4   8.9  10.9  16.0  18.1  21.2  22.9  22.4  19.2  14.6   9.2   6.3   506   506   506   506   506   506   506   506   506   506   506   506 
2008   8.3   8.7   9.8  12.8  17.2  21.4  23.4  23.4  18.6  14.6   9.5   6.0   506   506   506   506   506   506   506   506   506   506   506   506 
2009   4.5   7.2  11.0  13.9  19.0  22.5  24.5  25.5  20.6  15.5  12.0   6.8   506   506   506   506   506   506   506   506   506   506   506   506 
2010   3.5   6.1   8.7  14.0  16.0  21.0  25.4  23.6  18.9  14.1   9.6   5.3   506   506   506   506   506   506   506   506   506   506   506   506 
2011   6.0   8.2  10.5  16.0  19.4  20.8  22.4  23.5  21.8  16.6  12.5   8.6   506   506   506   506   506   506   506   506   506   506   506   506 
2012   7.6   3.8  12.7  13.1  17.6  22.5  23.9  25.1  19.9  16.2  11.1   7.2   506   506   506   506   506   506   506   506   506   506   506   506 
2013   5.9   4.9   9.2  12.6  15.2  20.6  25.2  23.9  20.3  17.2   9.4   8.1   506   506   506   506   506   506   506   506   506   506   506   506 
2014   8.7   8.8  11.5  15.2  17.3  22.8  22.9  22.9  20.9  17.9  12.8   7.8   506   506   506   506   506   506   506   506   506   506   506   506 
