Number= 673350
Name= XAI_XAI
Country= MOZAMBIQUE
Lat=  -25.1
Long=  -33.6
Height= 5
Start year= 1951
End year= 2020
First Good year= 1951
Source ID= 99
Source file= Jones
Jones data to= 2015
Normals source= Data
Normals source start year= 1961
Normals source end year= 1990
Normals=  26.5  26.3  25.6  23.7  21.2  18.8  18.5  19.9  21.9  23.2  24.6  25.9 
Standard deviations source= Data
Standard deviations source start year= 1951
Standard deviations source end year= 1990
Standard deviations=   0.8   0.7   0.7   0.8   0.8   0.8   0.7   0.9   0.9   0.9   0.9   0.9 
Obs:
1951  25.0  25.7  24.9  24.5  21.3  18.4  16.8  18.7  21.1  24.1  24.3  26.2   506   506   506   506   506   506   506   506   506   506   506   506 
1952  27.1  26.0  25.7  24.5  21.6  19.7  19.0  20.5  21.6  23.8  24.1  25.6   506   506   506   506   506   506   506   506   506   506   506   506 
1953  27.2  26.6  25.1  23.9  21.0  18.1  17.2  19.9  19.7  23.7  25.1  25.9   506   506   506   506   506   506   506   506   506   506   506   506 
1954  25.8  26.3  24.5  23.0  20.7  17.8  17.9  18.4  22.5  24.6  24.4  25.4   506   506   506   506   506   506   506   506   506   506   506   506 
1955  25.8  26.3  24.9  23.6  21.2  18.7  18.8  19.4  20.5  22.2  23.3  24.8   506   506   506   506   506   506   506   506   506   506   506   506 
1956  24.7  26.1  25.9  23.7  21.8  18.9  18.0  20.4  20.2  22.9  24.2  24.6   506   506   506   506   506   506   506   506   506   506   506   506 
1957  26.2  26.5  24.8  23.5  20.3  17.7  19.2  19.1  22.9  25.0  26.7  25.4   506   506   506   506   506   506   506   506   506   506   506   506 
1958  27.4  27.4  25.9  25.1  22.3  18.7  18.2  19.4  21.7  23.2  26.6  25.1   506   506   506   506   506   506   506   506   506   506   506   506 
1959  26.0  25.6  24.5  24.0  21.4  19.3  18.3  19.2  20.4  22.8  23.6  26.1   506   506   506   506   506   506   506   506   506   506   506   506 
1960  24.9  25.4  24.6  22.6  20.0  18.6  17.0  20.4  21.2  24.3  24.0  25.5   506   506   506   506   506   506   506   506   506   506   506   506 
1961  26.7  26.3  26.4  24.4  22.2  19.5  18.7  18.8  22.2  22.9  23.7  24.0   506   506   506   506   506   506   506   506   506   506   506   506 
1962  25.3  25.5  25.3  23.4  19.8  19.2  18.1  20.9  22.7  25.1  25.4  25.5   506   506   506   506   506   506   506   506   506   506   506   506 
1963  25.2  25.4  24.1  22.4  19.7  18.0  17.5  19.3  22.7  23.8  24.6  25.7   506   506   506   506   506   506   506   506   506   506   506   506 
1964  25.8  26.4  25.8  23.2  19.9  17.3  17.0  18.7  21.6  24.0  25.2  24.6   506   506   506   506   506   506   506   506   506   506   506   506 
1965  25.3  26.1  25.2  23.0  20.5  17.2  18.0  20.6  21.3  21.7  23.6  26.1   506   506   506   506   506   506   506   506   506   506   506   506 
1966  27.0  26.5  25.3  22.8  20.5  19.7  18.9  19.9  21.7  22.4  24.6  26.0   506   506   506   506   506   506   506   506   506   506   506   506 
1967  26.8  26.2  25.6  24.6  21.9  19.2  17.8  19.3  20.4  22.6  24.3  24.5   506   506   506   506   506   506   506   506   506   506   506   506 
1968  26.6  26.1  24.5  22.5  21.1  16.4  19.0  20.5  21.3  23.5  23.3  26.6   506   506   506   506   506   506   506   506   506   506   506   506 
1969  27.9  28.5  26.1  24.3  21.0  19.2  18.7  19.7  20.8  23.8  25.3  25.0   506   506   506   506   506   506   506   506   506   506   506   506 
1970  26.2  25.5  24.5  22.7  21.0  18.9  19.0  21.0  23.6  22.4  26.3  28.0   506   506   506   506   506   506   506   506   506   506   506   506 
1971  26.3  24.9  25.8  24.7  20.4  18.4  18.3  19.6  21.9  22.7  23.4  25.6   506   506   506   506   506   506   506   506   506   506   506   506 
1972  26.8  25.3  25.3  23.9  20.5  18.5  18.1  19.3  22.1  23.1  23.1  26.9   506   506   506   506   506   506   506   506   506   506   506   506 
1973  26.6  25.9  26.5  22.5  21.0  18.9  18.3  19.4  21.7  23.2  24.1  24.8   506   506   506   506   506   506   506   506   506   506   506   506 
1974  27.2  26.7  26.0  22.5  21.2  18.8  18.8  20.2  21.0  23.6  24.9  25.2   506   506   506   506   506   506   506   506   506   506   506   506 
1975  26.3  26.1  24.6  23.4  21.9  18.9  18.2  19.4  22.0  23.0  24.3  25.9   506   506   506   506   506   506   506   506   506   506   506   506 
1976  25.8  26.4  25.9  23.7  20.4  19.6  18.9  18.6  21.0  23.0  26.3  26.8   506   506   506   506   506   506   506   506   506   506   506   506 
1977  27.6  27.0  25.3  24.2  21.8  19.6  18.1  19.7  22.3  24.1  24.8  26.9   506   506   506   506   506   506   506   506   506   506   506   506 
1978  26.5  27.1  26.8  23.6  21.0  18.3  18.3  22.2  21.8  23.6  24.3  25.4   506   506   506   506   506   506   506   506   506   506   506   506 
1979  26.1  26.5  25.2  24.2  21.7  19.2  17.7  20.2  21.6  24.6  24.9  25.3   506   506   506   506   506   506   506   506   506   506   506   506 
1980  26.2  27.4  25.5  23.9  21.5  18.3  17.0  19.3  21.8  22.9  25.5  27.1   506   506   506   506   506   506   506   506   506   506   506   506 
1981  28.1  26.1  25.9  23.4  20.6  17.9  18.2  19.1  21.2  21.5  24.8  25.0   506   506   506   506   506   506   506   506   506   506   506   506 
1982  26.7  26.2  25.4  23.5  21.2  19.0  19.3  20.2  21.1  22.9  24.5  26.7   506   506   506   506   506   506   506   506   506   506   506   506 
1983  27.5  27.6  26.8  25.3  22.7  20.2  19.4  19.1  23.4  22.7  25.5  25.3   506   506   506   506   506   506   506   506   506   506   506   506 
1984  26.1  25.4  24.9  22.9  22.2  18.8  19.2  19.5  21.9  23.7  23.9  26.1   506   506   506   506   506   506   506   506   506   506   506   506 
1985  26.3  26.2  25.6  23.3  20.6  19.5  19.2  19.9  22.5  24.2  25.4  26.3   506   506   506   506   506   506   506   506   506   506   506   506 
1986  25.9  25.7  25.6  24.1  21.6  19.3  18.6  21.1  22.1  23.3  24.2  26.4   506   506   506   506   506   506   506   506   506   506   506   506 
1987  26.6  27.9  26.3  25.3  23.6  19.1  18.6  20.0  22.1  21.6  25.4  27.6   506   506   506   506   506   506   506   506   506   506   506   506 
1988  27.2  27.0  26.7  25.0  21.7  18.9  19.6  20.7  22.8  23.7  23.5  24.8   506   506   506   506   506   506   506   506   506   506   506   506 
1989  25.6  26.4  26.1  23.4  22.0  19.9  19.0  21.9  22.4  23.9  24.4  25.8   506   506   506   506   506   506   506   506   506   506   506   506 
1990  26.4  25.7  26.1  23.5  21.7 -99.0 -99.0 -99.0 -99.0 -99.0 -99.0 -99.0   506   506   506   506   506   -99   -99   -99   -99   -99   -99   -99 
1991 -99.0 -99.0 -99.0 -99.0 -99.0 -99.0 -99.0 -99.0 -99.0 -99.0 -99.0 -99.0   -99   -99   -99   -99   -99   -99   -99   -99   -99   -99   -99   -99 
1992 -99.0 -99.0 -99.0 -99.0 -99.0 -99.0 -99.0 -99.0 -99.0 -99.0 -99.0 -99.0   -99   -99   -99   -99   -99   -99   -99   -99   -99   -99   -99   -99 
1993 -99.0 -99.0 -99.0 -99.0 -99.0 -99.0 -99.0 -99.0 -99.0 -99.0 -99.0 -99.0   -99   -99   -99   -99   -99   -99   -99   -99   -99   -99   -99   -99 
1994 -99.0 -99.0 -99.0 -99.0 -99.0 -99.0 -99.0 -99.0 -99.0 -99.0 -99.0 -99.0   -99   -99   -99   -99   -99   -99   -99   -99   -99   -99   -99   -99 
1995 -99.0 -99.0 -99.0 -99.0 -99.0 -99.0 -99.0 -99.0 -99.0 -99.0 -99.0 -99.0   -99   -99   -99   -99   -99   -99   -99   -99   -99   -99   -99   -99 
1996 -99.0 -99.0 -99.0 -99.0 -99.0 -99.0 -99.0 -99.0 -99.0 -99.0 -99.0 -99.0   -99   -99   -99   -99   -99   -99   -99   -99   -99   -99   -99   -99 
1997 -99.0 -99.0 -99.0 -99.0 -99.0 -99.0 -99.0 -99.0 -99.0 -99.0 -99.0 -99.0   -99   -99   -99   -99   -99   -99   -99   -99   -99   -99   -99   -99 
1998 -99.0 -99.0 -99.0 -99.0 -99.0 -99.0 -99.0 -99.0 -99.0 -99.0 -99.0 -99.0   -99   -99   -99   -99   -99   -99   -99   -99   -99   -99   -99   -99 
1999 -99.0 -99.0 -99.0 -99.0 -99.0 -99.0 -99.0 -99.0 -99.0 -99.0 -99.0 -99.0   -99   -99   -99   -99   -99   -99   -99   -99   -99   -99   -99   -99 
2000 -99.0 -99.0 -99.0 -99.0 -99.0 -99.0 -99.0 -99.0 -99.0 -99.0 -99.0 -99.0   -99   -99   -99   -99   -99   -99   -99   -99   -99   -99   -99   -99 
2001 -99.0 -99.0 -99.0 -99.0 -99.0 -99.0 -99.0 -99.0 -99.0 -99.0 -99.0 -99.0   -99   -99   -99   -99   -99   -99   -99   -99   -99   -99   -99   -99 
2002 -99.0 -99.0 -99.0 -99.0 -99.0 -99.0 -99.0 -99.0 -99.0 -99.0 -99.0 -99.0   -99   -99   -99   -99   -99   -99   -99   -99   -99   -99   -99   -99 
2003 -99.0 -99.0 -99.0 -99.0 -99.0 -99.0 -99.0 -99.0 -99.0 -99.0 -99.0 -99.0   -99   -99   -99   -99   -99   -99   -99   -99   -99   -99   -99   -99 
2004 -99.0 -99.0 -99.0 -99.0 -99.0 -99.0 -99.0 -99.0 -99.0 -99.0 -99.0 -99.0   -99   -99   -99   -99   -99   -99   -99   -99   -99   -99   -99   -99 
2005 -99.0 -99.0 -99.0 -99.0 -99.0 -99.0 -99.0 -99.0 -99.0 -99.0 -99.0 -99.0   -99   -99   -99   -99   -99   -99   -99   -99   -99   -99   -99   -99 
2006 -99.0 -99.0 -99.0 -99.0 -99.0 -99.0 -99.0 -99.0 -99.0 -99.0 -99.0 -99.0   -99   -99   -99   -99   -99   -99   -99   -99   -99   -99   -99   -99 
2007 -99.0 -99.0 -99.0 -99.0 -99.0 -99.0 -99.0  21.1 -99.0 -99.0 -99.0 -99.0   -99   -99   -99   -99   -99   -99   -99   506   -99   -99   -99   -99 
2008 -99.0 -99.0 -99.0  22.7  21.1 -99.0  19.3  21.7  22.7  23.3  25.2  25.9   -99   -99   -99   506   506   -99   506   506   506   506   506   506 
2009  28.0  26.5  24.3  22.6  21.0  20.2  19.5 -99.0  22.5 -99.0 -99.0 -99.0   506   506   506   506   506   506   506   -99   506   -99   -99   -99 
2010  22.9 -99.0 -99.0 -99.0 -99.0 -99.0 -99.0 -99.0  22.4 -99.0 -99.0 -99.0   900   -99   -99   -99   -99   -99   -99   -99   900   -99   -99   -99 
2011 -99.0 -99.0 -99.0 -99.0 -99.0 -99.0 -99.0 -99.0 -99.0 -99.0 -99.0 -99.0   -99   -99   -99   -99   -99   -99   -99   -99   -99   -99   -99   -99 
2012 -99.0 -99.0 -99.0 -99.0  21.8  19.7  19.5 -99.0 -99.0 -99.0 -99.0 -99.0   -99   -99   -99   -99   506   506   506   -99   -99   -99   -99   -99 
2013 -99.0  26.5  25.6  22.9 -99.0 -99.0 -99.0  21.4  23.2  22.5  24.6  25.2   -99   506   506   506   -99   -99   -99   506   506   506   506   506 
2014 -99.0  26.6  27.3  23.8  21.5  20.3 -99.0  20.9  23.6  22.5 -99.0  25.8   -99   506   506   506   506   506   -99   506   506   506   -99   506 
2015 -99.0 -99.0  26.1  24.1  22.2  20.6 -99.0  21.4  23.3  25.2  14.9  27.3   -99   -99   506   506   506   506   -99   506   506   506   506   900 
2016  26.8  27.0  27.6 -99.0 -99.0 -99.0  19.6 -99.0 -99.0 -99.0 -99.0 -99.0   900   900   900   -99   -99   -99   900   -99   -99   -99   -99   -99 
2017  26.7  27.0 -99.0  23.8  21.4  20.6  20.4 -99.0  22.6  23.4  23.7  25.3   900   900   -99   900   900   903   900   -99   900   900   903   902 
2018  25.4  26.5  26.0  24.2  22.3  20.7  19.8  22.9  24.6  22.2  24.3  27.0   900   900   900   900   902   900   900   900   900   900   900   900 
2019  26.7  26.6 -99.0  24.5  21.5  20.8  20.6  22.4  21.9  24.6  26.1 -99.0   900   900   -99   900   900   900   900   900   900   900   900   -99 
2020  27.4  27.1  25.5  24.6  21.6  19.7  19.6  20.9  21.7  23.1  25.9 -99.0   900   900   900   900   900   900   900   900   900   900   900   -99 
