Number= 679650
Name= BULAWAYO-AIRPORT----
Country= ZIMBABWE-----
Lat=  -20.0
Long=  -28.6
Height= 1326
Start year= 1977
End year= 2010
First Good year= 1977
Source ID= 82
Source file= Jones
Jones data to= 2010
Normals source start year= 1977
Normals source end year= 1990
Normals= -99.0 -99.0 -99.0 -99.0 -99.0 -99.0 -99.0 -99.0 -99.0 -99.0 -99.0 -99.0 
Standard deviations source= Data
Standard deviations source start year= 1977
Standard deviations source end year= 1990
Obs:
1977 -99.0 -99.0 -99.0 -99.0 -99.0 -99.0 -99.0 -99.0 -99.0  23.3  23.1  21.4   -99   -99   -99   -99   -99   -99   -99   -99   -99   506   506   506 
1978  21.1  22.0  21.4  19.2  17.1  13.6  13.9  19.5  21.2  22.3  21.7  20.8   506   506   506   506   506   506   506   506   506   506   506   506 
1979  21.6  22.7  21.4  20.3  17.8  14.9  14.1  18.5  21.4  23.3  21.6  21.2   506   506   506   506   506   506   506   506   506   506   506   506 
1980  22.9  23.2  21.2  20.3  18.4  14.3  13.9  16.9  20.2  22.4  23.1  22.7   506   506   506   506   506   506   506   506   506   506   506   506 
1981  22.7  21.2  21.3  19.2  15.9  14.3  15.0  17.7  19.3  20.1  24.3  22.7   506   506   506   506   506   506   506   506   506   506   506   506 
1982  23.4  23.0  22.6  21.1  17.6  16.2  15.0  17.5  19.6  20.9  23.1  24.2   506   506   506   506   506   506   506   506   506   506   506   506 
1983  25.2  23.9  23.1 -99.0  19.2  17.1  15.8  16.0  22.3  22.0  25.1  23.1   506   506   506   -99   506   506   506   506   506   506   506   506 
1984  24.3  23.2  22.8  19.8  18.8  14.9  15.6  17.5  22.1  23.3  21.6  22.7   506   506   506   506   506   506   506   506   506   506   506   506 
1985 -99.0  21.5  22.6  20.2  17.7  14.9  15.3  17.2  20.3  22.4  22.9  22.5   -99   506   506   506   506   506   506   506   506   506   506   506 
1986  22.5  22.7  22.8  19.9  17.5  15.1  15.7  18.6  20.6  22.3  23.1  22.7   506   506   506   506   506   506   506   506   506   506   506   506 
1987  23.3  24.3  24.3  22.5  20.0  14.4  14.8  17.7  22.1  21.8  24.7  22.9   506   506   506   506   506   506   506   506   506   506   506   506 
1988  23.7  22.8  21.8  21.3  17.3  15.6  15.6  17.9  21.2  22.7  22.1  22.3   506   506   506   506   506   506   506   506   506   506   506   506 
1989  22.9  21.8  21.9  19.2  18.2  16.1  15.6  18.6  20.8  21.9  22.1  23.2   506   506   506   506   506   506   506   506   506   506   506   506 
1990  22.4  22.1  23.3  20.9  18.0  17.1  17.3  17.2  19.6  23.9  23.7  23.7   506   506   506   506   506   506   506   506   506   506   506   506 
1991  23.0  23.4  22.0  18.9  17.9  16.1  15.4  18.4  22.5  23.6  23.4  22.7   506   506   506   506   506   506   506   506   506   506   506   506 
1992  24.5  25.5  23.9  22.4  19.7  16.3  15.7  17.0  22.7  24.0  23.2  22.9   506   506   506   506   506   506   506   506   506   506   506   506 
1993  22.3  22.1  21.5  21.3  20.1  16.3  15.7  17.3  20.9  24.4  22.4  22.8   506   506   506   506   506   506   506   506   506   506   506   506 
1994  22.3  22.0  22.9  21.1  18.0  15.3  13.7  16.7  21.5  21.0  24.6  24.0   506   506   506   506   506   506   506   506   506   506   506   506 
1995  23.7  23.7  23.0  21.0  17.5  15.4  15.7  18.8  21.9  25.6  24.5  22.1   506   506   506   506   506   506   506   506   506   506   506   506 
1996  22.5  21.3  20.6  18.4  16.5  14.6  14.8  17.8  21.6  24.2  22.9  22.1   506   506   506   506   506   506   506   506   506   506   506   506 
1997  21.4  21.2  20.9  18.9  15.9  16.5  14.4  18.2  21.3  20.9  23.6  23.7   506   506   506   506   506   506   506   506   506   506   506   506 
1998  22.1  23.0  23.4  21.4  18.6  16.5  16.0  17.0  21.5  23.7  22.8  21.2   506   506   506   506   506   506   506   506   506   506   506   506 
1999  22.5  21.4  21.9  20.9  19.2  16.6  15.8  17.7  20.1  21.9  23.4  22.7   506   506   506   506   506   506   506   506   506   506   506   506 
2000  22.3  21.9  22.7  19.9  17.1  16.0  14.5  16.3  21.6  23.1  22.4  22.5   506   506   506   506   506   506   506   506   506   506   506   506 
2001  23.7  22.0  21.4  21.1  18.1  15.9  14.5  19.5  21.8  23.2  22.8  22.9   506   506   506   506   506   506   506   506   506   506   506   506 
2002  23.9  24.3  23.6  21.0  18.5  15.1  17.0  18.6  20.5  23.0  22.3  23.6   506   506   506   506   506   506   506   506   506   506   506   506 
2003  24.6  24.0  22.0  20.3  18.3  15.4  14.7  17.7  21.6  23.2  24.2  23.7   506   506   506   506   506   506   506   506   506   506   506   506 
2004  24.1  22.9  21.7  20.2  16.7  15.1  15.2  19.1  20.6  22.5  24.8  23.2   506   506   506   506   506   506   506   506   506   506   506   506 
2005  23.8  24.3  23.5  21.7  19.3  18.1  15.9  20.9  22.3  24.5  24.6  21.8   506   506   506   506   506   506   506   506   506   506   506   506 
2006  23.3  22.7  21.1  19.9  17.0  16.5  16.5  18.7  22.3  25.3  23.1  23.3   506   506   506   506   506   506   506   506   506   506   506   506 
2007  22.3  16.0  23.5  22.9  18.4  20.2  15.1  18.5  22.3  29.8  23.5  21.1   506   506   506   506   506   506   506   506   506   506   506   506 
2008  22.3  22.8  22.5  19.9  18.5  16.5  16.5  18.7  22.3  25.3  24.4  23.5   506   506   506   506   506   506   506   506   506   506   506   506 
2009  23.6  22.6  20.9  19.6  18.2 -99.0  14.9  18.2  22.5  24.6  23.4  24.1   506   506   506   506   506   -99   506   506   506   506   506   506 
2010  24.5  24.3  22.5  21.4  19.4  15.2  15.7  16.4 -99.0  24.8  24.0  22.8   506   506   506   506   506   506   506   506   -99   506   506   506 
