Number= 202940
Name= GEYBERGA_ISLAND
Country= RUSSIA
Lat=   77.6
Long= -101.5
Height= 6
Start year= 1952
End year= 1995
First Good year= 1952
Source ID= 99
Source file= Jones
Jones data to= 1995
Normals source= Data
Normals source start year= 1961
Normals source end year= 1990
Normals= -28.8 -29.5 -28.3 -21.3 -11.2  -1.5   1.4   0.5  -2.6 -11.9 -21.9 -25.4 
Standard deviations source= Data
Standard deviations source start year= 1952
Standard deviations source end year= 1990
Standard deviations=   3.6   3.4   2.7   2.4   1.9   0.8   0.7   0.7   1.3   2.6   3.7   4.0 
Obs:
1952 -26.6 -25.0 -28.8 -21.0  -9.6  -1.5   1.0   0.6  -0.1 -10.0 -18.1 -26.2   506   506   506   506   506   506   506   506   506   506   506   506 
1953 -29.8 -25.1 -25.8 -17.9  -7.7   0.2   2.4   0.1  -2.6  -8.4 -14.9 -21.0   506   506   506   506   506   506   506   506   506   506   506   506 
1954 -25.3 -28.7 -31.1 -19.0  -8.0  -0.1   1.6   1.6  -1.8  -6.6 -16.7 -16.8   506   506   506   506   506   506   506   506   506   506   506   506 
1955 -19.0 -30.4 -29.8 -21.2 -12.2  -1.0   2.3   0.8  -2.2 -10.1 -24.5 -28.3   506   506   506   506   506   506   506   506   506   506   506   506 
1956 -28.2 -21.4 -23.9 -22.5 -12.7  -1.3   0.6  -0.1  -2.7 -15.6 -14.5 -20.2   506   506   506   506   506   506   506   506   506   506   506   506 
1957 -29.2 -29.2 -28.8 -22.0 -10.0  -0.6 -99.0 -99.0 -99.0 -99.0 -99.0 -99.0   506   506   506   506   506   506   -99   -99   -99   -99   -99   -99 
1958 -99.0 -99.0 -99.0 -99.0 -99.0 -99.0 -99.0 -99.0 -99.0 -14.0 -28.7 -31.4   -99   -99   -99   -99   -99   -99   -99   -99   -99   506   506   506 
1959 -34.4 -30.2 -26.2 -19.4 -10.3   0.0   2.6   1.9  -0.8  -9.0 -16.8 -24.4   506   506   506   506   506   506   506   506   506   506   506   506 
1960 -27.2 -31.6 -31.4 -22.6  -8.8   0.3   1.4   0.0  -3.4 -12.8 -21.1 -21.2   506   506   506   506   506   506   506   506   506   506   506   506 
1961 -31.3 -29.6 -26.4 -19.9 -12.5  -1.2   1.8   0.7  -1.5 -10.0 -19.8 -27.2   506   506   506   506   506   506   506   506   506   506   506   506 
1962 -33.0 -29.9 -25.3 -19.7 -12.7  -2.9   1.0   0.4  -2.9 -12.9 -21.6 -27.5   506   506   506   506   506   506   506   506   506   506   506   506 
1963 -30.8 -33.3 -33.2 -24.5 -13.4  -2.7   0.8   0.4  -5.6 -14.8 -22.8 -27.0   506   506   506   506   506   506   506   506   506   506   506   506 
1964 -33.9 -21.6 -33.3 -23.1 -15.4  -2.8   1.0   0.8  -1.7 -10.3 -22.5 -22.1   506   506   506   506   506   506   506   506   506   506   506   506 
1965 -30.1 -32.2 -28.6 -20.3 -14.0  -0.8   3.8   1.1  -0.8 -10.9 -20.0 -28.7   506   506   506   506   506   506   506   506   506   506   506   506 
1966 -33.8 -30.5 -32.0 -22.7 -13.5  -2.7   1.4   1.0  -2.6 -17.0 -22.5 -16.5   506   506   506   506   506   506   506   506   506   506   506   506 
1967 -32.0 -33.4 -25.6 -21.0 -11.0  -1.6   1.3   0.2  -2.4  -7.9 -15.5 -19.8   506   506   506   506   506   506   506   506   506   506   506   506 
1968 -22.8 -25.9 -27.3 -19.1 -10.8  -2.0   1.1   0.6  -2.7 -14.4 -27.6 -31.1   506   506   506   506   506   506   506   506   506   506   506   506 
1969 -27.6 -33.2 -32.1 -24.7 -10.4  -1.2   2.6   0.6  -3.1 -12.2 -18.7 -22.2   506   506   506   506   506   506   506   506   506   506   506   506 
1970 -29.0 -30.0 -27.4 -24.0 -13.4  -1.8   1.8   0.1  -4.2 -12.4 -18.9 -25.6   506   506   506   506   506   506   506   506   506   506   506   506 
1971 -29.9 -27.5 -27.1 -21.5  -9.2  -1.6   1.6   2.1  -0.4 -12.7 -20.3 -22.0   506   506   506   506   506   506   506   506   506   506   506   506 
1972 -25.6 -27.5 -26.0 -20.1 -11.8  -1.8   0.9  -0.8  -3.2 -12.7 -23.9 -26.1   506   506   506   506   506   506   506   506   506   506   506   506 
1973 -26.7 -27.6 -23.5 -19.3 -11.0  -1.3   0.9   0.9  -3.2 -14.6 -25.1 -29.5   506   506   506   506   506   506   506   506   506   506   506   506 
1974 -30.6 -29.5 -24.6 -17.2  -9.3  -1.7   0.8  -0.2  -2.9 -14.9 -24.7 -26.9   506   506   506   506   506   506   506   506   506   506   506   506 
1975 -28.8 -30.6 -29.6 -19.6 -10.5  -1.7   1.8   0.6  -0.4 -11.5 -19.6 -17.6   506   506   506   506   506   506   506   506   506   506   506   506 
1976 -25.2 -99.0 -24.9 -16.0 -10.9  -1.2   0.3  -0.6  -2.1 -12.4 -21.4 -29.8   506   -99   506   506   506   506   506   506   506   506   506   506 
1977 -26.4 -32.4 -32.4 -23.8  -8.1  -0.6   1.0  -0.5  -3.1 -15.0 -23.6 -23.7   506   506   506   506   506   506   506   506   506   506   506   506 
1978 -31.4 -32.8 -32.2 -20.5 -12.1  -0.5   1.5  -0.4  -1.2  -8.5 -18.2 -29.5   506   506   506   506   506   506   506   506   506   506   506   506 
1979 -34.2 -38.2 -30.0 -25.4 -13.7  -1.3   2.6   0.3  -3.5 -12.6 -23.4 -24.8   506   506   506   506   506   506   506   506   506   506   506   506 
1980 -28.6 -27.8 -26.9 -20.2  -8.8  -1.9   1.2  -0.4  -3.1 -11.2 -25.4 -26.8   506   506   506   506   506   506   506   506   506   506   506   506 
1981 -22.1 -29.8 -28.6 -20.1 -11.5  -0.6   1.3   0.5  -4.5 -12.1 -17.1 -28.6   506   506   506   506   506   506   506   506   506   506   506   506 
1982 -31.8 -29.9 -29.8 -20.9 -11.5  -2.0   1.5   1.1  -1.4 -10.9 -23.6 -24.7   506   506   506   506   506   506   506   506   506   506   506   506 
1983 -26.3 -27.7 -24.2 -23.1 -10.4  -1.6   1.1   1.1  -2.5  -9.7 -18.8 -26.1   506   506   506   506   506   506   506   506   506   506   506   506 
1984 -20.5 -25.6 -27.5 -25.7 -11.1  -1.1   2.3   1.0  -0.7  -8.2 -21.0 -23.2   506   506   506   506   506   506   506   506   506   506   506   506 
1985 -26.8 -25.6 -27.9 -22.5 -12.1  -0.1   1.9   1.7  -0.7  -7.1 -16.0 -20.4   506   506   506   506   506   506   506   506   506   506   506   506 
1986 -29.8 -29.9 -26.9 -22.3 -10.6  -2.0   1.8   0.1  -4.3 -10.0 -20.9 -28.4   506   506   506   506   506   506   506   506   506   506   506   506 
1987 -30.7 -33.8 -30.2 -17.1  -9.4  -1.9   1.5   0.7  -3.0  -9.7 -23.6 -27.8   506   506   506   506   506   506   506   506   506   506   506   506 
1988 -27.0 -24.2 -30.2 -24.8  -9.0  -0.2   0.8  -0.1  -5.5 -15.9 -25.0 -21.5   506   506   506   506   506   506   506   506   506   506   506   506 
1989 -30.0 -26.5 -28.2 -22.3  -8.2  -2.5   0.3   0.2  -3.0 -14.0 -29.6 -27.6   506   506   506   506   506   506   506   506   506   506   506   506 
1990 -27.9 -28.1 -26.2 -17.1  -9.4  -1.0   1.6   1.0  -1.9 -11.8 -25.1 -29.8   506   506   506   506   506   506   506   506   506   506   506   506 
1991 -29.1 -33.3 -26.1 -26.0 -10.7  -1.7   2.1   0.7  -1.2 -17.6 -21.2 -21.7   506   506   506   506   506   506   506   506   506   506   506   506 
1992 -31.7 -29.3 -26.4 -21.5  -8.1  -3.7   0.9  -1.0  -5.9 -17.9 -25.6 -31.6   506   506   506   506   506   506   506   506   506   506   506   506 
1993 -27.9 -99.0 -99.0 -99.0  -8.6  -0.3  -0.5   1.1  -1.4 -13.0 -23.0 -26.9   506   -99   -99   -99   506   506   506   506   506   506   506   506 
1994 -29.9 -31.9 -28.4 -20.9 -12.3  -2.4   0.6  -0.4  -5.0  -8.9 -21.7 -21.4   506   506   506   506   506   506   506   506   506   506   506   506 
1995 -27.7 -21.4 -21.9 -14.5  -9.1  -0.5   2.5   1.4  -1.4  -8.0 -21.0 -25.7   506   506   506   506   506   506   506   506   506   506   506   506 
