Number= 040910
Name= KOLLALEIRA
Country= ICELAND
Lat=   65.0
Long=   14.2
Height= 41
Start year= 1976
End year= 2015
First Good year= 1976
Source ID= 95
Source file= Jones
Jones data to= 2015
Normals source start year= 1976
Normals source end year= 1990
Normals= -99.0 -99.0 -99.0 -99.0 -99.0 -99.0 -99.0 -99.0 -99.0 -99.0 -99.0 -99.0 
Standard deviations source= Data
Standard deviations source start year= 1976
Standard deviations source end year= 1990
Obs:
1976 -99.0 -99.0 -99.0 -99.0 -99.0 -99.0 -99.0  11.7   7.6   6.0   2.6  -1.8   -99   -99   -99   -99   -99   -99   -99   506   506   506   506   506 
1977  -1.1  -0.3   1.0  -0.4   5.4   8.8   9.6   8.7   6.5   4.8  -1.0   1.0   506   506   506   506   506   506   506   506   506   506   506   506 
1978  -2.5  -2.0   0.6   1.7   5.8   7.9   9.3   9.6   6.7   3.4   0.4   1.0   506   506   506   506   506   506   506   506   506   506   506   506 
1979  -5.1  -1.0  -4.9   0.7   0.1   8.7   7.9   7.6   4.4   4.6   0.1   0.2   506   506   506   506   506   506   506   506   506   506   506   506 
1980  -0.8   0.5   0.3   3.7   6.1   7.8   8.8   9.3   7.0   1.5   0.2  -2.6   506   506   506   506   506   506   506   506   506   506   506   506 
1981  -2.8  -1.7  -1.3   3.1   3.9   6.8   8.5   9.9   6.5   0.3  -0.7  -1.7   506   506   506   506   506   506   506   506   506   506   506   506 
1982  -1.3   2.2   0.9   3.1   2.8   7.0  11.4   8.1   5.2   4.1  -0.2  -1.1   506   506   506   506   506   506   506   506   506   506   506   506 
1983  -1.9   0.9  -0.9  -1.6   3.6   8.1   9.9   9.5   5.0   2.4   0.1  -0.8   506   506   506   506   506   506   506   506   506   506   506   506 
1984  -2.7   1.7   0.6   4.0   5.9   9.3  12.0  11.2   7.2   3.1   1.5   1.6   506   506   506   506   506   506   506   506   506   506   506   506 
1985  -1.2  -0.2  -0.7   1.8   5.8   7.4   9.0   8.4   5.3   5.4  -1.4  -2.3   506   506   506   506   506   506   506   506   506   506   506   506 
1986  -0.3  -0.6   1.1   2.0   3.9  10.5  10.3   9.4   6.4   2.7   0.6   0.1   506   506   506   506   506   506   506   506   506   506   506   506 
1987   1.9  -0.9   0.2   3.7   6.4   7.1  10.3   9.6   7.2   2.9   3.3   1.3   506   506   506   506   506   506   506   506   506   506   506   506 
1988  -3.7  -2.4  -2.1  -1.3   4.8  10.2   8.9   9.8   7.4   3.3   1.0  -0.2   506   506   506   506   506   506   506   506   506   506   506   506 
1989   0.7  -2.3  -0.8   1.7   4.7   8.3  11.0   9.1   7.5   4.1   1.9   0.7   506   506   506   506   506   506   506   506   506   506   506   506 
1990   1.1  -0.9  -1.9   0.3   6.3   8.3   9.8  10.0   6.3   4.2   1.9  -0.2   506   506   506   506   506   506   506   506   506   506   506   506 
1991   2.1   1.2   2.2   0.8   7.8   7.4  11.6  10.6   7.4   4.9   0.5   1.1   506   506   506   506   506   506   506   506   506   506   506   506 
1992   3.1   0.0  -0.5   1.4   5.3   9.1   8.9   8.7   7.2   3.9   0.8   0.1   506   506   506   506   506   506   506   506   506   506   506   506 
1993  -2.3   0.5   1.7   2.9   4.9   6.8   8.0   8.4   7.8   3.5   5.5  -1.5   506   506   506   506   506   506   506   506   506   506   506   506 
1994  -2.1   1.2  -1.2   1.3   6.3   7.8  11.3  10.4   6.6   3.0   3.4   0.0   506   506   506   506   506   506   506   506   506   506   506   506 
1995  -1.3  -2.1  -1.9   0.2   3.7  10.2   9.3  10.9   6.6   3.5   1.4  -1.0   506   506   506   506   506   506   506   506   506   506   506   506 
1996   2.1  -1.1   2.5   3.1   4.8   7.9  10.4   9.6  10.8   4.3  -2.5  -1.6   506   506   506   506   506   506   506   506   506   506   506   506 
1997   0.8  -1.1   0.1   2.3   4.0   7.2  10.3  10.3   8.1   3.2   3.5   2.0   506   506   506   506   506   506   506   506   506   506   506   506 
1998  -0.2  -2.1  -1.8   0.6   6.5   6.8   8.6   9.8   6.7   2.4   1.8   1.1   506   506   506   506   506   506   506   506   506   506   506   506 
1999  -0.7  -1.6  -1.9   0.7   5.7   9.3  10.9  10.5   8.1   5.0   1.9  -1.4   506   506   506   506   506   506   506   506   506   506   506   506 
2000   1.5  -1.0  -0.6  -1.0   6.2   7.3  11.0  10.5   8.2   5.0   1.8   0.2   506   506   506   506   506   506   506   506   506   506   506   506 
2001   2.3  -0.2  -2.0   1.2   6.1   7.2   9.9   9.4   7.8   6.1   1.0   1.4   506   506   506   506   506   506   506   506   506   506   506   506 
2002   0.9  -3.0  -1.3   3.8   5.0   9.0  10.2  10.0   8.1   4.5   4.2   3.2   506   506   506   506   506   506   506   506   506   506   506   506 
2003  -0.7   3.1   3.9   4.9   4.8   8.5  10.7  11.7   8.4   4.0   3.0  -0.9   506   506   506   506   506   506   506   506   506   506   506   506 
2004  -1.0  -0.2   3.8   4.8   5.6   8.7  11.0  11.3   8.9   4.1   1.1  -0.7   506   506   506   506   506   506   506   506   506   506   506   506 
2005   0.0   0.3   1.5   2.2   4.0   8.8  11.3   9.4   5.4   2.9   0.4   2.1   506   506   506   506   506   506   506   506   506   506   506   506 
2006   1.9   1.4  -0.8   1.9   4.7  10.2  10.9  10.6   9.1   4.8   0.2   3.4   506   506   506   506   506   506   506   506   506   506   506   506 
2007  -0.7  -0.4   2.4   4.8   4.4   9.0   9.7   9.1   6.8   6.0   0.8   1.7   506   506   506   506   506   506   506   506   506   506   506   506 
2008  -0.8   0.4  -1.1   1.0   7.0   8.3  11.1  10.3   9.7   2.2   1.7   0.4   506   506   506   506   506   506   506   506   506   506   506   506 
2009   1.4  -1.2  -0.6   3.7   6.9   8.0  10.4  10.2   8.3   4.1   2.7   0.7   506   506   506   506   506   506   506   506   506   506   506   506 
2010   1.5  -1.6   1.2   1.1   5.7   9.0  10.0   9.9   8.8   4.8   0.4  -0.5   506   506   506   506   506   506   506   506   506   506   506   506 
2011   0.8   1.9   0.3   6.1   4.9   7.1   9.7   9.0   8.0   4.7   4.3  -2.7   506   506   506   506   506   506   506   506   506   506   506   506 
2012   0.9   3.3   3.5   1.1   4.7   6.9   9.8  10.3   6.6   2.9   0.7  -0.1   506   506   506   506   506   506   506   506   506   506   506   506 
2013   0.0   2.8  -0.9   0.1   5.0  10.1  11.0  10.0   6.8   3.6   1.0  -0.5   506   506   506   506   506   506   506   506   506   506   506   506 
2014   2.7   1.0   1.8   4.0   5.6  10.1  11.4   9.9   9.9   4.1   4.8  -0.4   506   506   506   506   506   506   506   506   506   506   506   506 
2015  -0.3   0.7   1.4   2.9   3.6   7.2   8.3  10.0   9.5   5.8   1.7   0.1   506   506   506   506   506   506   506   506   506   506   506   506 
