Number= 043500
Name= APUTITEEQ
Country= GREENLAND
Lat=   67.8
Long=   32.3
Height= 20
Start year= 1958
End year= 1987
First Good year= 1958
Source ID= 48
Source file= Jones
Jones data to= 1987
Normals source= Data
Normals source start year= 1961
Normals source end year= 1987
Normals= -10.5 -11.2 -11.4  -7.1  -1.7   1.0   2.2   2.4   0.4  -2.6  -7.2  -9.7 
Standard deviations source= Data
Standard deviations source start year= 1958
Standard deviations source end year= 1987
Standard deviations=   3.7   2.4   3.1   1.6   1.2   0.6   0.6   0.8   1.0   1.5   2.2   2.5 
Obs:
1958 -10.9 -11.8  -7.3  -5.4  -2.0   0.6   2.0   2.6   1.6  -1.8  -6.0  -8.7   506   506   506   506   506   506   506   506   506   506   506   506 
1959 -17.3  -9.9  -7.4  -9.7  -1.5   1.1   1.5   2.0   0.5   0.0  -5.2  -7.5   506   506   506   506   506   506   506   506   506   506   506   506 
1960  -6.3 -11.4  -6.2  -6.9  -0.5   1.4   3.0   1.5   1.5  -1.9  -1.8  -7.3   506   506   506   506   506   506   506   506   506   506   506   506 
1961  -7.2 -11.2 -12.4  -8.4  -0.2   2.0   2.9   2.5   0.8  -1.0  -4.4  -8.2   506   506   506   506   506   506   506   506   506   506   506   506 
1962  -7.1  -9.6 -13.0  -5.0  -0.8   0.5   2.1   2.3   0.0  -4.5  -7.0  -9.6   506   506   506   506   506   506   506   506   506   506   506   506 
1963 -11.8 -13.3  -7.1  -5.6  -2.6   1.4   2.6   1.5   0.1  -1.6  -9.5  -9.4   506   506   506   506   506   506   506   506   506   506   506   506 
1964  -7.3  -6.7  -6.1  -5.9  -2.5   0.3   1.6   2.8   0.1  -1.8  -7.7  -8.1   506   506   506   506   506   506   506   506   506   506   506   506 
1965 -12.6  -6.6 -13.3  -6.7  -1.8   0.2   2.5   2.2  -0.8  -2.7  -6.6 -12.0   506   506   506   506   506   506   506   506   506   506   506   506 
1966 -13.6 -11.6 -13.3  -6.4  -2.9   1.2   2.3   3.4   0.5  -2.8  -7.0  -9.9   506   506   506   506   506   506   506   506   506   506   506   506 
1967 -11.2  -9.9 -15.4  -8.6  -2.0   0.8   1.5   1.2   0.3  -4.3  -7.3 -10.1   506   506   506   506   506   506   506   506   506   506   506   506 
1968 -14.1 -15.3 -14.9  -7.7  -2.0   1.9   2.4   2.0   0.9  -5.0  -5.3 -12.1   506   506   506   506   506   506   506   506   506   506   506   506 
1969 -13.8 -15.2 -17.2  -9.9  -1.9   1.5   2.2   3.4  -0.3  -4.2  -6.0  -8.9   506   506   506   506   506   506   506   506   506   506   506   506 
1970  -7.9 -10.9 -13.4  -8.2  -0.6   1.0   0.9   2.5   1.3  -1.6  -6.9  -9.6   506   506   506   506   506   506   506   506   506   506   506   506 
1971 -15.9 -12.3 -11.6  -7.9  -1.5   1.0   2.8   2.2  -0.2  -4.5  -9.8 -10.7   506   506   506   506   506   506   506   506   506   506   506   506 
1972  -3.3 -11.2  -9.3  -6.7   0.0   0.5   1.6   1.3   0.9  -1.8  -6.1  -8.2   506   506   506   506   506   506   506   506   506   506   506   506 
1973  -7.2 -16.2 -11.0  -8.5  -2.2   0.0   1.8   1.8   0.5  -3.4 -12.8 -16.2   506   506   506   506   506   506   506   506   506   506   506   506 
1974  -5.1 -10.4  -5.7  -3.7  -0.1   0.7   2.4   3.3  -0.1  -0.7  -3.5 -10.5   506   506   506   506   506   506   506   506   506   506   506   506 
1975 -13.9  -8.1 -11.9  -7.0  -2.4   0.8   1.8   2.1  -0.7  -3.3  -7.6 -11.6   506   506   506   506   506   506   506   506   506   506   506   506 
1976 -13.7  -9.5  -6.5  -7.6  -1.4   1.5   2.3   2.0   1.6   0.4  -5.2  -8.5   506   506   506   506   506   506   506   506   506   506   506   506 
1977 -12.1  -8.7  -9.6  -8.1  -1.2   1.0   2.6 -99.0   0.9  -2.9  -8.0  -7.5   506   506   506   506   506   506   506   -99   506   506   506   506 
1978 -11.0 -14.5 -12.3  -3.9  -0.9   0.5   2.5   2.3   0.2  -1.9  -7.6  -5.3   506   506   506   506   506   506   506   506   506   506   506   506 
1979 -11.1 -11.8 -11.1  -7.7  -5.8   0.8 -99.0 -99.0 -99.0 -99.0 -99.0  -7.4   506   506   506   506   506   506   -99   -99   -99   -99   -99   506 
1980 -99.0 -13.8 -11.8  -8.2  -0.5   2.4   3.2   5.0   3.6  -2.2  -7.7 -13.7   -99   506   506   506   506   506   506   506   506   506   506   506 
1981 -14.8 -11.8 -13.8 -99.0 -99.0 -99.0 -99.0   2.6   1.7  -3.5 -10.9 -13.1   506   506   506   -99   -99   -99   -99   506   506   506   506   506 
1982 -99.0 -99.0 -10.1  -6.7  -3.8   0.6   2.1   1.9  -1.0  -0.4  -6.7 -11.0   -99   -99   506   506   506   506   506   506   506   506   506   506 
1983 -12.1 -11.5 -14.0  -9.4  -2.0   1.3   1.9   1.0 -99.0  -4.6  -7.3 -10.8   506   506   506   506   506   506   506   506   -99   506   506   506 
1984 -10.9  -9.6  -9.2  -5.5  -2.3   0.9   3.2   2.1   0.1  -1.5  -6.0  -4.3   506   506   506   506   506   506   506   506   506   506   506   506 
1985 -99.0  -9.8 -10.2  -6.7  -0.3   1.4   1.6   2.8  -0.1  -2.1 -99.0 -99.0   -99   506   506   506   506   506   506   506   506   506   -99   -99 
1986 -99.0 -99.0 -99.0 -99.0 -99.0 -99.0 -99.0 -99.0 -99.0 -99.0  -5.9  -6.5   -99   -99   -99   -99   -99   -99   -99   -99   -99   -99   506   506 
1987  -4.1 -99.0 -99.0 -99.0 -99.0 -99.0 -99.0 -99.0 -99.0 -99.0 -99.0 -99.0   506   -99   -99   -99   -99   -99   -99   -99   -99   -99   -99   -99 
