Number= 720576
Name= BRODHEAD
Country= USA
Lat=   42.6
Long=   89.4
Height= 241
Start year= 1893
End year= 2017
First Good year= 1893
Source ID= 64
Source file= Jones
Jones data to= 2017
Normals source= Data
Normals source start year= 1961
Normals source end year= 1990
Normals=  -8.4  -5.8   1.1   8.4  14.5  19.8  22.3  20.6  16.2   9.8   2.8  -5.4 
Standard deviations source= Data
Standard deviations source start year= 1941
Standard deviations source end year= 1990
Standard deviations=   3.2   2.9   2.8   1.9   1.9   1.4   1.2   1.5   1.3   2.1   1.9   2.9 
Obs:
1893 -99.0  -9.7  -1.0   6.7  12.3  20.8  23.1  20.4  17.0  10.2   0.5  -6.5   -99   506   506   506   506   506   506   506   506   506   506   506 
1894  -5.6  -7.7   4.3   9.6  14.2  22.1  23.2  21.7  18.0  10.0  -0.8  -1.5   506   506   506   506   506   506   506   506   506   506   506   506 
1895 -11.4 -11.6  -0.2   9.9  15.2  22.0  22.0  22.1  19.6   6.4   0.6  -4.0   506   506   506   506   506   506   506   506   506   506   506   506 
1896  -5.1  -5.4  -2.1  12.0  18.8  20.3  22.2  21.4  14.7   7.5   0.8  -2.5   506   506   506   506   506   506   506   506   506   506   506   506 
1897  -7.8  -3.9  -0.7   8.0  13.7  19.1  23.9  19.9  20.1  12.7   1.1  -7.8   506   506   506   506   506   506   506   506   506   506   506   506 
1898  -5.8  -5.1   2.8   7.5  14.1  20.4  22.0  20.4  18.1   9.0   1.2  -7.6   506   506   506   506   506   506   506   506   506   506   506   506 
1899  -7.1  -9.2  -2.9  10.2  15.4  20.7  22.1  22.5  15.8  13.0   5.6  -4.3   506   506   506   506   506   506   506   506   506   506   506   506 
1900  -3.1  -8.7  -2.1   9.5  16.6  20.1  21.1  24.0  17.3  14.0   0.9  -2.9   506   506   506   506   506   506   506   506   506   506   506   506 
1901  -6.0 -11.4  -0.2   8.3  14.5  21.8  26.9  21.8  16.5  11.3   0.4  -6.1   506   506   506   506   506   506   506   506   506   506   506   506 
1902  -6.1  -9.3   3.7   8.0  15.8  17.6  21.9  19.3  14.9  11.1   6.1  -6.9   506   506   506   506   506   506   506   506   506   506   506   506 
1903  -6.6  -6.2   4.6   9.5  16.1  17.3  21.9  19.5  15.6  10.3   0.4  -9.4   506   506   506   506   506   506   506   506   506   506   506   506 
1904 -13.0 -11.0   0.5   5.6  13.9  19.3  21.1  19.0  16.6   9.3   3.7  -7.0   506   506   506   506   506   506   506   506   506   506   506   506 
1905 -11.1 -11.2   2.6   8.4  14.0  20.7  21.4  21.6  18.3   9.7   2.0  -3.1   506   506   506   506   506   506   506   506   506   506   506   506 
1906  -3.2  -5.7  -2.8  10.1  14.7  19.3  21.4  22.3  19.1  10.0   2.0  -3.6   506   506   506   506   506   506   506   506   506   506   506   506 
1907  -6.9  -6.1   4.6   4.0  10.6  18.5  22.5  19.9  15.8   8.5   1.7  -2.4   506   506   506   506   506   506   506   506   506   506   506   506 
1908  -5.0  -5.2   2.8   8.7  14.9  19.2  22.3  20.7  19.3  10.6   2.9  -4.1   506   506   506   506   506   506   506   506   506   506   506   506 
1909  -5.6  -3.5   0.4   5.6  13.4  19.5  22.0  22.6  15.9   8.3   6.2  -9.8   506   506   506   506   506   506   506   506   506   506   506   506 
1910  -8.9  -8.7   7.1  10.1  12.2  19.9  24.2  22.3  16.7  12.4  -0.8  -6.8   506   506   506   506   506   506   506   506   506   506   506   506 
1911  -6.4  -3.3   2.9   7.1  17.8  22.7  23.6  20.9  17.4   8.9  -1.2  -1.4   506   506   506   506   506   506   506   506   506   506   506   506 
1912 -16.9  -9.5  -4.8   9.0  15.5  18.9  22.6  20.1  17.2  10.6   3.1  -1.7   506   506   506   506   506   506   506   506   506   506   506   506 
1913  -6.0  -7.7  -1.0   9.5  14.3  21.2  23.3  22.2  17.1   9.7   5.4  -0.4   506   506   506   506   506   506   506   506   506   506   506   506 
1914  -3.2 -10.6   0.3   8.8  16.3  20.1  23.1  21.9  17.0  12.8   3.7  -8.5   506   506   506   506   506   506   506   506   506   506   506   506 
1915  -9.6  -1.6  -0.4  13.1  11.9  17.9  20.1  17.8  17.7  10.9   4.1  -4.4   506   506   506   506   506   506   506   506   506   506   506   506 
1916  -5.4  -8.6  -0.3   8.4  14.5  16.6  25.5  23.0  15.9  10.0   2.1  -7.4   506   506   506   506   506   506   506   506   506   506   506   506 
1917  -9.1 -10.3   1.2   6.6  11.1  17.6  22.4  20.6  15.7   5.0   3.3  -8.7   506   506   506   506   506   506   506   506   506   506   506   506 
1918 -14.8  -6.2   4.2   6.2  17.0  19.8  22.1  23.9  13.6  11.9   3.8  -0.1   506   506   506   506   506   506   506   506   506   506   506   506 
1919  -4.7  -3.8   1.6   8.8  13.6  22.3  24.3  21.1  18.3  11.0   0.7 -10.9   506   506   506   506   506   506   506   506   506   506   506   506 
1920 -11.6  -6.8   1.8   5.9  13.7  20.7  21.6  20.4  18.9  13.6   1.3  -2.8   506   506   506   506   506   506   506   506   506   506   506   506 
1921  -2.8  -2.3   5.3  11.1  16.3  23.7  26.6  21.3  18.6  10.5   0.3  -3.5   506   506   506   506   506   506   506   506   506   506   506   506 
1922  -7.2  -4.2   2.2   8.7  18.0  21.4  21.5  22.2  18.7  12.1   5.1  -5.5   506   506   506   506   506   506   506   506   506   506   506   506 
1923  -4.7  -8.7  -2.9   7.6  14.5  22.4  23.7  20.6  16.7   9.0   3.4   0.9   506   506   506   506   506   506   506   506   506   506   506   506 
1924 -11.3  -5.0  -0.8   8.7  11.4  18.3  20.6  20.5  13.7  13.1   2.7  -9.4   506   506   506   506   506   506   506   506   506   506   506   506 
1925  -8.2  -3.4   3.2  11.6  12.5  21.1  21.9  21.4  19.5   4.5   0.5  -7.8   506   506   506   506   506   506   506   506   506   506   506   506 
1926  -6.2  -2.6  -2.4   5.9  15.8  17.6  22.2  22.1  16.6   9.2  -0.1  -6.5   506   506   506   506   506   506   506   506   506   506   506   506 
1927  -8.1  -1.2   4.1   8.2  12.3  18.4  21.8  18.9  18.6  12.0   3.4  -6.0   506   506   506   506   506   506   506   506   506   506   506   506 
1928  -5.1  -2.8   1.8   6.2  15.7  17.7  22.5  21.9  14.7  11.5   3.1  -2.6   506   506   506   506   506   506   506   506   506   506   506   506 
1929 -12.9 -10.8   3.4  10.0  13.2  18.9  23.0  20.8  16.7   9.6  -0.2  -4.3   506   506   506   506   506   506   506   506   506   506   506   506 
1930 -11.6  -0.6   1.7   9.4  15.4  20.1  23.4  22.4  18.2   9.2   3.3  -4.6   506   506   506   506   506   506   506   506   506   506   506   506 
1931  -3.6  -0.6   0.3   8.9  12.6  22.5  25.2  21.9  20.6  12.8   6.6   0.0   506   506   506   506   506   506   506   506   506   506   506   506 
1932  -3.2  -1.8  -3.5   7.4  14.6  20.6  23.3  21.9  16.1   9.4   0.0  -4.9   506   506   506   506   506   506   506   506   506   506   506   506 
1933  -0.1  -6.3   0.7   7.7  15.0  24.6  23.0  20.5  19.4   9.0   1.6  -3.9   506   506   506   506   506   506   506   506   506   506   506   506 
1934  -2.2  -6.9  -0.4   8.6  18.9  24.1  24.5  20.6  16.0  12.0   5.5  -6.7   506   506   506   506   506   506   506   506   506   506   506   506 
1935  -7.7  -4.4   3.0   7.0  11.4  17.4  24.7  22.0  17.0  10.4   1.2  -6.3   506   506   506   506   506   506   506   506   506   506   506   506 
1936 -11.3 -14.6   1.6   4.7  17.2  18.8  25.8  23.6  17.7   8.8  -0.5  -2.9   506   506   506   506   506   506   506   506   506   506   506   506 
1937  -7.3  -6.4  -1.0   7.1  14.8  19.3  23.5  24.1  17.1   8.7   0.5  -6.2   506   506   506   506   506   506   506   506   506   506   506   506 
1938  -7.1  -1.3   5.1   9.1  14.6  19.4  23.0  22.7  17.0  12.7   3.6  -3.9   506   506   506   506   506   506   506   506   506   506   506   506 
1939  -2.8  -6.2   1.4   6.6  17.3  21.5  23.6  21.5  19.6  11.1   2.6  -0.2   506   506   506   506   506   506   506   506   506   506   506   506 
1940 -12.4  -4.6  -2.5   7.1  12.8  20.5  22.7  20.6  16.0  11.4   0.5  -3.4   506   506   506   506   506   506   506   506   506   506   506   506 
1941  -5.0  -6.9  -2.3  10.4  16.7  20.4  23.1  22.2  18.3  11.2   3.9  -0.7   506   506   506   506   506   506   506   506   506   506   506   506 
1942  -8.1  -6.8   3.1  10.9  14.1  20.1  22.2  20.7  15.0   9.6   2.7  -8.4   506   506   506   506   506   506   506   506   506   506   506   506 
1943  -9.3  -6.0  -2.2   7.0  12.8  21.5  23.4  22.5  14.5  10.1  -0.2  -4.2   506   506   506   506   506   506   506   506   506   506   506   506 
1944  -3.3  -4.8  -1.7   6.3  17.4  22.3  22.3  22.3  17.4  10.1   4.1  -7.6   506   506   506   506   506   506   506   506   506   506   506   506 
1945  -9.8  -5.5   7.2   9.5  11.9  17.4  21.5  21.2  16.1   9.0   1.9  -8.3   506   506   506   506   506   506   506   506   506   506   506   506 
1946  -5.1  -4.3   5.8  10.3  13.0  19.5  22.4  19.8  16.6  12.0   2.5  -3.2   506   506   506   506   506   506   506   506   506   506   506   506 
1947  -5.3  -9.9  -1.8   7.2  11.1  18.4  21.8  25.8  17.7  15.0  -1.3  -3.8   506   506   506   506   506   506   506   506   506   506   506   506 
1948 -10.4  -6.5   0.3  11.1  12.9  19.4  23.0  21.8  18.4   8.6   3.8  -4.0   506   506   506   506   506   506   506   506   506   506   506   506 
1949  -6.1  -6.4   1.2   7.8  15.4  21.9  24.3  21.9  13.6  12.2   2.7  -3.3   506   506   506   506   506   506   506   506   506   506   506   506 
1950  -5.0  -5.7  -1.8   4.5  14.5  19.5  20.3  19.2  15.7  12.7  -0.8 -10.3   506   506   506   506   506   506   506   506   506   506   506   506 
1951 -10.2  -6.3  -1.1   6.8  16.0  18.2  21.2  19.5  14.8  10.5  -2.2  -6.2   506   506   506   506   506   506   506   506   506   506   506   506 
1952  -6.3  -2.4  -1.0   9.4  14.3  21.7  23.5  20.4  16.3   6.8   2.9  -3.0   506   506   506   506   506   506   506   506   506   506   506   506 
1953  -5.1  -2.7   1.3   6.1  14.6  21.3  22.6  21.6  16.8  13.2   4.2  -2.9   506   506   506   506   506   506   506   506   506   506   506   506 
1954  -6.5   0.8  -0.2  11.1  12.3  21.9  22.8  20.6  17.7  10.1   2.8  -3.5   506   506   506   506   506   506   506   506   506   506   506   506 
1955  -7.0  -5.7   0.6  12.5  15.8  18.1  25.2  23.9  17.8  11.0  -0.8  -7.1   506   506   506   506   506   506   506   506   506   506   506   506 
1956  -6.0  -5.1  -0.5   6.5  13.9  21.7  21.7  21.3  16.3  13.4   3.3  -3.2   506   506   506   506   506   506   506   506   506   506   506   506 
1957 -10.4  -1.7   1.1   8.8  13.7  19.2  22.8  21.2  15.6   9.0   2.7  -1.6   506   506   506   506   506   506   506   506   506   506   506   506 
1958  -7.1  -9.7   1.2   8.7  15.1  16.8  20.7  21.4  16.7  11.9   3.9  -8.1   506   506   506   506   506   506   506   506   506   506   506   506 
1959 -10.9  -8.0  -0.7   8.3  17.2  20.6  21.2  23.6  18.3   8.7  -2.0  -0.5   506   506   506   506   506   506   506   506   506   506   506   506 
1960  -5.6  -6.1  -7.4   9.8  13.1  18.3  20.8  21.0  18.6   9.9   4.0  -6.4   506   506   506   506   506   506   506   506   506   506   506   506 
1961  -7.6  -0.5   2.2   5.8  12.4  19.6  21.3  21.0  17.9  10.9   2.8  -6.7   506   506   506   506   506   506   506   506   506   506   506   506 
1962 -10.9  -6.9  -1.6   7.2  17.5  19.7  20.2  20.7  14.3  11.6   2.7  -5.8   506   506   506   506   506   506   506   506   506   506   506   506 
1963 -14.2  -9.7   1.9   9.7  12.6  20.4  22.7  20.2  16.5  15.9   5.1 -11.3   506   506   506   506   506   506   506   506   506   506   506   506 
1964  -4.0  -3.9  -0.3   8.6  16.6  20.1  23.2  19.4  16.5   8.4   4.3  -6.9   506   506   506   506   506   506   506   506   506   506   506   506 
1965  -7.6  -7.6  -3.9   7.0  16.5  19.0  21.6  20.0  15.6  10.3   3.5  -0.9   506   506   506   506   506   506   506   506   506   506   506   506 
1966 -10.9  -6.1   2.6   6.7  11.3  20.3  23.5  20.2  15.5   9.2   3.4  -4.9   506   506   506   506   506   506   506   506   506   506   506   506 
1967  -5.3  -8.8   1.7   8.5  11.3  20.3  20.6  18.0  15.2   9.4   1.4  -2.5   506   506   506   506   506   506   506   506   506   506   506   506 
1968  -7.5  -6.6   4.1   9.1  13.3  19.9  20.9  20.8  16.2  10.2   2.8  -5.1   506   506   506   506   506   506   506   506   506   506   506   506 
1969  -9.6  -3.5  -1.2   9.1  14.7  16.8  22.3  21.8  15.9   8.4   1.5  -5.1   506   506   506   506   506   506   506   506   506   506   506   506 
1970 -11.8  -6.2   0.2   8.9  15.9  19.8  22.8  21.9  16.8  10.4   2.4  -4.2   506   506   506   506   506   506   506   506   506   506   506   506 
1971 -10.9  -6.1  -1.2   8.1  13.0  21.9  20.6  19.9  18.2  14.3   3.2  -1.6   506   506   506   506   506   506   506   506   506   506   506   506 
1972  -9.3  -7.5  -0.8   6.1  16.1  18.7  21.5  21.1  17.0   8.1   1.9  -6.9   506   506   506   506   506   506   506   506   506   506   506   506 
1973  -4.5  -3.2   5.9   7.7  12.8  21.1  23.0  22.1  17.2  12.6   3.3  -4.6   506   506   506   506   506   506   506   506   506   506   506   506 
1974  -6.7  -6.6   1.3   9.3  12.4  17.9  23.1  20.0  14.0   9.9   3.8  -3.2   506   506   506   506   506   506   506   506   506   506   506   506 
1975  -5.7  -5.2  -3.3   4.5  16.7  21.0  21.9  22.0  14.4  11.6   5.4  -3.0   506   506   506   506   506   506   506   506   506   506   506   506 
1976  -8.4  -1.7   3.8   9.6  12.9  20.4  22.9  20.1  14.6   7.2  -1.9 -10.2   506   506   506   506   506   506   506   506   506   506   506   506 
1977 -15.8  -5.6   5.3  11.9  18.3  19.0  23.2  18.7  16.2   8.7   2.0  -7.5   506   506   506   506   506   506   506   506   506   506   506   506 
1978 -12.3 -11.6  -2.3   8.0  14.4  19.6  21.1  21.0  18.5   9.0   1.8  -6.9   506   506   506   506   506   506   506   506   506   506   506   506 
1979 -14.6 -11.8  -0.9   6.4  13.9  19.5  21.4  20.0  16.7   9.4   2.4  -2.0   506   506   506   506   506   506   506   506   506   506   506   506 
1980  -6.3  -8.0  -1.4   8.3  15.3  19.3  23.3  21.8  16.9   7.4   2.9  -4.7   506   506   506   506   506   506   506   506   506   506   506   506 
1981  -6.5  -3.6   2.5  10.4  13.1  20.5  21.7  20.6  15.7   8.6   4.0  -4.9   506   506   506   506   506   506   506   506   506   506   506   506 
1982 -12.5  -6.4  -0.3   6.1  17.8  16.4  22.3  19.5  14.8  10.5   2.4  -1.8   506   506   506   506   506   506   506   506   506   506   506   506 
1983  -4.4  -1.5   2.3   6.3  12.1  20.9  24.7  23.3  16.1  10.1   4.3 -11.2   506   506   506   506   506   506   506   506   506   506   506   506 
1984  -9.0   0.3  -1.6   8.1  12.8  20.6  21.2  21.7  15.2  11.5   2.6  -2.5   506   506   506   506   506   506   506   506   506   506   506   506 
1985 -10.8  -7.7   4.1  12.6  16.4  18.5  21.7  19.3  17.0   9.9   0.2 -11.1   506   506   506   506   506   506   506   506   506   506   506   506 
1986  -7.7  -6.4   4.2  11.6  15.4  20.0  23.2  18.3  17.4  10.3  -0.2  -3.1   506   506   506   506   506   506   506   506   506   506   506   506 
1987  -4.2  -0.1   4.0  11.0  16.7  21.3  23.7  20.0  15.8   6.1   4.9  -2.0   506   506   506   506   506   506   506   506   506   506   506   506 
1988 -10.5  -7.2   2.2   8.5  17.0  21.3  24.2  23.4  17.4   5.9   4.0  -4.0   506   506   506   506   506   506   506   506   506   506   506   506 
1989  -2.0  -9.6   0.6   7.6  13.9  19.4  23.1  20.3  14.6  10.1   0.6 -11.0   506   506   506   506   506   506   506   506   506   506   506   506 
1990  -1.5  -3.4   3.7   8.6  12.5  19.8  21.2  20.7  17.6   8.8   5.4  -5.5   506   506   506   506   506   506   506   506   506   506   506   506 
1991 -10.1  -3.2   3.4   9.8  17.6  21.9  22.3  21.6  15.8   9.7  -0.1  -3.4   506   506   506   506   506   506   506   506   506   506   506   506 
1992  -3.6  -0.6   2.2   6.5  14.8  18.5  19.4  17.8  15.1   9.0   2.0  -4.1   506   506   506   506   506   506   506   506   506   506   506   506 
1993  -6.1  -5.5  -0.2   6.4  15.4  18.3  21.8  21.5  13.7   8.4   1.8  -3.3   506   506   506   506   506   506   506   506   506   506   506   506 
1994 -12.4  -9.6   2.1   9.2  13.9  21.1  21.1  18.9  17.4  11.5   4.7  -1.7   506   506   506   506   506   506   506   506   506   506   506   506 
1995  -7.5  -4.8   2.9   5.9  13.5  21.8  23.0  24.6  14.8  10.4  -1.8  -5.8   506   506   506   506   506   506   506   506   506   506   506   506 
1996  -8.3  -6.2  -1.8   6.3  12.4  19.7  20.3  21.0  16.4  10.4  -1.4  -4.9   506   506   506   506   506   506   506   506   506   506   506   506 
1997  -9.3  -3.6   2.3   6.7  11.8  20.5  21.8  19.2  16.8  10.5   1.6  -1.9   506   506   506   506   506   506   506   506   506   506   506   506 
1998  -3.3   2.3   2.4   9.0  17.6  19.9  22.0  22.0  18.8  11.3   5.5  -0.5   506   506   506   506   506   506   506   506   506   506   506   506 
1999  -8.3   0.3   1.2  10.1  16.1  20.8  24.5  20.0  15.7   9.7   6.3  -3.3   506   506   506   506   506   506   506   506   506   506   506   506 
2000  -6.2  -1.1   5.9   8.3  15.9  19.1  21.5  21.4  17.3  12.5   2.3 -11.5   506   506   506   506   506   506   506   506   506   506   506   506 
2001  -6.2  -5.6   0.6  11.0  16.1  19.3  23.1  22.4  15.7   9.7   8.1  -0.3   506   506   506   506   506   506   506   506   506   506   506   506 
2002  -2.1  -0.5  -0.2   8.8  12.8  21.1  24.3  21.7  18.2   8.6   2.1  -3.0   506   506   506   506   506   506   506   506   506   506   506   506 
2003  -7.9  -6.5   1.0   8.2  13.7  18.8  21.9  22.7  16.7   9.9   3.8  -1.7   506   506   506   506   506   506   506   506   506   506   506   506 
2004  -8.0  -4.3   4.8   9.2  14.8  19.0  20.7  18.4  17.9  10.9   5.1  -3.6   506   506   506   506   506   506   506   506   506   506   506   506 
2005  -6.7  -0.8   0.9  10.9  13.4  22.9  22.5  21.8  19.7  11.4   4.0  -7.3   506   506   506   506   506   506   506   506   506   506   506   506 
2006   0.4  -4.1   1.9  11.0  15.1  19.7  23.5  21.7  15.5   7.8   4.7  -1.4   506   506   506   506   506   506   506   506   506   506   506   506 
2007  -4.1  -9.8   3.9   7.6  17.2  20.8  21.9  22.5  18.2  13.9   2.7  -6.1   506   506   506   506   506   506   506   506   506   506   506   506 
2008  -7.6  -8.8  -0.5   9.3  13.1  20.6  22.2  20.5  17.5   9.6   3.4  -7.9   506   506   506   506   506   506   506   506   506   506   506   506 
2009 -11.7  -3.9   2.4   8.3  15.2  20.1  19.0  19.6  17.1   7.9   6.2  -5.1   506   506   506   506   506   506   506   506   506   506   506   506 
2010  -7.9  -4.6   4.3  12.2  16.3  20.9  24.1  23.1  17.0  11.6   4.3  -7.7   506   506   506   506   506   506   506   506   506   506   506   506 
2011  -8.1  -5.3   1.1   7.6  14.5  20.5  24.6  21.3  15.3  11.1   4.7  -0.7   506   506   506   506   506   506   506   506   506   506   506   506 
2012  -3.8  -1.1  10.5   8.8  17.5  21.3  26.5  20.9  16.4   9.4   3.3  -0.9   506   506   506   506   506   506   506   506   506   506   506   506 
2013  -5.6  -6.2  -2.5   7.1  16.0  19.9  22.0  21.2  17.8  10.0   1.4  -7.9   506   506   506   506   506   506   506   506   506   506   506   506 
2014 -12.0 -11.7  -3.1   8.1  14.9  21.2  19.9  21.5  16.4   9.9  -1.1  -1.3   506   506   506   506   506   506   506   506   506   506   506   506 
2015  -7.2 -11.5  -0.4   9.5  15.7  19.4  21.0  20.5  20.1  11.3   5.6   2.7   506   506   506   506   506   506   506   506   506   506   506   506 
2016  -6.3  -2.0   4.8   9.0  15.0  20.8  22.6  22.8  19.9  12.9   7.2  -5.3   506   506   506   506   506   506   506   506   506   506   506   506 
2017  -3.9   1.3   2.6  10.7 -99.0 -99.0 -99.0 -99.0 -99.0 -99.0 -99.0 -99.0   506   506   506   506   -99   -99   -99   -99   -99   -99   -99   -99 
