Number= 720583
Name= OCONTO 4 W
Country= USA
Lat=   44.9
Long=   88.0
Height= 201
Start year= 1888
End year= 2017
First Good year= 1888
Source ID= 64
Source file= Jones
Jones data to= 2017
Normals source= Data
Normals source start year= 1961
Normals source end year= 1990
Normals= -10.0  -7.9  -1.9   5.5  11.8  17.2  20.2  18.7  14.0   8.3   1.0  -6.7 
Standard deviations source= Data
Standard deviations source start year= 1941
Standard deviations source end year= 1990
Standard deviations=   2.7   2.3   2.4   1.7   1.9   1.4   1.1   1.4   1.2   1.9   1.8   2.5 
Obs:
1888 -99.0 -99.0 -99.0 -99.0 -99.0 -99.0 -99.0  16.9  11.9   5.5   1.0  -4.3   -99   -99   -99   -99   -99   -99   -99   506   506   506   506   506 
1889  -7.2 -12.4  -0.4   5.6  10.5  14.2  18.7  17.9  14.2   4.6  -0.5  -1.7   506   506   506   506   506   506   506   506   506   506   506   506 
1890  -7.7  -6.0  -6.0   4.9   8.2  19.3  19.7  16.3  12.6   7.4   0.8 -99.0   506   506   506   506   506   506   506   506   506   506   506   -99 
1891 -99.0  -7.8  -3.8   5.8  11.2  16.5  17.3  18.2 -99.0   8.3  -1.7  -1.3   -99   506   506   506   506   506   506   506   -99   506   506   506 
1892 -11.0  -5.7  -3.2   5.1   9.8  16.5  19.8  18.0  14.5   8.7  -1.7  -8.8   506   506   506   506   506   506   506   506   506   506   506   506 
1893 -13.9 -10.3  -4.6   3.0  10.1  18.5  20.4  17.6  12.8   7.9   0.2  -8.7   506   506   506   506   506   506   506   506   506   506   506   506 
1894  -8.3  -8.8   1.3   6.4  10.6  18.9  20.1  17.1  15.4   8.1  -2.1  -2.6   506   506   506   506   506   506   506   506   506   506   506   506 
1895 -10.9 -10.9  -3.9   5.9  12.3  17.7  17.4  17.9  16.0   4.5  -1.2  -5.2   506   506   506   506   506   506   506   506   506   506   506   506 
1896  -7.6  -5.7  -4.3   7.0  15.2  17.8  19.6  19.2  12.1   5.8  -1.9  -4.4   506   506   506   506   506   506   506   506   506   506   506   506 
1897  -7.4  -5.5  -3.7   4.6  10.2  15.1  21.2  17.2  17.0   9.8  -0.4  -8.3   506   506   506   506   506   506   506   506   506   506   506   506 
1898  -6.6  -6.2   0.1   5.2  11.9  17.3  19.7  17.7  16.0   7.9   0.3  -8.3   506   506   506   506   506   506   506   506   506   506   506   506 
1899 -10.8 -13.3  -6.4   7.0  11.6  17.6  19.5  19.9  12.7  10.0   4.1  -6.5   506   506   506   506   506   506   506   506   506   506   506   506 
1900  -5.9 -11.2  -5.2   6.5  12.2  16.5  18.9  22.3  15.7  13.0  -1.1  -4.2   506   506   506   506   506   506   506   506   506   506   506   506 
1901  -8.9 -11.4  -3.5   6.7  11.4  17.8  21.4  20.5  14.3   9.2  -0.4  -7.8   506   506   506   506   506   506   506   506   506   506   506   506 
1902  -8.1  -7.8   2.3   5.8  12.6  15.6  20.3  17.3  13.5   8.1   5.1  -6.3   506   506   506   506   506   506   506   506   506   506   506   506 
1903  -9.9  -8.2   2.8   5.6  13.0  16.2  20.2  16.9  14.3   8.6  -1.0 -10.2   506   506   506   506   506   506   506   506   506   506   506   506 
1904 -13.0 -15.0  -2.7   3.3  12.4  16.8  18.6  17.3  14.1   7.8   2.1  -7.6   506   506   506   506   506   506   506   506   506   506   506   506 
1905 -12.3 -11.6  -1.5   5.2  10.3  16.9  19.0  19.2  16.2   7.9   0.5  -3.6   506   506   506   506   506   506   506   506   506   506   506   506 
1906  -4.2  -9.2  -6.6   6.4  11.2  17.0  19.3  19.9  17.1   7.3   0.6  -5.6   506   506   506   506   506   506   506   506   506   506   506   506 
1907  -9.8  -8.7  -0.4   0.2   7.4  16.9  19.5  17.4  13.9   6.7  -0.1  -5.1   506   506   506   506   506   506   506   506   506   506   506   506 
1908  -7.4  -8.1  -1.8   5.6  11.9  17.0  19.7  18.4  17.3   9.1   1.0  -7.2   506   506   506   506   506   506   506   506   506   506   506   506 
1909  -8.0  -6.7  -2.8   1.9  10.4  17.9  19.8  20.1  13.8   6.3   3.5  -8.4   506   506   506   506   506   506   506   506   506   506   506   506 
1910  -9.2 -10.4   3.7   6.3   9.1  18.3  20.7  18.6  13.6   9.7  -1.9  -8.2   506   506   506   506   506   506   506   506   506   506   506   506 
1911  -9.3  -6.1  -0.9   4.9  13.9  19.5  19.9  17.6  13.9   7.0  -2.8  -3.6   506   506   506   506   506   506   506   506   506   506   506   506 
1912 -19.2 -11.4  -6.1   5.0  11.1  15.9  19.3  16.1  14.8   9.6   1.0  -4.0   506   506   506   506   506   506   506   506   506   506   506   506 
1913  -8.4 -11.9  -4.5   6.1  10.7  18.1  19.2  18.3  14.4   7.6   2.7  -1.3   506   506   506   506   506   506   506   506   506   506   506   506 
1914  -6.0 -12.8  -4.0   2.0  13.0  16.5  21.3  18.1  14.8  11.1   1.3  -8.9   506   506   506   506   506   506   506   506   506   506   506   506 
1915 -10.5  -4.5  -3.1   8.9   8.7  14.3  17.6  15.6  14.4   8.5   2.2  -5.3   506   506   506   506   506   506   506   506   506   506   506   506 
1916  -7.7 -10.4  -6.3   4.5  10.9  15.0  23.0  19.6  12.6   7.7  -0.4  -9.4   506   506   506   506   506   506   506   506   506   506   506   506 
1917 -11.8 -14.3  -3.7   2.7   8.0  14.5  20.5  17.1  14.4   3.4   1.2 -10.3   506   506   506   506   506   506   506   506   506   506   506   506 
1918 -14.7  -9.6   0.7   2.8  11.7  16.6  18.9  19.4  10.7   9.3   2.4  -2.2   506   506   506   506   506   506   506   506   506   506   506   506 
1919  -5.6  -6.4  -1.3   5.0  10.8  20.2  21.0  18.0  15.3   7.2  -0.9 -11.8   506   506   506   506   506   506   506   506   506   506   506   506 
1920 -14.0  -9.9  -2.6   2.9  11.1  18.5  17.3  17.8  15.9  11.9   0.5  -4.4   506   506   506   506   506   506   506   506   506   506   506   506 
1921  -5.4  -5.5   0.2   8.4  11.9  19.6  23.7  18.5  17.1   8.3  -1.7  -6.8   506   506   506   506   506   506   506   506   506   506   506   506 
1922 -11.1  -9.8  -2.3   5.0  14.7  17.4  18.8  18.3  14.5   8.5   3.3  -8.0   506   506   506   506   506   506   506   506   506   506   506   506 
1923  -8.2 -11.9  -6.5   3.2  10.6  20.7  20.2  16.7  14.3   7.5   3.1  -0.9   506   506   506   506   506   506   506   506   506   506   506   506 
1924 -13.5  -7.5  -2.4   3.6   7.6  14.5  17.4  17.5  12.1  10.7   1.2 -10.6   506   506   506   506   506   506   506   506   506   506   506   506 
1925  -9.3  -6.4  -1.4   7.2   9.9  18.2  18.9  19.4  16.1   2.4  -0.7  -8.4   506   506   506   506   506   506   506   506   506   506   506   506 
1926  -8.8  -7.5  -6.1   2.8  11.6  14.7  19.8  18.5  12.5   6.3  -1.9  -8.8   506   506   506   506   506   506   506   506   506   506   506   506 
1927 -10.6  -5.3   0.8   4.7   9.8  15.5  18.5  16.3  15.5   8.6   0.4 -10.3   506   506   506   506   506   506   506   506   506   506   506   506 
1928  -8.0  -8.3  -3.3   1.7  11.6  14.9  19.7  18.4  11.8   8.6   0.4  -5.1   506   506   506   506   506   506   506   506   506   506   506   506 
1929 -16.9 -13.1   0.1   5.2   9.6  15.8  19.9  17.4  13.9   8.0  -1.7  -6.5   506   506   506   506   506   506   506   506   506   506   506   506 
1930 -12.1  -4.9  -2.4   5.3  12.4  18.8  20.2  19.8  15.3   7.6   2.6  -5.6   506   506   506   506   506   506   506   506   506   506   506   506 
1931  -5.4  -2.1  -1.7   6.0  10.9  19.2  22.3  18.7  18.0  10.9   5.1  -1.5   506   506   506   506   506   506   506   506   506   506   506   506 
1932  -4.2  -6.4  -5.0   4.1  12.1  18.9  21.0  20.4  14.3   7.1  -1.7  -6.7   506   506   506   506   506   506   506   506   506   506   506   506 
1933  -4.0  -8.9  -2.6   4.3  12.9  22.1  21.4  18.6  17.1   6.9  -1.6  -8.2   506   506   506   506   506   506   506   506   506   506   506   506 
1934  -4.9 -11.1  -4.3   4.7  14.3  19.4  20.6  16.5  13.5   8.3   2.7  -7.3   506   506   506   506   506   506   506   506   506   506   506   506 
1935 -11.3  -7.3  -1.1   4.4   9.2  15.4  22.4  19.3  13.1   7.5  -0.5  -6.6   506   506   506   506   506   506   506   506   506   506   506   506 
1936 -12.1 -16.8  -2.2   2.5  14.1  15.1  23.4  20.8  15.8   6.2  -2.4  -4.9   506   506   506   506   506   506   506   506   506   506   506   506 
1937 -10.7  -7.8  -3.6   4.2  11.9  17.1  21.1  21.5  14.1   5.9  -0.8  -7.7   506   506   506   506   506   506   506   506   506   506   506   506 
1938 -11.0  -5.8   0.7   6.8  11.7  17.3  20.1  20.7  13.6  10.8   1.6  -5.8   506   506   506   506   506   506   506   506   506   506   506   506 
1939  -6.5 -10.8  -3.4   3.9  12.8  18.0  20.3  18.9  14.9   7.5   1.0  -2.0   506   506   506   506   506   506   506   506   506   506   506   506 
1940 -11.8  -7.4  -4.0   3.5  10.1  16.8  19.9  17.8  14.7   8.8  -1.0  -5.7   506   506   506   506   506   506   506   506   506   506   506   506 
1941  -7.8  -8.1  -5.5   7.6  13.8  18.2  20.7  18.7  15.8   8.8   2.3  -2.3   506   506   506   506   506   506   506   506   506   506   506   506 
1942  -8.2  -7.6   0.0   8.6  10.7  16.9  19.5  18.7  13.3   8.1   0.3  -8.5   506   506   506   506   506   506   506   506   506   506   506   506 
1943 -11.0  -8.3  -5.8   3.6  10.6  19.1  20.7  19.2  11.8   8.2  -1.2  -5.8   506   506   506   506   506   506   506   506   506   506   506   506 
1944  -4.0  -6.7  -3.9   3.4  13.6  18.5  19.6  19.2  14.3   7.7   3.2  -8.2   506   506   506   506   506   506   506   506   506   506   506   506 
1945 -10.9  -8.3   3.1   5.9   8.8  15.1  18.6  19.2  13.7   6.9   0.2  -9.1   506   506   506   506   506   506   506   506   506   506   506   506 
1946  -8.0  -8.4   3.2   7.1  10.5  16.4  19.9  18.0  14.3   9.9   1.7  -6.0   506   506   506   506   506   506   506   506   506   506   506   506 
1947  -6.8  -9.4  -2.2   4.2   8.5  16.0  19.9  23.0  15.8  12.7  -1.5  -7.0   506   506   506   506   506   506   506   506   506   506   506   506 
1948 -12.7 -10.0  -3.3   6.5  10.8  16.8  20.5  19.9  16.2   7.9   2.8  -6.2   506   506   506   506   506   506   506   506   506   506   506   506 
1949  -6.8  -7.8  -2.2   6.1  12.4  19.4  22.0  19.6  12.8   9.9  -0.3  -6.5   506   506   506   506   506   506   506   506   506   506   506   506 
1950  -9.5  -8.8  -5.1   1.3  10.6  17.7  18.4  15.2  13.2   9.7  -1.8  -9.3   506   506   506   506   506   506   506   506   506   506   506   506 
1951 -10.5  -8.2  -3.2   4.8  14.2  15.7  19.6  16.5  12.8   8.6  -3.7  -6.2   506   506   506   506   506   506   506   506   506   506   506   506 
1952  -8.4  -5.6  -3.6   7.5  11.5  18.3  21.1  18.5  14.8   5.3   1.7  -3.7   506   506   506   506   506   506   506   506   506   506   506   506 
1953  -6.5  -7.5  -1.1   3.6  11.2  18.0  20.3  20.0  14.6  10.5   3.6  -4.6   506   506   506   506   506   506   506   506   506   506   506   506 
1954  -9.9  -3.3  -3.2   6.0   8.7  18.5  19.9  17.7  13.7   7.8   1.8  -5.4   506   506   506   506   506   506   506   506   506   506   506   506 
1955  -9.6  -8.7  -3.5   8.5  13.8  17.5  22.6  21.7  15.4   9.2  -1.4  -8.8   506   506   506   506   506   506   506   506   506   506   506   506 
1956  -8.2  -8.3  -4.8   3.1  10.9  18.3  18.4  18.8  12.7  11.5   0.4  -5.5   506   506   506   506   506   506   506   506   506   506   506   506 
1957 -12.4  -7.3  -1.8   5.9  11.2  17.8  20.3  18.3  13.3   7.3   0.7  -4.9   506   506   506   506   506   506   506   506   506   506   506   506 
1958  -6.8  -9.5  -1.2   5.3  10.8  14.9  19.3  19.1  14.2   8.9   1.5 -10.1   506   506   506   506   506   506   506   506   506   506   506   506 
1959 -13.0 -11.5  -4.3   5.1  14.4  18.5  19.8  21.2  15.3   6.4  -3.5  -3.2   506   506   506   506   506   506   506   506   506   506   506   506 
1960  -7.3  -7.1  -6.9   5.6  10.4  16.3  18.6  19.6  15.6   8.1   2.6  -7.3   506   506   506   506   506   506   506   506   506   506   506   506 
1961  -9.8  -4.6  -0.5   3.7  10.6  17.5  19.4  19.4  15.8   9.0   0.8  -7.6   506   506   506   506   506   506   506   506   506   506   506   506 
1962 -11.9 -10.3  -3.3   4.9  14.0  16.5  18.3  18.6  13.0   9.2   0.9  -6.9   506   506   506   506   506   506   506   506   506   506   506   506 
1963 -14.2 -12.3  -2.7   6.4  10.7  18.6  20.4  18.0  14.4  12.9   3.3 -10.1   506   506   506   506   506   506   506   506   506   506   506   506 
1964  -6.6  -6.0  -2.8   5.6  14.3  17.6  20.9  17.2  13.7   7.5   2.7  -7.9   506   506   506   506   506   506   506   506   506   506   506   506 
1965  -9.9  -9.3  -5.2   3.4  12.8  16.4  18.6  18.1  12.8   9.0   0.9  -2.5   506   506   506   506   506   506   506   506   506   506   506   506 
1966 -11.8  -7.1  -0.2   3.8   9.6  18.3  21.2  18.1  14.0   8.6   0.1  -6.1   506   506   506   506   506   506   506   506   506   506   506   506 
1967  -7.5 -11.1  -3.1   5.2   8.7  17.6  18.8  16.7  13.6   7.7  -1.3  -5.9   506   506   506   506   506   506   506   506   506   506   506   506 
1968  -9.1  -9.5   1.1   6.3  10.4  16.9  19.6  18.8  15.2   9.6   1.0  -6.1   506   506   506   506   506   506   506   506   506   506   506   506 
1969  -9.7  -6.9  -3.8   5.8  10.9  13.3  19.1  20.5  14.0   5.7  -1.1  -6.3   506   506   506   506   506   506   506   506   506   506   506   506 
1970 -13.5  -9.5  -3.2   6.2  11.3  18.3  22.0  19.7  14.8   9.6   0.8  -6.1   506   506   506   506   506   506   506   506   506   506   506   506 
1971 -12.9  -8.7  -4.3   5.0  10.8  20.0  18.8  17.7  15.8  12.1   1.3  -4.7   506   506   506   506   506   506   506   506   506   506   506   506 
1972 -12.5 -10.1  -4.7   2.8  13.5  16.3  19.3  18.5  12.7   6.2   1.0  -8.3   506   506   506   506   506   506   506   506   506   506   506   506 
1973  -6.6  -5.8   3.1   4.3   9.8  18.3  20.8  20.0  14.6  11.6   1.0  -6.3   506   506   506   506   506   506   506   506   506   506   506   506 
1974  -9.1  -9.1  -2.1   5.9   9.8  15.6  21.0  18.7  11.2   7.1   1.7  -4.4   506   506   506   506   506   506   506   506   506   506   506   506 
1975  -7.3  -7.8  -4.6   2.0  14.5  17.7  21.2  19.2  11.7   9.4   4.0  -5.9   506   506   506   506   506   506   506   506   506   506   506   506 
1976 -11.1  -4.2  -1.6   7.0  10.3  19.1  20.7  18.4  12.7   5.5  -2.5 -12.1   506   506   506   506   506   506   506   506   506   506   506   506 
1977 -14.9  -7.1   1.6   7.5  16.1  16.9  21.5  17.3  14.2   8.1   0.6  -7.5   506   506   506   506   506   506   506   506   506   506   506   506 
1978 -10.6 -10.5  -3.2   4.0  13.0  16.4  18.6  18.8  15.1   7.3   0.6  -8.0   506   506   506   506   506   506   506   506   506   506   506   506 
1979 -14.6 -13.1  -3.0   4.3   9.6  16.5  19.9  17.5  14.4   6.9   0.5  -3.5   506   506   506   506   506   506   506   506   506   506   506   506 
1980  -7.8  -7.9  -3.6   6.5  13.4  15.9  20.6  19.6  13.3   5.6   0.7  -7.9   506   506   506   506   506   506   506   506   506   506   506   506 
1981 -10.4  -5.8   0.8   6.8  10.5  17.4  19.7  19.1  13.4   5.8   2.3  -5.5   506   506   506   506   506   506   506   506   506   506   506   506 
1982 -14.3  -9.1  -3.1   3.6  14.8  14.5  20.5  17.2  13.2   9.7   0.7  -2.3   506   506   506   506   506   506   506   506   506   506   506   506 
1983  -6.2  -3.3  -0.4   4.6   8.9  17.5  22.8  21.5  15.4   9.2   2.6 -11.7   506   506   506   506   506   506   506   506   506   506   506   506 
1984 -10.7  -2.5  -4.2   6.6  10.3  18.3  19.8  19.9  13.3  10.0   1.5  -4.7   506   506   506   506   506   506   506   506   506   506   506   506 
1985 -10.8  -9.1   0.5   7.4  13.9  15.9  19.5  18.0  14.4   8.2  -1.2 -12.2   506   506   506   506   506   506   506   506   506   506   506   506 
1986  -9.0  -8.3  -1.0   8.0  13.5  16.4  20.9  17.4  14.4   8.5  -1.2  -4.0   506   506   506   506   506   506   506   506   506   506   506   506 
1987  -5.4  -3.0   1.6   8.2  13.6  20.0  21.9  18.9  15.2   5.7   3.0  -2.7   506   506   506   506   506   506   506   506   506   506   506   506 
1988 -11.6  -9.7  -1.1   6.1  13.9  19.8  21.9  21.1  15.2   5.3   2.0  -6.3   506   506   506   506   506   506   506   506   506   506   506   506 
1989  -5.6  -9.8  -4.8   4.8  11.4  16.8  20.5  18.8  14.4   9.7  -0.3 -12.0   506   506   506   506   506   506   506   506   506   506   506   506 
1990  -4.0  -5.9   0.7   8.0  10.1  17.1  19.2  18.3  14.5   7.4   3.6  -6.0   506   506   506   506   506   506   506   506   506   506   506   506 
1991 -10.8  -5.4  -0.1   7.9  14.6  19.4  19.4  20.2  13.2   7.8  -1.6  -5.2   506   506   506   506   506   506   506   506   506   506   506   506 
1992  -5.7  -3.4  -1.8   4.2  12.4  15.8  16.9  16.8  13.3   7.6   0.2  -4.9   506   506   506   506   506   506   506   506   506   506   506   506 
1993  -8.0  -7.8  -1.0   3.6  12.0  15.9  19.9  19.8  11.8   6.7   0.3  -4.5   506   506   506   506   506   506   506   506   506   506   506   506 
1994 -14.3 -10.2  -0.5   6.2  12.6  18.8  19.3  17.5  16.0   9.5   3.5  -2.2   506   506   506   506   506   506   506   506   506   506   506   506 
1995  -6.6  -6.7   0.6   3.4  11.6  20.1  20.6  21.6  13.0   9.5  -2.8  -8.2   506   506   506   506   506   506   506   506   506   506   506   506 
1996 -10.6  -8.6  -4.1   3.4  10.0  17.3  18.3  20.0  15.0   8.2  -1.6  -5.9   506   506   506   506   506   506   506   506   506   506   506   506 
1997  -9.6  -5.5  -1.9   4.8   8.6  18.2  19.3  17.0  15.4   8.2  -0.3  -2.3   506   506   506   506   506   506   506   506   506   506   506   506 
1998  -6.6  -0.1   0.1   7.5  15.8  18.1  20.2  20.2  16.9   9.6   3.8  -2.5   506   506   506   506   506   506   506   506   506   506   506   506 
1999 -10.2  -2.2   1.1   7.9  13.8  18.9  21.8  18.3  14.2   7.5   4.8  -4.9   506   506   506   506   506   506   506   506   506   506   506   506 
2000  -8.2  -4.4   4.1   5.5  13.6  17.1  18.7  19.0  13.6  10.2   1.7 -10.9   506   506   506   506   506   506   506   506   506   506   506   506 
2001  -6.0  -7.6  -1.7   8.0  13.8  17.8  20.6  21.3  13.6   8.3   6.2  -1.5   506   506   506   506   506   506   506   506   506   506   506   506 
2002  -3.6  -2.7  -3.2   6.3   9.6  19.0  22.4  19.8  16.9   7.0   0.8  -3.5   506   506   506   506   506   506   506   506   506   506   506   506 
2003  -8.8 -10.0  -1.6   4.4  11.5  17.2  20.2  20.9  14.9   8.1   2.0  -2.4   506   506   506   506   506   506   506   506   506   506   506   506 
2004 -11.0  -6.0   1.0   6.7  11.0  16.1  19.0  17.1  17.4   9.1   3.1  -5.4   506   506   506   506   506   506   506   506   506   506   506   506 
2005  -9.1  -3.1  -3.2   7.7  11.2  20.5  21.2  20.5  16.9  10.6   1.9  -6.4   506   506   506   506   506   506   506   506   506   506   506   506 
2006  -1.8  -7.1   0.3   8.9  13.4  18.0  22.3  19.8  13.9   6.8   3.9  -1.7   506   506   506   506   506   506   506   506   506   506   506   506 
2007  -4.9 -10.0   1.3   6.5  14.6  19.6  20.3  20.7  16.5  12.2   1.1  -7.0   506   506   506   506   506   506   506   506   506   506   506   506 
2008  -8.1  -9.7  -3.7   6.8  10.6  18.1  20.6  19.1  15.7   8.7   2.0  -9.5   506   506   506   506   506   506   506   506   506   506   506   506 
2009 -13.1  -5.7  -1.3   5.9  12.5  17.4  17.8  18.4  15.7   6.4   5.2  -6.8   506   506   506   506   506   506   506   506   506   506   506   506 
2010  -7.0  -4.2   3.0   9.3  14.6  18.2  21.6  21.4  13.7   9.7   2.5  -6.4   506   506   506   506   506   506   506   506   506   506   506   506 
2011  -9.3  -6.7  -1.9   4.5  11.6  17.3  22.5  20.0  13.9   9.9   3.2  -2.9   506   506   506   506   506   506   506   506   506   506   506   506 
2012  -4.9  -1.8   7.4   6.6  15.0  18.7  22.8  19.5  14.1   7.7   1.8  -2.5   506   506   506   506   506   506   506   506   506   506   506   506 
2013  -7.3  -7.6  -3.1   3.1  12.6  18.2  20.4  19.5  14.7   8.4   0.6 -10.3   506   506   506   506   506   506   506   506   506   506   506   506 
2014 -14.0 -13.1  -7.8   3.6  11.4  18.5  18.6  19.0  14.1   7.9  -2.0  -4.4   506   506   506   506   506   506   506   506   506   506   506   506 
2015  -9.1 -12.7  -1.0   6.2  13.7  17.3  20.4  18.9  18.3   9.7   5.4   1.3   506   506   506   506   506   506   506   506   506   506   506   506 
2016  -6.5  -4.3   2.5   5.1  12.6  18.5  21.2  21.7  17.3  10.5   5.9  -5.5   506   506   506   506   506   506   506   506   506   506   506   506 
2017  -5.7  -2.4  -0.9   7.8 -99.0 -99.0 -99.0 -99.0 -99.0 -99.0 -99.0 -99.0   506   506   506   506   -99   -99   -99   -99   -99   -99   -99   -99 
