Number= 726590
Name= ABERDEEN RGNL AP
Country= USA
Lat=   45.4
Long=   98.4
Height= 395
Start year= 1890
End year= 2020
First Good year= 1890
Source ID= 64
Source file= Jones
Jones data to= 2017
Normals source= Data
Normals source start year= 1961
Normals source end year= 1990
Normals= -12.3  -8.6  -1.3   7.2  13.8  19.1  22.5  21.3  15.1   8.3  -1.1  -9.4 
Standard deviations source= Data
Standard deviations source start year= 1941
Standard deviations source end year= 1990
Standard deviations=   4.1   3.7   3.4   2.1   1.9   1.7   1.5   1.5   1.6   1.6   2.4   3.4 
Obs:
1890 -99.0 -99.0  -5.6 -99.0  10.9  19.1  22.1  18.9  12.0   5.8  -1.0  -5.1   -99   -99   506   -99   506   506   506   506   506   506   506   506 
1891  -6.0 -15.7  -9.7   7.4  13.0  16.5  18.3  19.1 -99.0   7.1  -6.1  -7.2   506   506   506   506   506   506   506   506   -99   506   506   506 
1892 -13.8  -8.2  -2.0   6.1   9.1  17.3  21.7  20.7  16.9   9.5  -4.2 -99.0   506   506   506   506   506   506   506   506   506   506   506   -99 
1893 -99.0 -13.4  -7.0   3.9  11.6  20.8  21.2  19.7  11.6   7.2  -2.7  -8.7   -99   506   506   506   506   506   506   506   506   506   506   506 
1894 -16.7 -12.6   0.6   7.8  14.0  21.2  23.4  21.7  11.8   7.2  -0.7  -0.7   506   506   506   506   506   506   506   506   506   506   506   506 
1895 -19.0 -13.6  -2.4  11.4  13.7  16.8  19.3  20.4  16.4   5.8  -4.4  -7.2   506   506   506   506   506   506   506   506   506   506   506   506 
1896 -11.6  -6.7  -7.8   6.1  13.3  18.6  21.9  20.8  13.0   7.2 -12.8  -8.2   506   506   506   506   506   506   506   506   506   506   506   506 
1897 -14.8 -13.1  -9.0   5.9  13.6  18.1  21.1  17.5  19.3   8.7  -3.3 -12.8   506   506   506   506   506   506   506   506   506   506   506   506 
1898  -7.4  -7.1  -2.5   6.7  12.0  19.0  21.2  20.8  15.2   4.3  -4.1  -9.4   506   506   506   506   506   506   506   506   506   506   506   506 
1899 -11.7 -15.6 -11.4   6.4  12.5  19.7  23.0  21.9  14.0   4.9   1.4  -8.7   506   506   506   506   506   506   506   506   506   506   506   506 
1900  -8.2 -13.3  -2.1  10.4  16.7  20.2  22.5  23.5  16.0   6.1  -5.2  -7.0   506   506   506   506   506   506   506   506   506   506   506   506 
1901 -11.1 -10.9  -2.9   7.6  15.8  18.3  24.7  21.3  13.1   8.2  -3.3 -11.9   506   506   506   506   506   506   506   506   506   506   506   506 
1902  -9.3 -11.1  -0.8   6.5  14.7  15.5  21.3  19.4  12.9   8.1   0.2 -13.5   506   506   506   506   506   506   506   506   506   506   506   506 
1903 -11.5 -14.4  -1.4   6.8  15.4  19.1  20.9  19.9  14.1  10.5  -1.5  -9.8   506   506   506   506   506   506   506   506   506   506   506   506 
1904 -14.6 -17.3  -3.9   4.4  13.5  17.4  18.8  18.5  14.5  10.1   3.2  -8.6   506   506   506   506   506   506   506   506   506   506   506   506 
1905 -14.4 -12.0   3.5   6.5  11.0  16.6  19.1  20.8  16.5   5.3   1.8  -8.8   506   506   506   506   506   506   506   506   506   506   506   506 
1906  -9.5 -10.4  -5.2   9.4  12.3  17.1  20.2  19.5  17.5   7.6  -1.2 -10.8   506   506   506   506   506   506   506   506   506   506   506   506 
1907 -18.4 -10.5  -0.6   3.0   7.5  17.0  20.0  20.0  12.4   7.4  -0.3  -5.3   506   506   506   506   506   506   506   506   506   506   506   506 
1908  -7.1  -8.8  -2.2   8.0  11.8  16.9  20.5  18.1  18.3   6.9   0.6  -9.8   506   506   506   506   506   506   506   506   506   506   506   506 
1909 -13.7 -10.8  -1.3   3.2  10.5  18.4  19.6  22.5  14.6   7.2  -1.8 -14.2   506   506   506   506   506   506   506   506   506   506   506   506 
1910 -13.1 -15.2   6.4   9.5  10.5  19.1  21.4  18.6  13.3  11.5  -2.9  -9.2   506   506   506   506   506   506   506   506   506   506   506   506 
1911 -16.0 -10.4   1.5   6.6  14.1  21.0  19.4  16.3  14.5   6.3  -8.2  -9.1   506   506   506   506   506   506   506   506   506   506   506   506 
1912 -21.2  -9.8  -5.5   8.8  14.3  17.3  20.8  19.1  12.1   8.8   1.9  -6.9   506   506   506   506   506   506   506   506   506   506   506   506 
1913 -13.2 -10.1  -5.2   9.6  11.6  20.3  20.0  23.0  16.2   5.4   2.6  -4.0   506   506   506   506   506   506   506   506   506   506   506   506 
1914  -8.4 -15.0  -0.8   7.2  13.3  18.4  22.5  18.7  15.9  10.4   1.4 -12.8   506   506   506   506   506   506   506   506   506   506   506   506 
1915 -13.9  -7.0  -5.5  11.5  10.7  15.1  17.3  17.2  14.4   9.4   1.9  -6.1   506   506   506   506   506   506   506   506   506   506   506   506 
1916 -17.9 -11.1  -1.8   6.4  12.1  15.4  23.9  18.7  13.4   5.7  -1.0 -14.5   506   506   506   506   506   506   506   506   506   506   506   506 
1917 -15.2 -16.2  -4.6   4.5  11.4  15.7  21.8  18.7  13.4   2.8   2.6 -15.3   506   506   506   506   506   506   506   506   506   506   506   506 
1918 -16.2 -11.2   2.3   5.2  12.6  17.8  19.1  20.5  12.2  10.0  -0.5  -6.9   506   506   506   506   506   506   506   506   506   506   506   506 
1919  -5.9 -11.1  -4.0   6.6  13.0  19.1  21.7  20.0  16.5   3.2  -6.2 -11.6   506   506   506   506   506   506   506   506   506   506   506   506 
1920 -12.9  -7.8  -3.2   2.0  12.5  17.1  20.0  19.6  16.3  10.7  -1.6  -7.4   506   506   506   506   506   506   506   506   506   506   506   506 
1921  -6.6  -4.9  -0.8   7.8  13.7  22.2  23.0  20.7  15.0   8.6  -6.3  -6.5   506   506   506   506   506   506   506   506   506   506   506   506 
1922 -13.0 -16.5  -1.5   7.5  15.3  20.2  21.2  22.9  17.6   9.8  -0.1 -10.9   506   506   506   506   506   506   506   506   506   506   506   506 
1923  -9.3 -13.1  -5.3   5.4  13.4  19.2  23.1  18.6  16.5   7.1   3.6  -4.1   506   506   506   506   506   506   506   506   506   506   506   506 
1924 -14.2  -5.7  -3.1   5.7   9.6  15.8  20.0  19.1  13.4  11.3  -0.5 -14.5   506   506   506   506   506   506   506   506   506   506   506   506 
1925 -12.6  -6.8   1.1  10.1  13.0  17.5  20.6  21.8  16.6   0.5  -0.8  -8.1   506   506   506   506   506   506   506   506   506   506   506   506 
1926  -8.3  -3.9  -2.4   7.0  16.8  18.1  21.8  19.7  13.2   8.4  -3.9 -10.0   506   506   506   506   506   506   506   506   506   506   506   506 
1927 -10.8  -7.0   0.5   6.6  10.3  17.3  20.7  19.1  16.3   9.1  -4.6 -18.1   506   506   506   506   506   506   506   506   506   506   506   506 
1928  -9.5  -6.8   0.2   3.9  16.0  17.0  22.2  20.5  13.4   7.4   0.0  -5.1   506   506   506   506   506   506   506   506   506   506   506   506 
1929 -17.3 -14.7   0.9   6.7  11.3  18.7  23.1  22.1  12.6   8.2  -3.4  -8.7   506   506   506   506   506   506   506   506   506   506   506   506 
1930 -16.4  -2.1  -1.1   8.9  11.9  19.0  24.9  22.3  15.0   6.8  -0.3  -4.8   506   506   506   506   506   506   506   506   506   506   506   506 
1931  -4.5  -1.5  -1.1   8.2  13.0  22.3  24.1  20.8  18.9  10.3   0.3  -7.1   506   506   506   506   506   506   506   506   506   506   506   506 
1932 -12.4  -9.6  -5.1   8.7  15.2  21.0  23.5  21.8  15.2   5.8  -2.0 -10.2   506   506   506   506   506   506   506   506   506   506   506   506 
1933  -8.0 -10.1  -0.4   6.6  13.2  25.2  24.2  21.3  18.1   6.5  -0.4 -11.2   506   506   506   506   506   506   506   506   506   506   506   506 
1934  -7.9  -5.6  -2.1   6.8  19.4  21.2  23.6  21.2  12.7  10.3   1.3  -9.5   506   506   506   506   506   506   506   506   506   506   506   506 
1935 -12.7  -2.3   0.1   4.9  11.0  17.4  25.0  21.0  16.3   6.6  -5.9 -10.1   506   506   506   506   506   506   506   506   506   506   506   506 
1936 -20.7 -23.2  -1.2   3.6  16.7  20.5  28.4  23.0  17.5   6.4  -3.2  -7.9   506   506   506   506   506   506   506   506   506   506   506   506 
1937 -20.8 -13.4  -3.3   5.1  15.2  18.5  23.8  24.4  15.9   7.2  -3.2 -10.7   506   506   506   506   506   506   506   506   506   506   506   506 
1938 -13.1 -11.8   2.2   7.8  12.4  19.2  22.7  23.9  16.9  11.9  -3.4  -6.9   506   506   506   506   506   506   506   506   506   506   506   506 
1939  -9.3 -16.6  -1.5   6.1  17.3  18.7  23.3  22.1  15.9   7.4   1.4  -3.5   506   506   506   506   506   506   506   506   506   506   506   506 
1940 -17.0  -9.4  -3.6   5.1  13.6  18.5  23.6  20.4  17.9  11.5  -4.2  -4.7   506   506   506   506   506   506   506   506   506   506   506   506 
1941 -11.4 -10.7  -3.2   8.4  16.1  18.7  23.2  22.5  15.2   7.9  -0.1  -4.9   506   506   506   506   506   506   506   506   506   506   506   506 
1942  -7.0  -8.2   0.1   9.0  10.7  17.5  20.7  20.2  12.4   8.2  -1.1 -10.6   506   506   506   506   506   506   506   506   506   506   506   506 
1943 -17.7  -8.3  -5.6   8.9  11.8  17.9  23.2  21.1  14.0   9.7  -1.9  -5.8   506   506   506   506   506   506   506   506   506   506   506   506 
1944  -5.3 -10.6  -6.0   4.9  16.3  18.2  21.1  20.0  14.6   9.1  -1.0  -7.9   506   506   506   506   506   506   506   506   506   506   506   506 
1945 -10.3  -9.0   1.9   5.1  10.2  14.7  20.8  20.7  14.0   7.7  -3.0 -13.0   506   506   506   506   506   506   506   506   506   506   506   506 
1946 -11.5  -9.9   3.9  10.3  11.5  19.0  22.3  18.9  14.3   6.0  -2.4  -8.1   506   506   506   506   506   506   506   506   506   506   506   506 
1947  -6.7 -10.7  -3.5   4.6  10.8  17.0  21.7  23.9  15.3  12.2  -5.2 -11.0   506   506   506   506   506   506   506   506   506   506   506   506 
1948 -13.7 -12.9  -5.1   8.9  13.5  17.4  22.3  21.1  18.2   8.3  -0.1  -9.3   506   506   506   506   506   506   506   506   506   506   506   506 
1949 -14.6 -13.8  -2.4   8.2  14.7  19.4  22.6  22.9  13.3   7.7   3.1 -10.1   506   506   506   506   506   506   506   506   506   506   506   506 
1950 -19.7 -11.5  -4.6   2.0  11.2  18.4  19.6  18.7  14.8   9.3  -4.4 -10.4   506   506   506   506   506   506   506   506   506   506   506   506 
1951 -15.3  -7.2  -8.9   5.4  14.2  15.2  20.7  19.2  12.8   6.8  -3.3 -13.9   506   506   506   506   506   506   506   506   506   506   506   506 
1952 -15.2  -8.2  -7.1   8.7  13.4  20.3  21.7  20.7  17.4   6.0  -0.2  -6.5   506   506   506   506   506   506   506   506   506   506   506   506 
1953 -10.3  -7.3  -1.1   3.9  12.4  19.0  21.1  22.1  15.4  11.8   1.9  -7.1   506   506   506   506   506   506   506   506   506   506   506   506 
1954 -15.4   1.2  -3.3   6.1  10.6  18.0  23.2  20.9  14.9   7.4   2.8  -6.6   506   506   506   506   506   506   506   506   506   506   506   506 
1955 -10.0 -12.7  -3.6  11.2  16.5  17.9  24.4  22.7  15.4   9.1  -6.7 -14.0   506   506   506   506   506   506   506   506   506   506   506   506 
1956 -13.1 -13.9  -4.2   3.1  13.3  22.0  20.7  20.3  14.1  10.4  -0.8  -5.7   506   506   506   506   506   506   506   506   506   506   506   506 
1957 -15.0  -8.3  -1.4   6.3  12.3  17.5  24.4  21.1  14.0   8.4  -0.4  -3.8   506   506   506   506   506   506   506   506   506   506   506   506 
1958  -7.2 -10.3  -0.8   6.8  14.9  15.8  19.9  22.0  16.4   9.2   0.1 -10.5   506   506   506   506   506   506   506   506   506   506   506   506 
1959 -14.1 -13.2   0.8   6.7  13.0  21.3  22.5  23.5  15.4   5.4  -5.4  -2.5   506   506   506   506   506   506   506   506   506   506   506   506 
1960 -11.8 -11.6  -9.2   6.6  13.4  17.4  23.0  20.4  14.0   8.5  -1.1  -9.3   506   506   506   506   506   506   506   506   506   506   506   506 
1961 -11.1  -8.6   1.7   4.0  11.8  20.2  21.8  23.4  13.4   9.2  -0.5 -11.7   506   506   506   506   506   506   506   506   506   506   506   506 
1962 -12.5 -11.3  -5.4   7.4  15.0  18.8  19.8  21.5  14.3  10.2   1.9  -6.9   506   506   506   506   506   506   506   506   506   506   506   506 
1963 -15.9  -8.2   2.7   7.5  13.4  21.1  23.2  22.0  17.1  13.5   1.1 -12.4   506   506   506   506   506   506   506   506   506   506   506   506 
1964  -8.6  -4.1  -4.8   8.2  14.9  19.5  24.2  19.3  14.0   8.4  -2.6 -13.6   506   506   506   506   506   506   506   506   506   506   506   506 
1965 -16.4 -11.3  -6.9   6.7  13.6  18.6  22.3  21.0  10.0  10.3  -1.4  -3.4   506   506   506   506   506   506   506   506   506   506   506   506 
1966 -17.6 -12.5   1.4   4.1  12.3  19.4  24.6  19.2  14.9   8.1  -3.7  -7.1   506   506   506   506   506   506   506   506   506   506   506   506 
1967  -9.5 -11.4   0.6   6.2  11.5  17.8  20.6  19.9  16.4   7.9  -0.5  -8.7   506   506   506   506   506   506   506   506   506   506   506   506 
1968 -12.0  -9.0   2.3   6.6  10.7  18.3  21.0  20.1  14.9   8.1  -0.3 -11.1   506   506   506   506   506   506   506   506   506   506   506   506 
1969 -15.7  -8.3  -8.4   8.4  14.3  15.5  20.8  22.5  17.0   5.3   0.6  -7.5   506   506   506   506   506   506   506   506   506   506   506   506 
1970 -16.5  -8.6  -4.8   5.3  14.0  20.6  22.9  21.8  16.5   8.4  -1.5 -10.8   506   506   506   506   506   506   506   506   506   506   506   506 
1971 -15.5 -10.0  -1.0   8.2  12.5  20.7  19.5  22.1  14.7   8.5  -0.6 -11.4   506   506   506   506   506   506   506   506   506   506   506   506 
1972 -15.0 -13.1  -2.2   6.5  15.3  18.9  20.2  21.3  15.1   6.1  -1.6 -12.6   506   506   506   506   506   506   506   506   506   506   506   506 
1973  -9.0  -4.9   3.5   6.9  13.5  19.4  22.0  23.6  13.7  10.3  -1.8 -10.6   506   506   506   506   506   506   506   506   506   506   506   506 
1974 -13.7  -7.8  -0.7   7.4  12.2  18.4  24.8  19.7  13.7   9.3  -0.2  -5.8   506   506   506   506   506   506   506   506   506   506   506   506 
1975  -9.0 -10.3  -4.6   4.1  14.8  19.4  25.1  21.7  14.3  10.4   0.5  -8.2   506   506   506   506   506   506   506   506   506   506   506   506 
1976 -11.3  -3.1  -1.0   9.6  13.7  20.9  23.7  24.2  16.6   5.9  -3.3  -9.8   506   506   506   506   506   506   506   506   506   506   506   506 
1977 -17.2  -4.5   0.7  10.9  18.1  19.6  23.2  18.5  15.2   7.8  -2.9 -11.8   506   506   506   506   506   506   506   506   506   506   506   506 
1978 -18.9 -14.6  -3.9   5.9  14.3  18.5  21.5  21.3  18.2   8.3  -4.5 -12.0   506   506   506   506   506   506   506   506   506   506   506   506 
1979 -18.6 -16.6  -4.1   4.6  11.2  18.3  21.2  20.0  17.1   7.5  -1.7  -3.7   506   506   506   506   506   506   506   506   506   506   506   506 
1980 -10.6  -9.8  -3.7   9.7  15.1  19.3  22.5  20.3  15.1   7.2   2.1  -6.8   506   506   506   506   506   506   506   506   506   506   506   506 
1981  -7.2  -4.7   1.8   9.8  13.3  18.3  23.4  22.1  16.7   7.8   2.6 -10.1   506   506   506   506   506   506   506   506   506   506   506   506 
1982 -19.3 -10.4  -2.6   5.5  14.5  16.5  23.0  21.4  14.9   7.6  -2.9  -4.4   506   506   506   506   506   506   506   506   506   506   506   506 
1983  -5.5  -2.8   0.2   4.8  11.4  17.9  23.5  24.2  15.5   8.0  -0.4 -18.6   506   506   506   506   506   506   506   506   506   506   506   506 
1984  -9.6  -1.5  -2.9   7.8  11.9  18.1  21.3  22.1  12.5   8.7  -0.2 -11.1   506   506   506   506   506   506   506   506   506   506   506   506 
1985 -13.6  -9.2   1.7  10.1  16.2  16.3  22.5  19.6  13.6   7.4  -8.7 -13.5   506   506   506   506   506   506   506   506   506   506   506   506 
1986  -8.2 -11.1   2.1   6.7  14.2  20.0  22.5  19.0  13.7   8.5  -3.2  -4.4   506   506   506   506   506   506   506   506   506   506   506   506 
1987  -5.2  -0.9   0.7  10.8  16.8  20.7  24.3  19.8  16.1   6.3   1.7  -4.2   506   506   506   506   506   506   506   506   506   506   506   506 
1988 -12.3  -9.7   0.5   7.4  17.5  23.8  24.6  22.7  15.1   6.9  -1.6  -7.4   506   506   506   506   506   506   506   506   506   506   506   506 
1989  -9.1 -15.1  -5.1   7.2  14.1  18.1  24.0  22.2  15.4   8.2  -1.9 -12.7   506   506   506   506   506   506   506   506   506   506   506   506 
1990  -3.7  -6.0   2.1   6.7  12.7  18.9  20.9  21.6  17.5   7.7   1.5 -11.0   506   506   506   506   506   506   506   506   506   506   506   506 
1991 -11.5  -2.4   1.0   9.1  16.0  21.5  22.3  22.6  15.5   6.9  -4.2  -4.7   506   506   506   506   506   506   506   506   506   506   506   506 
1992  -6.1  -2.0   2.1   6.4  15.0  17.4  17.7  17.7  14.5   7.4  -1.6  -9.9   506   506   506   506   506   506   506   506   506   506   506   506 
1993 -12.6 -11.4  -0.7   6.8  13.9  16.9  20.1  21.0  13.1   7.3  -2.6  -7.9   506   506   506   506   506   506   506   506   506   506   506   506 
1994 -17.8 -13.9   0.6   7.7  17.2  21.0  20.5  18.5  16.2   9.4   0.9  -8.1   506   506   506   506   506   506   506   506   506   506   506   506 
1995 -10.8  -8.7  -2.5   4.4  12.6  20.6  22.0  22.5  14.8   7.6  -2.7  -8.0   506   506   506   506   506   506   506   506   506   506   506   506 
1996 -15.0  -7.5  -5.5   5.3  12.4  19.9  20.4  21.7  15.3   7.8  -7.7 -14.0   506   506   506   506   506   506   506   506   506   506   506   506 
1997 -15.4  -9.2  -4.1   4.4  12.3  20.5  22.2  20.7  17.0   9.4  -3.4  -3.0   506   506   506   506   506   506   506   506   506   506   506   506 
1998  -9.6  -1.6  -3.4   9.3  16.0  17.7  23.2  22.3  18.5   9.5   1.2  -4.6   506   506   506   506   506   506   506   506   506   506   506   506 
1999 -12.4  -1.3   2.3   8.1  14.8  19.4  22.9  21.4  13.9   7.9   4.2  -3.6   506   506   506   506   506   506   506   506   506   506   506   506 
2000  -9.7  -2.7   3.2   6.9  15.0  19.0  22.2  21.4  15.7   9.9  -4.8 -15.6   506   506   506   506   506   506   506   506   506   506   506   506 
2001  -8.6 -15.0  -4.5   7.5  15.5  19.8  23.9  22.4  16.5   7.9   4.6  -6.5   506   506   506   506   506   506   506   506   506   506   506   506 
2002  -6.5  -2.0  -5.3   6.2  11.2  22.0  24.2  20.4  16.6   3.6  -0.3  -4.8   506   506   506   506   506   506   506   506   506   506   506   506 
2003  -8.9 -10.4  -1.5   8.4  13.1  18.8  22.4  22.7  15.1   9.8  -3.0  -4.4   506   506   506   506   506   506   506   506   506   506   506   506 
2004 -12.1  -7.3   2.7   8.2  12.9  17.1  21.0  17.9  17.3   8.9   1.8  -4.6   506   506   506   506   506   506   506   506   506   506   506   506 
2005 -10.9  -5.0   0.0   9.4  13.0  21.0  23.1  20.6  18.1   9.1   1.1  -7.6   506   506   506   506   506   506   506   506   506   506   506   506 
2006  -2.2  -6.3   1.0  10.3  14.7  20.3  24.6  22.1  14.0   6.1  -0.8  -3.5   506   506   506   506   506   506   506   506   506   506   506   506 
2007 -10.9 -12.7   1.9   5.7  16.3  21.0  23.8  20.7  16.3  10.0   0.0 -11.0   506   506   506   506   506   506   506   506   506   506   506   506 
2008 -13.3 -10.6  -1.4   6.0  12.9  18.4  22.9  21.6  15.9   8.2   0.5 -12.4   506   506   506   506   506   506   506   506   506   506   506   506 
2009 -13.8  -8.8  -2.5   6.5  13.9  17.9  20.2  19.3  17.5   5.1   4.0 -11.2   506   506   506   506   506   506   506   506   506   506   506   506 
2010 -12.3 -11.4   2.0  11.0  13.9  20.1  23.0  23.5  14.9  10.1  -0.4 -10.1   506   506   506   506   506   506   506   506   506   506   506   506 
2011 -14.0 -11.4  -5.6   6.4  13.1  19.6  25.2  22.1  15.8  11.0   0.5  -3.4   506   506   506   506   506   506   506   506   506   506   506   506 
2012  -5.2  -3.7   7.3  10.0  15.7  21.8  25.7  20.7  15.9   7.5   0.2  -8.4   506   506   506   506   506   506   506   506   506   506   506   506 
2013  -9.5  -8.8  -6.0   2.4  14.2  19.3  21.9  21.8  18.5   6.6  -1.9 -13.3   506   506   506   506   506   506   506   506   506   506   506   506 
2014 -12.0 -13.2  -2.9   5.7  13.7  18.3  20.4  20.4  16.1   9.9  -4.7  -4.9   506   506   506   506   506   506   506   506   506   506   506   506 
2015  -7.6 -10.8   1.7   9.2  12.9  20.6  22.6  20.4  18.4  10.5   2.9  -5.2   506   506   506   506   506   506   506   506   506   506   506   506 
2016  -7.9  -2.0   4.7   7.8  15.1  21.4  22.2  21.5  16.8  10.1   4.7 -10.3   506   506   506   506   506   506   506   506   506   506   506   506 
2017 -10.6  -2.7  -0.5   8.9  13.8  19.7  23.3  18.9  16.5   8.3  -1.1  -8.1   506   506   506   506   900   900   900   900   900   900   900   900 
2018  -9.2 -13.4  -2.0   2.1  18.1  22.3  22.4  21.0  15.6   5.3  -3.9  -5.5   900   900   900   900   900   900   900   900   900   900   900   902 
2019 -12.2 -16.8  -6.1   6.6  11.5  20.2  22.8  20.0  17.2   4.8  -1.1  -7.8   900   900   900   900   900   900   900   900   900   900   900   900 
2020  -9.4  -7.5   1.1   5.5  13.4  22.5  24.0  22.8  15.7   5.1   2.4  -3.5   900   900   900   900   900   900   900   900   900   900   900   900 
