Number= 789880
Name= DR. A. PLESMAN AP
Country= NETH. ANTILLE
Lat=   12.2
Long=   69.0
Height= 8
Start year= 1919
End year= 2020
First Good year= 1919
Source ID= 10
Source file= Jones
Jones data to= 2012
Normals source= Data
Normals source start year= 1961
Normals source end year= 1990
Normals=  26.3  26.3  26.7  27.3  27.9  28.2  28.1  28.5  28.7  28.3  27.7  26.8 
Standard deviations source= Data
Standard deviations source start year= 1941
Standard deviations source end year= 1990
Standard deviations=   0.5   0.5   0.5   0.4   0.5   0.4   0.3   0.3   0.4   0.4   0.4   0.5 
Obs:
1919  25.9  26.3  26.3  27.4  28.1  27.8  27.6  28.3  28.5  28.5  27.5  26.7   506   506   506   506   506   506   506   506   506   506   506   506 
1920  26.0  26.2  26.6  26.9  27.1  27.5  27.6  27.6  26.5  28.0  27.2  26.4   506   506   506   506   506   506   506   506   506   506   506   506 
1921  26.1  26.4  26.2  26.3  27.2  27.9  28.2  28.5  29.2  27.3  27.2  25.9   506   506   506   506   506   506   506   506   506   506   506   506 
1922  26.0  25.7  26.3  27.1  27.6  27.8  27.6  28.2  28.8  27.6  26.4  25.4   506   506   506   506   506   506   506   506   506   506   506   506 
1923  24.8  25.3  25.8  26.5  27.3  27.7  28.0  28.2  28.6  28.4  27.8  26.1   506   506   506   506   506   506   506   506   506   506   506   506 
1924  25.9  25.9  26.9  27.5  28.1  27.9  27.6  28.3  28.3  27.3  27.0  25.5   506   506   506   506   506   506   506   506   506   506   506   506 
1925  25.0  25.2  25.4  26.7  27.3  27.2  28.0  28.3  28.5  28.3  27.5  27.1   506   506   506   506   506   506   506   506   506   506   506   506 
1926  26.5  26.7  27.1  27.6  28.5  28.4  28.8  29.2  29.2  29.0  27.3  26.6   506   506   506   506   506   506   506   506   506   506   506   506 
1927  25.6  25.6  26.8  26.7  26.8  27.4  28.0  28.7 -99.0 -99.0 -99.0 -99.0   506   506   506   506   506   506   506   506   -99   -99   -99   -99 
1928  25.2  25.9  26.2  26.5  27.4  27.3  27.6  28.3  29.1  28.8  27.2  26.7   506   506   506   506   506   506   506   506   506   506   506   506 
1929  25.5  25.5  25.5  26.5  27.5  27.9  28.3  28.8  29.6  29.2  28.0  26.8   506   506   506   506   506   506   506   506   506   506   506   506 
1930  25.8  25.9  26.7  27.3  27.5  27.5  27.3  27.8  28.7  29.0  27.9  27.2   506   506   506   506   506   506   506   506   506   506   506   506 
1931  26.3  26.9  27.5  27.9  28.8  29.0  28.3  28.7  28.7  29.0  28.2  27.0   506   506   506   506   506   506   506   506   506   506   506   506 
1932  26.1  26.0  27.0  27.4  28.4  28.8  27.9  29.4  30.0  28.5  27.8  27.1   506   506   506   506   506   506   506   506   506   506   506   506 
1933  25.9  25.6  26.6  27.5  28.8  28.6  28.5  29.0  28.6  28.5  26.9  26.0   506   506   506   506   506   506   506   506   506   506   506   506 
1934  25.3  25.8  26.3  27.1  27.7  27.9  28.3  28.7  28.8  28.7  27.7  26.8   506   506   506   506   506   506   506   506   506   506   506   506 
1935  26.1  26.9  26.1  27.2  27.9  28.2  28.4  28.7  28.9  28.3  27.2  26.4   506   506   506   506   506   506   506   506   506   506   506   506 
1936  25.9  25.6  26.4  26.9  28.5  28.5  28.0  28.8  29.1  28.7  27.9  26.8   506   506   506   506   506   506   506   506   506   506   506   506 
1937  26.0  26.3  26.6  27.5  28.2  28.0  28.4  29.2  30.0  29.7  28.9  27.1   506   506   506   506   506   506   506   506   506   506   506   506 
1938 -99.0 -99.0 -99.0 -99.0 -99.0 -99.0 -99.0 -99.0 -99.0 -99.0 -99.0 -99.0   -99   -99   -99   -99   -99   -99   -99   -99   -99   -99   -99   -99 
1939 -99.0 -99.0 -99.0 -99.0 -99.0 -99.0 -99.0 -99.0 -99.0 -99.0 -99.0 -99.0   -99   -99   -99   -99   -99   -99   -99   -99   -99   -99   -99   -99 
1940 -99.0 -99.0 -99.0 -99.0 -99.0 -99.0 -99.0 -99.0 -99.0 -99.0 -99.0 -99.0   -99   -99   -99   -99   -99   -99   -99   -99   -99   -99   -99   -99 
1941 -99.0 -99.0 -99.0 -99.0 -99.0 -99.0 -99.0 -99.0 -99.0 -99.0 -99.0 -99.0   -99   -99   -99   -99   -99   -99   -99   -99   -99   -99   -99   -99 
1942 -99.0 -99.0 -99.0 -99.0 -99.0 -99.0 -99.0 -99.0 -99.0 -99.0 -99.0 -99.0   -99   -99   -99   -99   -99   -99   -99   -99   -99   -99   -99   -99 
1943 -99.0 -99.0 -99.0 -99.0 -99.0 -99.0 -99.0 -99.0 -99.0 -99.0 -99.0 -99.0   -99   -99   -99   -99   -99   -99   -99   -99   -99   -99   -99   -99 
1944 -99.0 -99.0 -99.0 -99.0 -99.0 -99.0 -99.0 -99.0 -99.0 -99.0 -99.0 -99.0   -99   -99   -99   -99   -99   -99   -99   -99   -99   -99   -99   -99 
1945 -99.0 -99.0 -99.0 -99.0 -99.0 -99.0 -99.0 -99.0 -99.0 -99.0 -99.0 -99.0   -99   -99   -99   -99   -99   -99   -99   -99   -99   -99   -99   -99 
1946 -99.0 -99.0 -99.0 -99.0 -99.0 -99.0 -99.0 -99.0 -99.0 -99.0 -99.0 -99.0   -99   -99   -99   -99   -99   -99   -99   -99   -99   -99   -99   -99 
1947 -99.0 -99.0 -99.0 -99.0 -99.0 -99.0 -99.0 -99.0 -99.0 -99.0 -99.0 -99.0   -99   -99   -99   -99   -99   -99   -99   -99   -99   -99   -99   -99 
1948 -99.0 -99.0 -99.0 -99.0 -99.0 -99.0 -99.0 -99.0 -99.0 -99.0 -99.0 -99.0   -99   -99   -99   -99   -99   -99   -99   -99   -99   -99   -99   -99 
1949 -99.0 -99.0 -99.0 -99.0 -99.0 -99.0 -99.0 -99.0 -99.0 -99.0 -99.0 -99.0   -99   -99   -99   -99   -99   -99   -99   -99   -99   -99   -99   -99 
1950 -99.0 -99.0 -99.0 -99.0 -99.0 -99.0 -99.0 -99.0 -99.0 -99.0 -99.0 -99.0   -99   -99   -99   -99   -99   -99   -99   -99   -99   -99   -99   -99 
1951  26.0  25.5  26.0  27.1  28.0  28.2  28.2  28.7  29.2  28.6  28.0  27.0   506   506   506   506   506   506   506   506   506   506   506   506 
1952  26.1  26.4  27.0  27.7  28.4  28.3  28.2  28.7  29.1  29.2  27.9  27.1   506   506   506   506   506   506   506   506   506   506   506   506 
1953  26.6  26.2  26.3  27.6  27.9  28.4  28.3  28.6  28.9  28.5  28.3  27.3   506   506   506   506   506   506   506   506   506   506   506   506 
1954  26.4  26.2  27.0  27.0  27.7  28.0  28.2  28.6  28.9  27.4  27.5  26.7   506   506   506   506   506   506   506   506   506   506   506   506 
1955  26.4  26.2  26.1  26.5  27.5  27.8  28.0  29.1  28.3  28.2  27.6  26.7   506   506   506   506   506   506   506   506   506   506   506   506 
1956  26.2  25.9  26.2  27.1  27.6  27.6  27.8  28.1  28.2  27.9  27.8  26.3   506   506   506   506   506   506   506   506   506   506   506   506 
1957  25.4  25.2  26.1  26.5  26.8  27.6  27.8  28.3  28.6  28.7  27.9  26.9   506   506   506   506   506   506   506   506   506   506   506   506 
1958  26.7  26.9  27.4  27.9  28.6  29.1  28.3  28.9  29.4  29.0  27.7  26.9   506   506   506   506   506   506   506   506   506   506   506   506 
1959  26.5  26.2  26.3  27.2  27.5  27.8  27.9  28.0  28.5  27.9  27.6  27.5   506   506   506   506   506   506   506   506   506   506   506   506 
1960  26.6  26.9  27.0  27.5  28.1  28.1  28.1  27.9  28.6  28.4  28.0  26.9   506   506   506   506   506   506   506   506   506   506   506   506 
1961  26.6  26.4  26.4  27.0  27.4  27.6  27.6  28.2  28.2  28.4  26.8  26.4   506   506   506   506   506   506   506   506   506   506   506   506 
1962  26.1  26.0  26.5  27.2  27.9  28.3  28.3  28.5  28.9  28.6  27.7  26.9   506   506   506   506   506   506   506   506   506   506   506   506 
1963  26.2  26.3  26.5  27.2  27.5  28.1  27.7  28.7  29.0  28.9  27.8  27.6   506   506   506   506   506   506   506   506   506   506   506   506 
1964  26.5  26.4  26.6  27.3  27.7  27.9  27.9  28.9  29.0  28.0  27.5  25.9   506   506   506   506   506   506   506   506   506   506   506   506 
1965  25.7  25.3  26.1  26.9  27.8  27.7  28.1  28.1  29.0  28.5  27.9  27.2   506   506   506   506   506   506   506   506   506   506   506   506 
1966  26.8  26.6  26.9  27.5  28.0  28.0  28.3  28.7  28.5  27.9  27.0  26.4   506   506   506   506   506   506   506   506   506   506   506   506 
1967  25.8  25.9  26.4  26.7  27.1  27.7  27.7  28.1  28.3  28.3  27.5  26.7   506   506   506   506   506   506   506   506   506   506   506   506 
1968  25.9  26.0  26.7  27.2  27.9  28.2  28.3  28.2  28.5  28.4  27.7  27.0   506   506   506   506   506   506   506   506   506   506   506   506 
1969  26.1  26.3  27.5  28.2  28.5  28.8  28.5  28.6  29.3  28.3  27.8  27.4   506   506   506   506   506   506   506   506   506   506   506   506 
1970  27.0  27.1  27.1  27.8  28.5  28.6  28.3  28.6  28.6  28.0  26.9  26.3   506   506   506   506   506   506   506   506   506   506   506   506 
1971  25.6  26.0  26.6  26.9  27.5  27.8  27.5  27.9  27.9  27.6  27.4  26.4   506   506   506   506   506   506   506   506   506   506   506   506 
1972  25.8  26.0  26.6  27.2  27.7  28.2  27.8  28.1  28.7  28.6  27.9  27.2   506   506   506   506   506   506   506   506   506   506   506   506 
1973  27.1  26.8  27.1  27.4  28.1  28.1  28.2  28.3  28.2  27.6  26.9  25.9   506   506   506   506   506   506   506   506   506   506   506   506 
1974  25.7  25.8  26.3  26.5  26.5  27.4  27.7  28.2  28.1  28.0  27.4  26.4   506   506   506   506   506   506   506   506   506   506   506   506 
1975  26.1  26.2  26.7  26.8  27.7  27.9  27.6  28.2  28.4  27.5  27.5  25.5   506   506   506   506   506   506   506   506   506   506   506   506 
1976  25.1  25.4  25.3  26.6  27.5  27.8  27.7  28.3  28.4  28.2  27.8  26.6   506   506   506   506   506   506   506   506   506   506   506   506 
1977  26.7  26.6  26.5  26.9  27.9  28.0  28.3  28.7  29.0  28.7  28.2  27.4   506   506   506   506   506   506   506   506   506   506   506   506 
1978  26.5  27.0  27.3  28.1  28.5  28.5  28.2  28.3  28.6  28.5  28.2  26.9   506   506   506   506   506   506   506   506   506   506   506   506 
1979  26.4  27.1  27.2  27.6  28.2  28.6  28.3  28.7  29.0  28.7  28.2  26.7   506   506   506   506   506   506   506   506   506   506   506   506 
1980  26.5  26.4  26.8  27.7  28.3  28.6  28.6  28.7  29.0  28.9  27.8  27.1   506   506   506   506   506   506   506   506   506   506   506   506 
1981  26.9  27.2  27.4  27.6 -99.0  28.1  28.7  28.7  28.7  28.7  28.5  27.8   506   506   506   506   -99   506   506   506   506   506   506   506 
1982  26.5  26.5  26.7  27.4  28.0  28.2  28.0  28.6  28.8  28.5  27.7  27.0   506   506   506   506   506   506   506   506   506   506   506   506 
1983  26.6  26.6  27.4  27.7  28.4  29.0  28.5  28.7  29.1  28.5  28.3  27.2   506   506   506   506   506   506   506   506   506   506   506   506 
1984  26.7  26.9 -99.0  27.3  28.2  28.2  27.9  28.2  28.3  28.1  27.3  26.6   506   506   -99   506   506   506   506   506   506   506   506   506 
1985  25.8  26.1  26.4  27.0  27.9  27.9  28.1  28.4  28.5  28.0  27.2  26.3   506   506   506   506   506   506   506   506   506   506   506   506 
1986  25.9  26.0  26.8  27.4  27.7  28.3  28.1  28.5  28.4  28.1  27.6  27.2   506   506   506   506   506   506   506   506   506   506   506   506 
1987  26.6  26.8  27.2  28.2  28.8  29.2  28.8  29.2  29.2  28.8  28.5  28.1   506   506   506   506   506   506   506   506   506   506   506   506 
1988  26.8  26.8  27.1  27.7  28.4  28.8  28.9  28.2  28.2  27.2 -99.0  25.9   506   506   506   506   506   506   506   506   506   506   -99   506 
1989  25.8  25.6  26.2  27.1  27.2  27.7  28.3  28.8  28.7  28.3  27.7  26.7   506   506   506   506   506   506   506   506   506   506   506   506 
1990  26.0  25.8  26.5  27.3  28.0  28.5  28.3  28.3  29.2  28.4  28.1  26.9   506   506   506   506   506   506   506   506   506   506   506   506 
1991  26.4  26.8  26.9  27.5  28.2  28.2  28.3  28.6  28.8  28.6  27.6  26.4   506   506   506   506   506   506   506   506   506   506   506   506 
1992  26.5  26.8  27.1  27.8  28.8  28.9  28.3  29.0  28.8  29.1  28.0  27.3   506   506   506   506   506   506   506   506   506   506   506   506 
1993  26.7  26.8  27.2  28.1  29.2  29.4  29.1  29.1  29.0  29.3  28.3  27.9   506   506   506   506   506   506   506   506   506   506   506   506 
1994  26.9  26.7  27.5  28.1  28.3  29.0  28.6  29.0  29.3  28.8  28.9  27.8   506   506   506   506   506   506   506   506   506   506   506   506 
1995  27.6  27.5  27.5  28.4  29.1  29.4  28.9  29.4  30.0  28.9  28.7  27.8   506   506   506   506   506   506   506   506   506   506   506   506 
1996  27.3  27.6  27.8  28.2  28.6  28.9  28.9  29.4  29.8  28.6  27.9  27.5   506   506   506   506   506   506   506   506   506   506   506   506 
1997  26.8  27.0  26.9  27.8  28.9  29.1  28.3  28.5  29.1  29.2  28.1  27.8   506   506   506   506   506   506   506   506   506   506   506   506 
1998  27.4  27.1  27.3  28.2  28.9  29.0  28.7  29.7  30.7  29.7  29.0  28.0   506   506   506   506   506   506   506   506   506   506   506   506 
1999  27.2  27.2  28.1  28.3  29.2  29.7  29.5  30.2  29.9  29.0  28.4  27.4   506   506   506   506   506   506   506   506   506   506   506   506 
2000  26.6  27.0  27.3  28.3  29.0  29.1  29.2  30.3  29.9  30.0  28.4  28.0   506   506   506   506   506   506   506   506   506   506   506   506 
2001  27.6  27.2  27.6  28.5  29.4  29.3  28.8  29.0  29.5  28.6  28.2  27.5   506   506   506   506   506   506   506   506   506   506   506   506 
2002  26.8  26.6  27.1  27.4  28.3  28.3  28.2  28.9  29.1  28.5  27.8  27.3   506   506   506   506   506   506   506   506   506   506   506   506 
2003  26.8  26.9  26.8  27.7  28.1  27.9  27.8  28.6  29.0  28.8  28.0  27.0   506   506   506   506   506   506   506   506   506   506   506   506 
2004  26.1  26.4  26.7  27.5  27.8  28.0  27.9  28.5  28.8  28.2  27.0  26.7   506   506   506   506   506   506   506   506   506   506   506   506 
2005  26.0  26.1  27.6  27.6  28.5  28.6  28.5  29.0  28.9  28.0  27.0  26.1   506   506   506   506   506   506   506   506   506   506   506   506 
2006  25.9  26.0  26.7  27.2  28.5  28.7  28.3  28.7  29.1  29.0  28.4  27.6   506   506   506   506   506   506   506   506   506   506   506   506 
2007  26.7  26.7  27.3  27.9  28.7  29.0  28.8  29.0  28.8  28.4  28.3  26.8   506   506   506   506   506   506   506   506   506   506   506   506 
2008  26.6  26.6  26.7  27.4  27.9  28.2  28.3  29.0  29.2  27.8  27.3  26.5   506   506   506   506   506   506   506   506   506   506   506   506 
2009  26.4  26.0  26.1  27.4  27.8  28.1 -99.0  28.9  29.5  29.0  28.8  27.8   506   506   506   506   506   506   -99   506   506   506   506   506 
2010  27.4  27.1  28.1  28.4  29.2  28.6  29.1  29.6  28.5  28.4  27.1  26.6   506   506   506   506   506   506   506   506   506   506   506   506 
2011  26.7  26.5  25.5  26.7  27.6  28.4  28.1 -99.0  28.6  28.0 -99.0  27.0   506   506   506   506   506   506   506   -99   506   506   -99   506 
2012  26.1  26.3 -99.0  27.4  28.3  28.3  28.6  28.8  29.0  27.8  26.8  26.1   506   506   -99   506   506   506   506   506   506   506   506   506 
2013 -99.0  27.1  27.6  27.9  28.5  28.8  28.8  29.1  29.5  29.1  27.7  26.6   -99   900   900   902   900   900   900   900   900   900   900   900 
2014  25.7  26.7  27.1  27.6  27.8  28.5  28.5  29.0  29.2  29.0  28.2 -99.0   900   900   900   900   900   900   903   900   900   900   902   -99 
2015  27.1  27.4  27.2  27.8  27.9  28.2  28.4  29.1  29.8  29.3  28.3  27.7   900   903   903   902   902   903   903   900   902   902   902   902 
2016  26.6  27.1  27.7  28.3  28.9  29.2  29.2  29.5  29.3  29.4  28.2  27.3   902   903   903   903   902   900   900   903   903   902   900   900 
2017  26.2  26.7  27.2  28.1  28.5  28.6  28.8  29.2  29.8  29.0  28.4  27.5   902   900   900   900   900   900   900   900   900   903   903   903 
2018  27.2  26.2  27.0  27.7  27.9  28.1  28.2  28.8  29.2  28.1  27.9  26.8   900   903   900   900   900   900   900   900   900   900   900   900 
2019  26.5 -99.0  27.0  27.4  28.1  28.6  28.5  29.3  29.4  29.2  28.8 -99.0   900   -99   900   900   900   900   900   900   900   900   900   -99 
2020  26.9  27.4  27.6  28.2  28.4 -99.0 -99.0  29.4  29.8 -99.0 -99.0 -99.0   900   900   900   900   900   -99   -99   900   900   -99   -99   -99 
