Number= 946950
Name= WILCANNIA
Country= AUSTRALIA
Lat=  -31.6
Long= -143.4
Height= 75
Start year= 1881
End year= 2015
First Good year= 1881
Source ID= 57
Source file= Jones
Jones data to= 2015
Normals source= Data
Normals source start year= 1961
Normals source end year= 1990
Normals=  27.2  26.8  23.9  19.1  14.4  11.1  10.4  12.1  15.0  19.3  22.9  25.5 
Standard deviations source= Data
Standard deviations source start year= 1941
Standard deviations source end year= 1990
Standard deviations=   1.8   1.3   1.2   1.1   1.1   1.0   1.0   1.1   1.3   1.3   1.4   1.3 
Obs:
1881  25.5  27.3  22.7  20.8  14.3   8.3   8.4  10.1  14.6  17.9  21.4  26.2   506   506   506   506   506   506   506   506   506   506   506   506 
1882 -99.0 -99.0 -99.0 -99.0 -99.0 -99.0 -99.0 -99.0 -99.0 -99.0 -99.0 -99.0   -99   -99   -99   -99   -99   -99   -99   -99   -99   -99   -99   -99 
1883 -99.0 -99.0 -99.0 -99.0 -99.0 -99.0 -99.0 -99.0 -99.0 -99.0 -99.0 -99.0   -99   -99   -99   -99   -99   -99   -99   -99   -99   -99   -99   -99 
1884 -99.0 -99.0 -99.0 -99.0  13.4  13.0 -99.0 -99.0  15.6  21.2  24.8  25.3   -99   -99   -99   -99   506   506   -99   -99   506   506   506   506 
1885  25.6  25.6  23.2  19.0  14.3  11.8  10.6 -99.0  16.8  23.0  24.5  28.0   506   506   506   506   506   506   506   -99   506   506   506   506 
1886  29.4  26.9  25.6  21.2  15.7 -99.0 -99.0 -99.0 -99.0 -99.0 -99.0  28.1   506   506   506   506   506   -99   -99   -99   -99   -99   -99   506 
1887  30.3 -99.0 -99.0 -99.0 -99.0 -99.0 -99.0 -99.0 -99.0  20.7  22.8  25.3   506   -99   -99   -99   -99   -99   -99   -99   -99   506   506   506 
1888  24.7  24.9  22.2  17.5  13.0  11.1   8.7  10.5  15.5  18.6  24.5  27.8   506   506   506   506   506   506   506   506   506   506   506   506 
1889  27.3  28.3  26.2  19.2  14.4  10.8   8.7  11.3  13.6  19.1  22.2  26.3   506   506   506   506   506   506   506   506   506   506   506   506 
1890  28.2  28.3  25.2  19.3  14.7  11.9   8.6  10.2  14.9  18.6  20.2  24.0   506   506   506   506   506   506   506   506   506   506   506   506 
1891  25.0  26.9  26.2  18.0  13.7  10.2   8.7  10.5  13.4  17.7  21.2  24.3   506   506   506   506   506   506   506   506   506   506   506   506 
1892  24.8  27.8  26.2  15.6  10.8   8.5   7.2   9.8  13.4  18.4  20.7  22.5   506   506   506   506   506   506   506   506   506   506   506   506 
1893  24.3  25.7  24.3 -99.0  11.9   8.3   7.6  10.1  13.4  20.6  21.4  24.6   506   506   506   -99   506   506   506   506   506   506   506   506 
1894  26.9  26.2  25.2  18.4  12.3  11.4   8.0  10.1  12.1  17.2  19.8  24.5   506   506   506   506   506   506   506   506   506   506   506   506 
1895  25.1  26.6  25.1  19.4  12.1  10.4   7.9  11.5  14.6  20.7  21.6  24.9   506   506   506   506   506   506   506   506   506   506   506   506 
1896  31.0  27.2  25.6  18.5  12.9   8.6   6.8   8.9  12.8  21.0  21.7  25.8   506   506   506   506   506   506   506   506   506   506   506   506 
1897  24.2  25.6  20.7  19.0  10.8   9.2   9.1   9.1  13.3  17.2  23.2  25.9   506   506   506   506   506   506   506   506   506   506   506   506 
1898  25.9  26.7  22.7  15.8   9.8   9.2   7.2  10.3  14.7  19.4  20.1  24.0   506   506   506   506   506   506   506   506   506   506   506   506 
1899  23.1  28.0  24.5  19.9  12.2   9.6   7.2  11.3  16.1  17.0  21.6  26.8   506   506   506   506   506   506   506   506   506   506   506   506 
1900  25.5  27.7  22.7  16.7  11.4  10.2   6.6 -99.0  12.6  17.9  22.6  24.9   506   506   506   506   506   506   506   -99   506   506   506   506 
1901  24.0  27.8  22.8  17.1  13.0   8.0   6.9   9.4  15.0  17.0  23.6  25.1   506   506   506   506   506   506   506   506   506   506   506   506 
1902  25.5  25.3  23.0  17.6  12.0   9.1   7.6   8.6  13.8  17.8  22.1  22.6   506   506   506   506   506   506   506   506   506   506   506   506 
1903  24.6  24.4  25.0  18.1  11.3   8.4   7.5   9.5  13.2  18.3  20.4  21.1   506   506   506   506   506   506   506   506   506   506   506   506 
1904  23.5  24.0  21.8  18.2  13.5   8.8   7.4   9.3  11.9  18.0  20.5  24.1   506   506   506   506   506   506   506   506   506   506   506   506 
1905  26.5  23.1  22.4  17.6  12.1   8.4   7.1   8.5  10.4  12.8  19.2  23.3   506   506   506   506   506   506   506   506   506   506   506   506 
1906  27.6  28.2 -99.0  18.6  13.7  10.7   8.7   9.9  12.4  16.4  17.2  23.6   506   506   -99   506   506   506   506   506   506   506   506   506 
1907  23.5  25.1  21.0  16.3  12.4   9.1   7.5  10.1  13.9  17.6  20.2  23.8   506   506   506   506   506   506   506   506   506   506   506   506 
1908  27.0  25.7  21.8  17.3  11.8   7.0   7.0   8.9  10.9  17.0  22.2  23.9   506   506   506   506   506   506   506   506   506   506   506   506 
1909  24.2  23.6  23.4  15.7  11.9   9.6   6.8   9.7  12.2  17.5  19.7  20.3   506   506   506   506   506   506   506   506   506   506   506   506 
1910  24.9  26.2  22.9  18.6  13.5  10.1   8.3  10.5  13.9  15.3  18.8  21.8   506   506   506   506   506   506   506   506   506   506   506   506 
1911  23.4  23.3  22.0  16.6  12.8   7.6   8.9  12.4  15.1  17.0  21.1  22.3   506   506   506   506   506   506   506   506   506   506   506   506 
1912  24.8  27.9  24.7  16.5  11.5   9.5   7.6  10.5  13.6  17.4  18.8  23.0   506   506   506   506   506   506   506   506   506   506   506   506 
1913  25.6  26.0  22.5  19.4  10.6   8.0   8.6  10.2  13.1  18.1  19.0  24.4   506   506   506   506   506   506   506   506   506   506   506   506 
1914  26.2  27.8  24.1  19.0  13.0  10.3   8.0  12.3  13.6  19.5  23.9  24.8   506   506   506   506   506   506   506   506   506   506   506   506 
1915  24.5  26.9  22.9  17.2  11.8  11.0   9.3  10.7  14.1  16.7  19.7  23.6   506   506   506   506   506   506   506   506   506   506   506   506 
1916  26.1  25.5  23.1  15.6  12.8  10.4   8.5   9.7  13.8  15.3  16.0  22.5   506   506   506   506   506   506   506   506   506   506   506   506 
1917  24.6  22.7  22.6  16.0  11.8   9.5   8.8   9.5  13.6  17.2  17.3  24.0   506   506   506   506   506   506   506   506   506   506   506   506 
1918  24.3  24.9  22.4  17.5  13.5   9.4   7.3  10.8  13.1  16.7  20.1  22.8   506   506   506   506   506   506   506   506   506   506   506   506 
1919  24.9  27.6  21.7  20.4  13.1  11.0   7.8  10.1  14.1  17.6  21.9  25.4   506   506   506   506   506   506   506   506   506   506   506   506 
1920  24.2  26.6  22.2  17.1  10.0   9.8   8.3   9.4  12.9  17.5  20.6  22.5   506   506   506   506   506   506   506   506   506   506   506   506 
1921  25.7  26.3  21.4  17.9  15.0  11.0  10.4   9.5  15.2  17.3  22.3  23.2   506   506   506   506   506   506   506   506   506   506   506   506 
1922  22.9  26.7  22.6  19.8  12.6   8.7   8.4   9.7  13.4  17.6  20.7  22.9   506   506   506   506   506   506   506   506   506   506   506   506 
1923  24.4  27.0  24.1  19.6  14.1  10.1   8.5   9.1  12.6  15.6  16.7  24.1   506   506   506   506   506   506   506   506   506   506   506   506 
1924  22.7  23.3  22.9  14.6  11.8   8.0   8.3  10.4  14.1  16.7  19.2  21.1   506   506   506   506   506   506   506   506   506   506   506   506 
1925  22.3  24.3  22.3  18.3  12.0   9.5   7.3   9.1  11.0  16.8  20.1  23.1   506   506   506   506   506   506   506   506   506   506   506   506 
1926  23.3  27.2  23.6  17.4  10.8   8.8   9.9  10.5  14.0  17.6  19.5  21.3   506   506   506   506   506   506   506   506   506   506   506   506 
1927  25.3  24.1  22.2  16.2  11.2   8.2   7.7   9.7  13.1  17.9  21.0  21.6   506   506   506   506   506   506   506   506   506   506   506   506 
1928  24.1  24.4  23.3  17.9  11.1   9.4   8.5  12.6  16.1  16.6  21.1  24.2   506   506   506   506   506   506   506   506   506   506   506   506 
1929  26.0  27.7  22.3  16.0  12.0   9.6   6.7   9.6  12.9  17.1  19.0  21.8   506   506   506   506   506   506   506   506   506   506   506   506 
1930  24.1  26.9  23.8  16.9  12.3   8.7   9.9  10.4  13.4  18.2  19.9  23.2   506   506   506   506   506   506   506   506   506   506   506   506 
1931  23.7  24.3  22.4  15.9  12.1   9.4   8.1  10.1  13.7  15.8  19.8  24.4   506   506   506   506   506   506   506   506   506   506   506   506 
1932  29.1  23.1  22.3  16.2  12.9   8.5   8.6  11.1  13.5  15.0  20.2  22.6   506   506   506   506   506   506   506   506   506   506   506   506 
1933  23.9  25.6  23.8  17.6  12.0  10.2   9.0   9.4  13.2  18.6  19.8  21.8   506   506   506   506   506   506   506   506   506   506   506   506 
1934  25.0  25.2  25.6  16.5  12.8   9.0   8.8  10.6  14.3  16.2  20.0  22.5   506   506   506   506   506   506   506   506   506   506   506   506 
1935  24.6  24.8  23.5  16.8  11.4   9.3   9.5  11.6  13.6  18.3  20.1  23.1   506   506   506   506   506   506   506   506   506   506   506   506 
1936  24.9  25.4  22.8  16.1  12.8   8.1   9.4  12.0  12.9  17.2  20.2  22.6   506   506   506   506   506   506   506   506   506   506   506   506 
1937  22.4  24.8  23.1  15.9  12.9   9.0   8.6  12.2  14.6  18.9  21.8  24.1   506   506   506   506   506   506   506   506   506   506   506   506 
1938  25.3  24.9  24.7  18.3  14.6   9.6   8.5  10.1  14.6  18.9  22.6  25.1   506   506   506   506   506   506   506   506   506   506   506   506 
1939  31.3  26.6  23.0  18.1  13.6   9.8   8.0  10.4  13.2  16.9  19.2  22.3   506   506   506   506   506   506   506   506   506   506   506   506 
1940 -99.0 -99.0 -99.0 -99.0 -99.0 -99.0 -99.0 -99.0 -99.0 -99.0 -99.0 -99.0   -99   -99   -99   -99   -99   -99   -99   -99   -99   -99   -99   -99 
1941 -99.0 -99.0 -99.0 -99.0 -99.0 -99.0 -99.0 -99.0 -99.0 -99.0 -99.0 -99.0   -99   -99   -99   -99   -99   -99   -99   -99   -99   -99   -99   -99 
1942 -99.0 -99.0 -99.0 -99.0 -99.0 -99.0 -99.0 -99.0 -99.0 -99.0 -99.0 -99.0   -99   -99   -99   -99   -99   -99   -99   -99   -99   -99   -99   -99 
1943 -99.0 -99.0 -99.0 -99.0 -99.0 -99.0 -99.0 -99.0 -99.0 -99.0 -99.0 -99.0   -99   -99   -99   -99   -99   -99   -99   -99   -99   -99   -99   -99 
1944 -99.0 -99.0 -99.0 -99.0 -99.0 -99.0 -99.0 -99.0 -99.0 -99.0 -99.0 -99.0   -99   -99   -99   -99   -99   -99   -99   -99   -99   -99   -99   -99 
1945 -99.0 -99.0 -99.0 -99.0 -99.0 -99.0 -99.0 -99.0 -99.0 -99.0 -99.0 -99.0   -99   -99   -99   -99   -99   -99   -99   -99   -99   -99   -99   -99 
1946 -99.0 -99.0 -99.0 -99.0 -99.0 -99.0 -99.0 -99.0 -99.0 -99.0 -99.0 -99.0   -99   -99   -99   -99   -99   -99   -99   -99   -99   -99   -99   -99 
1947 -99.0 -99.0 -99.0 -99.0 -99.0 -99.0 -99.0 -99.0 -99.0 -99.0 -99.0 -99.0   -99   -99   -99   -99   -99   -99   -99   -99   -99   -99   -99   -99 
1948 -99.0 -99.0 -99.0 -99.0 -99.0 -99.0 -99.0 -99.0 -99.0 -99.0 -99.0 -99.0   -99   -99   -99   -99   -99   -99   -99   -99   -99   -99   -99   -99 
1949 -99.0 -99.0 -99.0 -99.0 -99.0 -99.0 -99.0 -99.0 -99.0 -99.0 -99.0 -99.0   -99   -99   -99   -99   -99   -99   -99   -99   -99   -99   -99   -99 
1950 -99.0 -99.0 -99.0 -99.0 -99.0 -99.0 -99.0 -99.0 -99.0 -99.0 -99.0 -99.0   -99   -99   -99   -99   -99   -99   -99   -99   -99   -99   -99   -99 
1951 -99.0 -99.0 -99.0 -99.0 -99.0 -99.0 -99.0 -99.0 -99.0 -99.0 -99.0 -99.0   -99   -99   -99   -99   -99   -99   -99   -99   -99   -99   -99   -99 
1952 -99.0 -99.0 -99.0 -99.0 -99.0 -99.0 -99.0 -99.0 -99.0 -99.0 -99.0 -99.0   -99   -99   -99   -99   -99   -99   -99   -99   -99   -99   -99   -99 
1953 -99.0 -99.0 -99.0 -99.0 -99.0 -99.0 -99.0 -99.0 -99.0 -99.0 -99.0 -99.0   -99   -99   -99   -99   -99   -99   -99   -99   -99   -99   -99   -99 
1954 -99.0 -99.0 -99.0 -99.0 -99.0 -99.0 -99.0 -99.0 -99.0 -99.0 -99.0 -99.0   -99   -99   -99   -99   -99   -99   -99   -99   -99   -99   -99   -99 
1955 -99.0 -99.0 -99.0 -99.0 -99.0 -99.0 -99.0 -99.0 -99.0 -99.0 -99.0 -99.0   -99   -99   -99   -99   -99   -99   -99   -99   -99   -99   -99   -99 
1956 -99.0 -99.0 -99.0 -99.0 -99.0 -99.0 -99.0 -99.0 -99.0 -99.0 -99.0 -99.0   -99   -99   -99   -99   -99   -99   -99   -99   -99   -99   -99   -99 
1957  27.5  26.0  22.6  18.7  13.6  14.0   8.1  11.5  14.7  19.8  23.6  26.8   506   506   506   506   506   506   506   506   506   506   506   506 
1958  25.8  25.8  23.1  21.5  17.3  10.9  11.0  12.9  13.4  18.5  24.0  24.1   506   506   506   506   506   506   506   506   506   506   506   506 
1959  28.7  27.4  24.4  20.0  14.3  12.0  10.4  14.1  16.0  18.6  26.6  24.1   506   506   506   506   506   506   506   506   506   506   506   506 
1960  29.6  26.2  24.3  18.8  12.7   9.8  11.0  10.6 -99.0  19.4  20.9  26.2   506   506   506   506   506   506   506   506   -99   506   506   506 
1961  28.0  26.6  23.7  20.3  13.8  12.1  10.1  11.6  16.5  21.2  23.2  25.5   506   506   506   506   506   506   506   506   506   506   506   506 
1962  26.6  25.9  24.0  19.0  13.1  13.0  10.8  12.0  15.3  18.4  24.2  24.2   506   506   506   506   506   506   506   506   506   506   506   506 
1963 -99.0  26.0  24.6  17.8  15.4  10.9 -99.0  11.6  15.5  20.1  23.0  26.5   -99   506   506   506   506   506   -99   506   506   506   506   506 
1964 -99.0  24.9  23.7  19.4  13.1  10.7  10.9  12.2  15.5  17.5  24.0  22.6   -99   506   506   506   506   506   506   506   506   506   506   506 
1965  25.7  28.3  24.1  17.2  14.6  10.6   9.9 -99.0  17.5  21.3  22.5  28.1   506   506   506   506   506   506   506   -99   506   506   506   506 
1966  27.5  25.8  23.6  18.9  13.3  11.5   9.9  11.5  15.2  18.5 -99.0 -99.0   506   506   506   506   506   506   506   506   506   506   -99   -99 
1967 -99.0 -99.0 -99.0 -99.0  14.7  12.7  10.7  11.2  15.7  21.5  22.4  23.7   -99   -99   -99   -99   506   506   506   506   506   506   506   506 
1968 -99.0  28.2  25.0  21.0  13.4  11.0   9.0 -99.0  14.7  20.1 -99.0  24.2   -99   506   506   506   506   506   506   -99   506   506   -99   506 
1969  28.3  27.8  23.1  18.7  12.7  10.1  11.5  12.4  12.3  20.4  22.0  24.5   506   506   506   506   506   506   506   506   506   506   506   506 
1970  25.7  28.1  21.8  19.4  12.6  11.7  10.1  11.4  13.1  19.8  22.0  25.4   506   506   506   506   506   506   506   506   506   506   506   506 
1971  27.2  26.3  25.0  20.0  13.9  10.6   9.0  11.1  14.7  19.1  20.8  25.2   506   506   506   506   506   506   506   506   506   506   506   506 
1972  24.6  24.8  22.9  18.1  14.2  11.2  10.2  12.6  15.4  19.9  23.7  27.6   506   506   506   506   506   506   506   506   506   506   506   506 
1973  30.1  26.5  23.8  20.4  16.0  11.4  12.2  12.4  16.6  19.8  22.4  25.8   506   506   506   506   506   506   506   506   506   506   506   506 
1974  25.2  25.4  25.5  19.0  14.9  10.8  11.2  11.7  12.9  17.8  20.4  24.5   506   506   506   506   506   506   506   506   506   506   506   506 
1975  24.9  26.3  22.8  18.6  15.8  11.2  12.6  11.5  16.0  17.6  23.9  26.9   506   506   506   506   506   506   506   506   506   506   506   506 
1976 -99.0 -99.0  23.6  18.9 -99.0  11.4  10.3  10.8  14.4  16.4  21.7  25.2   -99   -99   506   506   -99   506   506   506   506   506   506   506 
1977  27.0 -99.0 -99.0 -99.0  15.4 -99.0 -99.0  14.9  15.2  21.4 -99.0 -99.0   506   -99   -99   -99   506   -99   -99   506   506   506   -99   -99 
1978  27.3  27.8  23.8 -99.0 -99.0 -99.0 -99.0  10.4  13.8  18.4  21.8  23.9   506   506   506   -99   -99   -99   -99   506   506   506   506   506 
1979  30.6 -99.0  24.6 -99.0 -99.0 -99.0 -99.0 -99.0  15.1  18.5  24.9  26.6   506   -99   506   -99   -99   -99   -99   -99   506   506   506   506 
1980  25.9  26.5  24.4  20.1  15.8  11.9  11.0  13.3 -99.0  21.1  24.2  27.2   506   506   506   506   506   506   506   506   -99   506   506   506 
1981  31.0  29.7  21.7  20.7  15.2  11.7  10.7  11.8  16.7  19.8  22.1  25.6   506   506   506   506   506   506   506   506   506   506   506   506 
1982  28.4  27.6  23.6  19.0  13.6   9.3   9.0  14.9  14.9  18.6  25.2  26.9   506   506   506   506   506   506   506   506   506   506   506   506 
1983  26.8  30.1  26.3  17.2  15.1  10.9   9.4  13.1  17.4  19.2  21.4  26.3   506   506   506   506   506   506   506   506   506   506   506   506 
1984  24.0  25.3 -99.0 -99.0  13.8  11.2   9.3  12.3  12.8  18.5  22.7  25.0   506   506   -99   -99   506   506   506   506   506   506   506   506 
1985  26.3 -99.0  24.8  17.8  15.0  10.3  10.3  12.0  13.4  18.7  22.4  24.4   506   -99   506   506   506   506   506   506   506   506   506   506 
1986  26.2  26.5  26.3  19.6  14.5  10.2  10.2  11.6 -99.0  17.4  22.6 -99.0   506   506   506   506   506   506   506   506   -99   506   506   -99 
1987 -99.0  27.0  20.6 -99.0  14.2  11.6   9.8 -99.0  14.7  18.8  23.2  26.2   -99   506   506   -99   506   506   506   -99   506   506   506   506 
1988  29.0  25.6  23.8  19.6  15.1  12.0  11.1  12.3 -99.0  21.4  22.1  26.5   506   506   506   506   506   506   506   506   -99   506   506   506 
1989 -99.0 -99.0 -99.0 -99.0 -99.0  10.0   9.6 -99.0 -99.0  19.3  23.4 -99.0   -99   -99   -99   -99   -99   506   506   -99   -99   506   506   -99 
1990  28.7  25.0 -99.0  18.7  15.0  10.9  10.9  11.7 -99.0 -99.0  24.8 -99.0   506   506   -99   506   506   506   506   506   -99   -99   506   -99 
1991  29.0 -99.0 -99.0 -99.0 -99.0  14.5  10.8  12.5 -99.0 -99.0  22.4  23.2   506   -99   -99   -99   -99   506   506   506   -99   -99   506   506 
1992  24.9 -99.0  25.3 -99.0  13.8  10.9  11.0  11.7  14.2  19.3  19.9  24.0   506   -99   506   -99   506   506   506   506   506   506   506   506 
1993  27.1 -99.0  23.5  21.0  14.6  10.4  11.3  13.4  15.2  18.0  23.6  24.4   506   -99   506   506   506   506   506   506   506   506   506   506 
1994  27.2  27.0  21.8  18.7  14.3  12.6  10.4  10.6  14.9  19.5  23.2  27.8   506   506   506   506   506   506   506   506   506   506   506   506 
1995  27.3  26.1  22.1  16.1  14.7  12.2  10.2  14.5  16.0  19.1  23.6  24.4   506   506   506   506   506   506   506   506   506   506   506   506 
1996  27.0  24.8  24.2  16.9  14.3  13.3  11.1  12.5  16.3  19.9  21.4  26.3   506   506   506   506   506   506   506   506   506   506   506   506 
1997  27.1  29.8 -99.0  18.3  15.3  11.3   8.6  11.3  15.7  20.2  25.0  27.5   506   506   -99   506   506   506   506   506   506   506   506   506 
1998  27.9  26.6  25.0  18.1  14.5  11.1   9.7  13.2  16.7  19.2  22.4  26.3   506   506   506   506   506   506   506   506   506   506   506   506 
1999  30.9  26.5  24.6  17.4  15.8  11.7  11.8  13.0  18.2  20.5  20.5  23.0   506   506   506   506   506   506   506   506   506   506   506   506 
2000  24.9  27.8  23.8  19.1  13.3  10.8  10.9  12.4  17.8  19.3  24.6  27.6   506   506   506   506   506   506   506   506   506   506   506   506 
2001  31.6  30.2  23.1  19.4  14.1  12.1  10.3  12.3  18.4  17.5  22.3  25.0   506   506   506   506   506   506   506   506   506   506   506   506 
2002  26.8  25.0  24.0  21.5  14.8  11.9  11.4  12.9  17.2  19.8  25.8  26.5   506   506   506   506   506   506   506   506   506   506   506   506 
2003  29.7  28.6  22.6  19.7  15.2  12.1  10.8  11.1  16.2  17.7  23.5  28.0   506   506   506   506   506   506   506   506   506   506   506   506 
2004  28.3  30.1  23.9  20.0  12.6  11.7  10.0  13.0  15.7  21.0  23.0  25.6   506   506   506   506   506   506   506   506   506   506   506   506 
2005  28.6  25.6  22.9  22.9  15.4  13.1  11.3  12.5  14.8  20.7  24.3  27.4   506   506   506   506   506   506   506   506   506   506   506   506 
2006  31.8  28.8  25.2  17.3  12.5   9.8  10.7  12.6  16.9  21.5  25.3  26.2   506   506   506   506   506   506   506   506   506   506   506   506 
2007  27.7  29.2  25.7  20.2  16.3   9.3  10.7  14.1 -99.0  20.7  24.3  26.9   506   506   506   506   506   506   506   506   -99   506   506   506 
2008  29.1  25.1  24.6  17.8  15.0  12.8  10.4  10.8  16.9  21.8  23.0  25.4   506   506   506   506   506   506   506   506   506   506   506   506 
2009  29.5  27.7  24.3  19.3  14.2 -99.0  11.7  14.5  17.1  19.4  27.5  26.1   506   506   506   506   506   -99   506   506   506   506   506   506 
2010  28.8  26.6  23.0  20.2  14.4  12.0  10.3  11.0  14.9  18.6  20.9  24.3   506   506   506   506   506   506   506   506   506   506   506   506 
2011  28.4  26.7  22.9  18.1  12.8  11.4  10.5  14.4  16.6  20.0  23.7  25.1   506   506   506   506   506   506   506   506   506   506   506   506 
2012  27.5  25.7  21.6  18.9  13.6  10.5  10.3  12.2  15.9  19.9  25.3  27.6   506   506   506   506   506   506   506   506   506   506   506   506 
2013  30.1  27.9  24.0  19.3  15.4  12.0  12.4  14.1  19.8  20.4  22.4  26.6   506   506   506   506   506   506   506   506   506   506   506   506 
2014  29.7  29.2  24.5  20.0  16.4  12.3  10.9  12.1  16.3  21.9  24.9  27.9   506   506   506   506   506   506   506   506   506   506   506   506 
2015 -99.0 -99.0 -99.0 -99.0 -99.0 -99.0 -99.0 -99.0 -99.0 -99.0 -99.0 -99.0   -99   -99   -99   -99   -99   -99   -99   -99   -99   -99   -99   -99 
