Number= 947580
Name= SCONE
Country= AUSTRALIA
Lat=  -32.0
Long= -150.8
Height= 221
Start year= 1907
End year= 2016
First Good year= 1907
Source ID= 57
Source file= Jones
Jones data to= 2016
Normals source= Data
Normals source start year= 1961
Normals source end year= 1990
Normals=  23.2  23.1  21.0  17.2  13.5  10.6  10.0  10.6  13.7  16.8  20.1  22.9 
Standard deviations source= Data
Standard deviations source start year= 1941
Standard deviations source end year= 1990
Standard deviations=   1.7   1.2   1.1   1.1   1.0   0.9   0.9   0.9   1.3   1.3   1.5   1.2 
Obs:
1907  24.5  25.4  20.2  16.3  12.9  11.5   9.6  11.2  15.3  19.1  19.8  23.4   506   506   506   506   506   506   506   506   506   506   506   506 
1908  26.9  23.1  22.2  18.4  14.2   8.0   8.1   9.8  12.5  15.8  20.7  24.2   506   506   506   506   506   506   506   506   506   506   506   506 
1909  24.9  22.6  21.8  15.9  13.3  10.8   8.5  10.1  12.2  17.1  20.7  22.4   506   506   506   506   506   506   506   506   506   506   506   506 
1910  23.0  22.9  21.0  17.2  16.0  10.7  10.1  12.0  15.7  17.2 -99.0 -99.0   506   506   506   506   506   506   506   506   506   506   -99   -99 
1911  23.2  22.5  20.4  16.0  14.0  10.2  10.2  10.4  14.4  15.1  21.1  23.0   506   506   506   506   506   506   506   506   506   506   506   506 
1912  23.0  24.5  21.9  17.0  11.9   9.8   9.1   9.7  12.4  17.3  19.4  23.1   506   506   506   506   506   506   506   506   506   506   506   506 
1913  24.9  24.7 -99.0  17.4  12.9  10.0  10.7  10.6  13.1  18.6  20.1  24.4   506   506   -99   506   506   506   506   506   506   506   506   506 
1914  26.9  25.2  22.7  19.7  14.1  10.4  10.8  12.0  14.3  17.7  23.8  23.9   506   506   506   506   506   506   506   506   506   506   506   506 
1915  23.8  26.6  24.0  18.5  13.2  11.2  11.2  11.0  16.4  18.4  22.1  22.0   506   506   506   506   506   506   506   506   506   506   506   506 
1916  25.9  24.7  21.7  17.7  13.8  11.0  11.6   9.8  13.7  15.1  18.2  21.2   506   506   506   506   506   506   506   506   506   506   506   506 
1917  25.1  23.8  21.2  18.4  12.8  10.7  11.1  10.7  13.7  15.8  17.8  21.6   506   506   506   506   506   506   506   506   506   506   506   506 
1918  22.0  22.7  21.4  17.5  14.5  10.3   9.5  11.7  13.2 -99.0 -99.0  23.0   506   506   506   506   506   506   506   506   506   -99   -99   506 
1919  24.5  24.4  23.4  18.8  17.6  12.2 -99.0 -99.0  14.3  18.1  20.9  23.8   506   506   506   506   506   506   -99   -99   506   506   506   506 
1920  21.9  21.6  20.1  16.2  11.7   9.0   8.9   9.2  12.0 -99.0 -99.0  21.7   506   506   506   506   506   506   506   506   506   -99   -99   506 
1921  21.6  24.3  19.1 -99.0  14.6  11.1  12.1   9.4 -99.0 -99.0 -99.0 -99.0   506   506   506   -99   506   506   506   506   -99   -99   -99   -99 
1922  23.6 -99.0  22.0  20.4  14.9 -99.0 -99.0 -99.0 -99.0  19.6 -99.0 -99.0   506   -99   506   506   506   -99   -99   -99   -99   506   -99   -99 
1923 -99.0 -99.0 -99.0 -99.0 -99.0  11.4  10.2  11.0  14.0  16.0  18.7  25.8   -99   -99   -99   -99   -99   506   506   506   506   506   506   506 
1924  24.4  22.7  22.1  16.1  13.1   9.6  10.1  10.9  14.3  16.0  18.5  19.3   506   506   506   506   506   506   506   506   506   506   506   506 
1925  22.2  24.7  19.6  17.1  13.5  10.3   8.9   9.1  11.5  16.6  19.9  23.6   506   506   506   506   506   506   506   506   506   506   506   506 
1926  23.2  28.6  21.8  16.9  12.1   9.5   9.4   9.8  11.7  17.0  21.3  21.4   506   506   506   506   506   506   506   506   506   506   506   506 
1927  23.1  22.5  21.6  16.4  12.1   9.3   8.5   9.6  12.3  17.3  20.4  20.7   506   506   506   506   506   506   506   506   506   506   506   506 
1928  21.7  24.6  21.9  18.7  12.2  10.2  10.7  12.6  14.6  16.9  20.1  23.2   506   506   506   506   506   506   506   506   506   506   506   506 
1929  26.9  23.8  21.6  16.7  12.9   9.7   8.7  10.6  12.8  15.7  18.7  24.0   506   506   506   506   506   506   506   506   506   506   506   506 
1930  22.9  25.0  20.4  16.3  13.5  11.7  11.0  10.5  11.8  16.8  20.7  22.5   506   506   506   506   506   506   506   506   506   506   506   506 
1931  24.6  24.5  22.2  16.0  13.1  10.2  10.0   9.9  13.0  15.5  19.6  20.8   506   506   506   506   506   506   506   506   506   506   506   506 
1932  27.1  24.5  22.2  17.2  13.4   9.5   9.2  11.0  12.5  14.6  19.8  21.3   506   506   506   506   506   506   506   506   506   506   506   506 
1933  23.5  23.7  23.0  16.3  13.7  10.5  11.0   8.8  13.1  17.1  18.4  20.5   506   506   506   506   506   506   506   506   506   506   506   506 
1934  23.2  22.8  22.0  17.6  14.0   9.2  10.5  10.9  13.2  15.0  19.0  20.5   506   506   506   506   506   506   506   506   506   506   506   506 
1935  23.0  23.4  20.6  16.4  12.5  10.0   9.9  10.7  12.5  16.7  20.1  22.0   506   506   506   506   506   506   506   506   506   506   506   506 
1936  23.7  23.2  20.0  16.7  13.6   8.7  10.0  11.6  12.4  17.4  20.4  22.7   506   506   506   506   506   506   506   506   506   506   506   506 
1937  23.7  22.1  20.9  16.1  13.9   9.5   9.4  10.7  13.8  16.8  19.2  24.4   506   506   506   506   506   506   506   506   506   506   506   506 
1938  23.8  23.7  24.0  18.3  14.2   9.0   9.0   8.9  12.7  18.3  22.1  24.6   506   506   506   506   506   506   506   506   506   506   506   506 
1939  27.0  25.6  20.7  15.8  12.9   9.9   7.6   9.5  12.1  14.6  19.2  22.8   506   506   506   506   506   506   506   506   506   506   506   506 
1940  26.0  26.0  23.1  17.3  11.7   9.3   9.4  10.1  14.3  17.7  20.0  23.1   506   506   506   506   506   506   506   506   506   506   506   506 
1941  20.9  21.8  20.8  16.3  12.4   9.3  10.1   9.0  13.3  15.0  21.0  22.1   506   506   506   506   506   506   506   506   506   506   506   506 
1942  25.2  22.7  21.6  16.4  14.3  10.5   9.1  10.0  11.6  13.9  18.2  21.0   506   506   506   506   506   506   506   506   506   506   506   506 
1943  21.8  23.9  22.9  15.8  13.0   8.0   7.8   7.8  12.0  14.7  17.2  20.4   506   506   506   506   506   506   506   506   506   506   506   506 
1944  24.5  23.5  20.9  15.5  12.3   9.1   9.7   9.4  12.7  16.6  22.1  21.7   506   506   506   506   506   506   506   506   506   506   506   506 
1945  24.8  23.5  20.4  15.9  12.0  10.8   8.8  10.1  12.7  15.9  20.8  22.7   506   506   506   506   506   506   506   506   506   506   506   506 
1946  27.2  26.3  19.9  15.9  12.5 -99.0  10.5  10.7  12.8  15.6  23.3  23.8   506   506   506   506   506   -99   506   506   506   506   506   506 
1947  25.6  24.3  21.8  16.3  14.4  10.2   9.4  10.5 -99.0  14.8  17.6  21.5   506   506   506   506   506   506   506   506   -99   506   506   506 
1948  19.9  25.1  19.4  15.3  11.8   9.3   8.4  10.1  12.5  16.2  19.0  23.5   506   506   506   506   506   506   506   506   506   506   506   506 
1949  21.2  23.9 -99.0  14.0  11.7   7.8   8.7   9.3  12.1  16.5  18.5  21.4   506   506   -99   506   506   506   506   506   506   506   506   506 
1950  23.3  22.3  21.8  15.7  12.5  10.7  11.2   9.4  12.8  14.8  17.3  21.9   506   506   506   506   506   506   506   506   506   506   506   506 
1951  20.5  22.2  22.8  15.1  12.4  10.9   9.5   8.9  12.5  14.7  19.4  22.1   506   506   506   506   506   506   506   506   506   506   506   506 
1952  26.2  23.4  20.8  16.5  12.2   9.4   9.2   9.9  11.1  15.9  17.5  22.2   506   506   506   506   506   506   506   506   506   506   506   506 
1953  20.7  21.3  20.0  17.7  12.3   8.9   9.4   8.8  11.6  14.3  19.2  24.1   506   506   506   506   506   506   506   506   506   506   506   506 
1954  21.5  21.5  20.6  17.7  12.0   9.7  10.0  10.7  11.2  15.0  18.9  21.8   506   506   506   506   506   506   506   506   506   506   506   506 
1955  23.3  22.7  21.8  17.3  12.7  10.3   8.8  10.1  12.0  15.5  18.5  20.0   506   506   506   506   506   506   506   506   506   506   506   506 
1956  22.6  21.9  21.8  16.4  12.4   9.4   8.9   9.1  10.5  14.0  17.3  22.4   506   506   506   506   506   506   506   506   506   506   506   506 
1957 -99.0 -99.0 -99.0 -99.0 -99.0 -99.0 -99.0 -99.0 -99.0 -99.0 -99.0 -99.0   -99   -99   -99   -99   -99   -99   -99   -99   -99   -99   -99   -99 
1958 -99.0 -99.0 -99.0 -99.0 -99.0 -99.0 -99.0 -99.0 -99.0 -99.0 -99.0 -99.0   -99   -99   -99   -99   -99   -99   -99   -99   -99   -99   -99   -99 
1959  22.9  23.9  21.6  17.4  12.8  10.9  10.9  10.5  14.3  15.2  22.3  22.6   506   506   506   506   506   506   506   506   506   506   506   506 
1960  25.0  23.1  20.4  17.9  13.1   9.7  10.4  10.2  14.0  17.0  19.4  21.2   506   506   506   506   506   506   506   506   506   506   506   506 
1961  22.1  23.0  20.8  17.4  12.3  10.8  10.1  10.4  13.5  19.2  21.2  22.1   506   506   506   506   506   506   506   506   506   506   506   506 
1962  21.8  22.6  20.7  15.9  12.4  11.2  10.6  10.5  13.6  16.4  20.9  21.2   506   506   506   506   506   506   506   506   506   506   506   506 
1963  22.1  23.5  20.8  16.5  14.7  10.6  10.1  10.5  13.3  16.1  18.8  22.4   506   506   506   506   506   506   506   506   506   506   506   506 
1964  23.1  22.5  21.3  16.4  12.3  10.5  10.1  10.4  13.5  15.2  20.2  22.3   506   506   506   506   506   506   506   506   506   506   506   506 
1965  21.6  23.8  22.0  16.7  13.6   9.7   9.1  11.1  16.8  18.5  20.7  22.7   506   506   506   506   506   506   506   506   506   506   506   506 
1966  23.3 -99.0  21.2  17.7  12.0  10.0   9.5   9.8  13.3  15.9  20.0  22.1   506   -99   506   506   506   506   506   506   506   506   506   506 
1967  24.1  22.9  19.0  17.0  13.3  13.1  10.0   9.5  13.3  17.5  21.0  21.9   506   506   506   506   506   506   506   506   506   506   506   506 
1968  22.7  24.4  22.7  19.4  13.1   9.7   8.7  10.8  12.8  17.4  22.3  21.7   506   506   506   506   506   506   506   506   506   506   506   506 
1969  25.6  23.7  21.9  17.5  13.2  10.8  10.3  11.9  11.5  16.2  19.5  23.1   506   506   506   506   506   506   506   506   506   506   506   506 
1970  22.9  23.3  20.5  17.4  11.9  11.2  10.1  10.5  13.0  18.7  19.2  22.4   506   506   506   506   506   506   506   506   506   506   506   506 
1971  22.0  22.2  20.9  16.4  13.1  10.4   8.9  11.1  14.3  17.7  18.7  22.2   506   506   506   506   506   506   506   506   506   506   506   506 
1972  20.5  21.3  19.9  15.7  13.6  10.2   9.9  11.8  16.0  17.4  19.2  24.1   506   506   506   506   506   506   506   506   506   506   506   506 
1973  25.1  23.5  22.2  18.9  14.5  11.5  11.9  11.2  14.8  17.4  20.0  23.3   506   506   506   506   506   506   506   506   506   506   506   506 
1974  22.8  22.2  20.8  18.9  13.9  10.6  11.0   9.8  12.4  15.7  18.6  23.1   506   506   506   506   506   506   506   506   506   506   506   506 
1975  23.3  22.4  20.3  16.0  14.5  10.9  11.6  11.2  14.6  16.5  21.5  23.9   506   506   506   506   506   506   506   506   506   506   506   506 
1976  22.5  21.8  20.2  15.9  12.5  11.1   9.9  10.3  12.1  15.1  19.4  24.0   506   506   506   506   506   506   506   506   506   506   506   506 
1977 -99.0 -99.0  21.4  16.6  13.2   9.7   9.0  11.2  13.1  18.1  22.0  24.8   -99   -99   506   506   506   506   506   506   506   506   506   506 
1978  23.5  23.5  21.5  16.3  13.5  10.4   9.6   9.2  13.1  15.1  19.5  20.7   506   506   506   506   506   506   506   506   506   506   506   506 
1979  24.9  24.0  20.5  17.2  12.3  10.7   9.2  10.5  13.7  16.5  21.5  25.8   506   506   506   506   506   506   506   506   506   506   506   506 
1980  24.2  24.0  22.9  17.8  14.6  11.4  10.0  11.5  16.2  19.1  22.9  24.0   506   506   506   506   506   506   506   506   506   506   506   506 
1981  25.8  23.8  20.7  18.2  13.9  11.1  10.3  10.5  15.3  17.1  18.3  23.6   506   506   506   506   506   506   506   506   506   506   506   506 
1982  24.4  24.0  20.3  16.4  13.2   9.1   8.7  11.9  13.8  15.9  22.3  24.0   506   506   506   506   506   506   506   506   506   506   506   506 
1983  24.3  26.2  23.6  16.4  14.7   9.6   9.3   9.9  14.6  16.7  18.9  21.7   506   506   506   506   506   506   506   506   506   506   506   506 
1984  21.5  22.2  19.3  16.2  12.2  11.0   9.7  11.3  12.2  16.1  20.3  22.0   506   506   506   506   506   506   506   506   506   506   506   506 
1985  24.0  22.1  21.3  17.0  13.7   9.3  10.2  10.1  12.4  16.2  18.8  22.6   506   506   506   506   506   506   506   506   506   506   506   506 
1986  21.6 -99.0  22.3  18.6  14.7  10.0   9.8  10.1  14.1  15.6  18.5  21.9   506   -99   506   506   506   506   506   506   506   506   506   506 
1987  25.2  24.7  19.2  17.2  13.7  11.3   9.6  12.1  14.1  15.9  19.7  22.2   506   506   506   506   506   506   506   506   506   506   506   506 
1988  22.9  20.9  19.3  17.2  14.2  11.1  11.4  10.9  14.1  19.1  20.2  22.7   506   506   506   506   506   506   506   506   506   506   506   506 
1989  21.0  22.1  21.8  18.0  15.7  10.8   9.5   8.8  12.9  17.3  18.8  21.9   506   506   506   506   506   506   506   506   506   506   506   506 
1990  23.3  22.0  19.8  17.7  14.3   9.8  10.7  10.1  12.5  15.7  20.5  25.6   506   506   506   506   506   506   506   506   506   506   506   506 
1991  24.6  24.8  21.3  17.1  14.4  13.3   9.6  10.8  14.5  18.6  20.1  21.6   506   506   506   506   506   506   506   506   506   506   506   506 
1992  23.0  21.8  20.0  16.8  13.4   9.9  10.6  10.2  13.1  15.4  18.4  21.0   506   506   506   506   506   506   506   506   506   506   506   506 
1993  24.8  23.3  19.7  17.4  14.0  10.0  12.1  11.1  13.0  15.8  19.0  22.0   506   506   506   506   506   506   506   506   506   506   506   506 
1994  24.4  23.7  18.9  17.0  13.8  11.1   9.8  10.0  14.2  17.0  21.8  23.3   506   506   506   506   506   506   506   506   506   506   506   506 
1995  21.6  22.2  21.0  16.3  14.9  10.9  10.2  12.3  13.7  17.7  21.8  20.9   506   506   506   506   506   506   506   506   506   506   506   506 
1996  22.4  21.3  20.2  16.3  14.9  11.9   9.9  10.8  14.9  16.3  20.0  22.4   506   506   506   506   506   506   506   506   506   506   506   506 
1997  21.4  23.3  21.2  17.4  14.8  10.5   9.3  10.6  14.7  17.4  23.8  25.3   506   506   506   506   506   506   506   506   506   506   506   506 
1998  25.5  25.0  23.7  19.0  13.9  11.2  10.0  12.0  14.9  16.4  17.9  22.9   506   506   506   506   506   506   506   506   506   506   506   506 
1999  24.6  22.4  21.8  15.5  14.1  11.0  11.1  10.7  14.1  17.6  17.1  21.0   506   506   506   506   506   506   506   506   506   506   506   506 
2000  21.4  23.5  22.1  17.3  12.8   9.4   9.8  10.8  15.4  16.4  20.4  22.5   506   506   506   506   506   506   506   506   506   506   506   506 
2001  24.7  24.1  20.2  17.3  12.7  10.4  10.2  10.6  14.6  16.3  19.0  23.1   506   506   506   506   506   506   506   506   506   506   506   506 
2002  24.1  22.8  20.6  18.7  13.8  11.3   9.5  11.8  15.2  19.1  23.3  22.7   506   506   506   506   506   506   506   506   506   506   506   506 
2003  23.9  24.6  20.3  16.6  14.2  12.1  10.2  10.7  14.3  15.7  19.0  22.9   506   506   506   506   506   506   506   506   506   506   506   506 
2004  25.0  25.6  20.7  17.9  12.7  10.5   9.8  11.6  13.7  17.4  20.3  22.9   506   506   506   506   506   506   506   506   506   506   506   506 
2005  23.9  23.3  20.0  19.0  13.5  12.3  11.0  10.4  14.1  18.1  20.5  24.8   506   506   506   506   506   506   506   506   506   506   506   506 
2006  26.1  25.5  23.0  16.7  12.1   9.4  10.3  11.3  15.5  18.6  21.8  22.4   506   506   506   506   506   506   506   506   506   506   506   506 
2007  25.6  24.7  21.9  18.0  15.3   9.7   9.4  12.6  13.7  18.6  20.3  21.6   506   506   506   506   506   506   506   506   506   506   506   506 
2008  22.7  21.0  19.7  15.3  12.7  12.1   9.4   9.2  14.1  17.4  19.7  22.1   506   506   506   506   506   506   506   506   506   506   506   506 
2009  24.5  23.7  20.6  17.2  12.8  11.5  10.2  12.7  15.5  16.7  23.6  23.7   506   506   506   506   506   506   506   506   506   506   506   506 
2010  24.7  23.6  21.3  17.5  13.1  10.3  10.4  10.3  14.3  16.8  19.4  21.6   506   506   506   506   506   506   506   506   506   506   506   506 
2011  25.0  25.2  21.9  17.0  11.9  11.1   9.6  11.3  14.1  15.6  21.5  19.4   506   506   506   506   506   506   506   506   506   506   506   506 
2012  22.6  21.8  20.1  17.5  12.0  10.9  10.0  11.1  14.7  17.5  22.0  23.8   506   506   506   506   506   506   506   506   506   506   506   506 
2013  26.1  22.1  20.7  16.7  13.7  11.6  10.7  12.1  16.8  18.9  20.0  22.6   506   506   506   506   506   506   506   506   506   506   506   506 
2014  25.3  24.0  21.2  18.1  13.9  11.7  10.1  11.1  14.0  18.9  23.8  24.1   506   506   506   506   506   506   506   506   506   506   506   506 
2015  24.3  23.3  22.4  17.3  14.1  10.3   9.2  10.9  13.3  19.6  21.8  23.1   506   506   506   506   506   506   506   506   506   506   506   506 
2016  23.0  24.0  23.2  20.0  15.3  11.9  11.0  11.1  13.9  15.8  20.5  25.2   506   506   506   506   506   506   506   506   506   506   506   506 
