Number= 948930
Name= WILSONS PROMONTORY
Country= AUSTRALIA
Lat=  -39.1
Long= -146.4
Height= 95
Start year= 1877
End year= 2020
First Good year= 1877
Source ID= 57
Source file= Jones
Jones data to= 2016
Normals source= Data
Normals source start year= 1961
Normals source end year= 1990
Normals=  17.4  17.8  17.1  15.3  13.2  11.2  10.3  10.6  11.6  13.0  14.3  15.7 
Standard deviations source= Data
Standard deviations source start year= 1941
Standard deviations source end year= 1990
Standard deviations=   1.1   0.9   0.9   0.9   0.9   0.6   0.6   0.7   0.8   0.8   0.8   0.8 
Obs:
1877 -99.0 -99.0  18.3  15.3  12.9  11.8 -99.0  12.0  11.5  13.4  13.8  16.4   -99   -99   506   506   506   506   -99   506   506   506   506   506 
1878  18.7  19.5  19.1  17.0  13.8  10.7  11.6 -99.0  13.3  13.7  14.9  16.3   506   506   506   506   506   506   506   -99   506   506   506   506 
1879  18.4  19.8  18.1  17.5  13.8  12.0  11.3  12.4  13.2 -99.0  14.2  15.9   506   506   506   506   506   506   506   506   506   -99   506   506 
1880  17.3  19.6  17.7  16.0  12.9  11.2  10.2  11.4  12.1  11.9  13.2  15.6   506   506   506   506   506   506   506   506   506   506   506   506 
1881  16.6  17.5  17.1  15.2  13.7  10.3  10.4  10.6  11.1  12.4  13.7  15.6   506   506   506   506   506   506   506   506   506   506   506   506 
1882  16.5  17.7  17.3  14.7  13.2  10.3  10.1  10.4  11.0  12.1  14.5  16.0   506   506   506   506   506   506   506   506   506   506   506   506 
1883  18.0  18.1  18.0  16.7  13.0  12.5  10.6  10.9  11.2  12.5  13.8  15.1   506   506   506   506   506   506   506   506   506   506   506   506 
1884  15.7  16.9  17.4  15.7  13.1  11.5  10.0  11.2  11.5  11.1  13.9  14.4   506   506   506   506   506   506   506   506   506   506   506   506 
1885  16.7  17.1  15.8  14.9  13.4  10.2  10.4  11.3  11.5  14.0  13.9  17.1   506   506   506   506   506   506   506   506   506   506   506   506 
1886  18.7  17.0  16.6  16.3  12.7  11.6  11.2  10.8  12.7  11.8  15.1  16.3   506   506   506   506   506   506   506   506   506   506   506   506 
1887  19.4  18.1  17.9  16.5  12.9  10.7  10.2  10.5  10.1  11.7  13.0  16.4   506   506   506   506   506   506   506   506   506   506   506   506 
1888  17.7  17.9  15.6  15.4  12.9  11.6  10.1   9.9  11.8  12.4  14.9  16.9   506   506   506   506   506   506   506   506   506   506   506   506 
1889  18.1  18.9  16.9  15.6  14.0  12.1  10.4  10.8  11.1  13.7  14.9  16.8   506   506   506   506   506   506   506   506   506   506   506   506 
1890  19.5  19.1  18.6  17.0  12.6  12.6  10.1  10.3  11.8  12.4  13.9  15.1   506   506   506   506   506   506   506   506   506   506   506   506 
1891  17.0  17.1  18.2  15.5  14.0  11.1  10.9  10.7  11.2  11.5  13.5  14.8   506   506   506   506   506   506   506   506   506   506   506   506 
1892  16.5  17.5  17.4  14.4  12.3  10.6   9.4  10.0  10.1  11.6  13.4  11.7   506   506   506   506   506   506   506   506   506   506   506   506 
1893 -99.0  18.5  18.1  16.3  14.4  11.4  10.6   9.6   9.6  11.2  12.5  15.7   -99   506   506   506   506   506   506   506   506   506   506   506 
1894  17.8  18.2  17.4  15.7  12.5  11.8   9.6  10.4  10.6  13.6  15.2  16.4   506   506   506   506   506   506   506   506   506   506   506   506 
1895  17.5  17.9  17.1  16.2  12.5  11.4   9.1  11.0  11.1  14.0  13.6  16.6   506   506   506   506   506   506   506   506   506   506   506   506 
1896  17.7  17.7  16.7  14.5  12.7  10.6   9.4   9.9  11.3  13.2  14.7  17.1   506   506   506   506   506   506   506   506   506   506   506   506 
1897  17.2  17.8  15.3  15.1  12.1  11.6  10.6   9.8  12.1  12.1  14.9  17.8   506   506   506   506   506   506   506   506   506   506   506   506 
1898  18.5  20.2  17.8  14.8  11.9  11.4  10.1  10.7  11.8  14.1  14.1  15.7   506   506   506   506   506   506   506   506   506   506   506   506 
1899  15.5  18.5  18.1  15.9  12.6  10.8   9.6  10.1  12.3  11.9  14.0  16.6   506   506   506   506   506   506   506   506   506   506   506   506 
1900  19.1  18.6  17.3  14.3  12.9  11.6   9.3   8.8   9.9  12.0  13.2  15.0   506   506   506   506   506   506   506   506   506   506   506   506 
1901  15.5  18.0  16.8  14.1  13.1   9.1   8.8   9.6  11.5  11.8  16.0  15.6   506   506   506   506   506   506   506   506   506   506   506   506 
1902  16.7  16.0  15.3  15.0  13.2  11.1  10.2   9.1  10.0  12.6  15.1  15.3   506   506   506   506   506   506   506   506   506   506   506   506 
1903  16.4  17.5  17.3  14.7  12.1  10.2   9.4   9.2  11.1  13.1  14.9  15.7   506   506   506   506   506   506   506   506   506   506   506   506 
1904  17.3  17.2  15.8  16.2  14.1  10.9   9.7  10.0  10.0  11.9  13.9  15.5   506   506   506   506   506   506   506   506   506   506   506   506 
1905  17.6  16.5  16.2  15.3  13.4  10.6   9.1  10.2   8.6   9.7  12.9  14.6   506   506   506   506   506   506   506   506   506   506   506   506 
1906  17.6  18.2  16.4  14.7  12.8  11.6   9.7   9.5  10.9  12.5  12.8  16.4   506   506   506   506   506   506   506   506   506   506   506   506 
1907  15.9  16.3  15.1  13.4  13.1  10.1   9.3  10.3  11.3  12.1  14.0  15.6   506   506   506   506   506   506   506   506   506   506   506   506 
1908  20.4  18.6  16.5  14.4  12.4   9.3   9.4   9.4  10.7  12.9  14.4  16.0   506   506   506   506   506   506   506   506   506   506   506   506 
1909  16.5  17.0  16.4  15.3  12.6  10.4   9.3   9.5  10.1  12.6  14.4  15.0   506   506   506   506   506   506   506   506   506   506   506   506 
1910  16.9  17.6  17.8  15.5  13.7  11.7  10.5  11.7  12.5  12.8  15.4  15.3   506   506   506   506   506   506   506   506   506   506   506   506 
1911  16.5  18.5  17.2  14.1  13.3   9.9  10.1  12.1  12.0  13.8  15.3  15.3   506   506   506   506   506   506   506   506   506   506   506   506 
1912  16.8  18.4  17.0  14.6  13.1  11.9  10.6  11.4  11.6  13.4  14.4  15.4   506   506   506   506   506   506   506   506   506   506   506   506 
1913  16.4  17.9  15.1  15.5  12.7  11.0  10.4  10.3  11.3  13.7  13.1  17.4   506   506   506   506   506   506   506   506   506   506   506   506 
1914  16.7  18.9  18.0  14.8  13.4  11.9   9.9  11.4  11.2 -99.0  16.0  16.6   506   506   506   506   506   506   506   506   506   -99   506   506 
1915  17.6  18.1  15.9  14.9  12.1  11.2  11.0  11.1  12.4  12.9 -99.0  15.8   506   506   506   506   506   506   506   506   506   506   -99   506 
1916  16.9  18.1  17.0  14.5  13.1  10.9  10.7  10.3  12.1  12.8  13.5  16.9   506   506   506   506   506   506   506   506   506   506   506   506 
1917  16.9  17.4  16.3  13.8  11.6  11.3  10.2  11.0  12.0  13.0  14.5  17.8   506   506   506   506   506   506   506   506   506   506   506   506 
1918  18.1  17.9  17.1  15.0  13.5  11.8  10.2  11.5  12.9  12.3  13.9  15.9   506   506   506   506   506   506   506   506   506   506   506   506 
1919  16.5  17.7  15.9 -99.0  13.7  11.4  10.0  11.4  12.6  13.9  15.8  17.8   506   506   506   -99   506   506   506   506   506   506   506   506 
1920  16.9  18.0  16.3  15.0  11.8  11.4  10.5  10.8  12.1  13.7  15.3  17.0   506   506   506   506   506   506   506   506   506   506   506   506 
1921  18.2 -99.0  17.6  15.3  14.0  11.9  11.1  10.6  13.0  13.1  16.1  15.7   506   -99   506   506   506   506   506   506   506   506   506   506 
1922  17.3  18.6  16.0  15.4  13.0  11.3  10.6  10.2  11.6  13.6  14.9  16.2   506   506   506   506   506   506   506   506   506   506   506   506 
1923  16.3  16.9  16.3  15.3  13.1 -99.0  10.6  10.8  11.4  12.8  14.3  16.3   506   506   506   506   506   -99   506   506   506   506   506   506 
1924  15.6  16.5  15.7  12.9  11.9   9.9   9.8  10.4  11.4  13.8  14.5  14.8   506   506   506   506   506   506   506   506   506   506   506   506 
1925  16.6  16.5  16.3  14.3  12.7  11.7   9.6   9.6  10.6 -99.0  14.1  15.5   506   506   506   506   506   506   506   506   506   -99   506   506 
1926  15.6  17.4  17.0  14.9  11.7  11.8  11.3  10.7  12.7  13.7  14.2  15.6   506   506   506   506   506   506   506   506   506   506   506   506 
1927  17.0  17.5  15.6  14.1  12.1  10.2   9.8  10.2  11.4  14.6  15.2  16.7   506   506   506   506   506   506   506   506   506   506   506   506 
1928  18.2  18.5  17.6  16.0  12.7  11.3  11.2  11.5  12.7  11.7  13.8  15.4   506   506   506   506   506   506   506   506   506   506   506   506 
1929  16.7  17.7  16.0  14.9  13.1  10.9   9.4  10.1  10.3  11.9  13.4  14.7   506   506   506   506   506   506   506   506   506   506   506   506 
1930  15.1  18.2  16.5  14.4  13.1  11.2  11.3  10.7  12.0  14.4  14.6  16.0   506   506   506   506   506   506   506   506   506   506   506   506 
1931  15.5  16.7  16.0  13.9  13.5  11.1  10.0  10.2  11.0  12.5  14.0  15.3   506   506   506   506   506   506   506   506   506   506   506   506 
1932  17.6  16.2  16.3  14.2  13.2  10.4  10.0  10.8  11.3  12.2  14.9  15.8   506   506   506   506   506   506   506   506   506   506   506   506 
1933  15.3  16.1  16.2  13.9  12.2  12.0  10.7  10.2  11.7  14.5  14.9  16.6   506   506   506   506   506   506   506   506   506   506   506   506 
1934  17.9  18.3  18.4  14.5  14.4  11.3  11.1  11.2  12.7  13.2 -99.0 -99.0   506   506   506   506   506   506   506   506   506   506   -99   -99 
1935  16.5  17.0  15.8  14.6  12.6  10.7  10.5  11.2  11.3  13.3  14.6  16.7   506   506   506   506   506   506   506   506   506   506   506   506 
1936  17.5  17.8  17.6  13.7  12.9  10.5  10.1  10.3  10.4  12.5  13.6  15.5   506   506   506   506   506   506   506   506   506   506   506   506 
1937  15.4  16.8  16.6  13.8  12.6  10.5  10.2  11.0  12.0  13.5  15.6  16.3   506   506   506   506   506   506   506   506   506   506   506   506 
1938  16.8  16.4  16.6  15.6  14.0  10.6  10.1  10.5  11.6  13.8  15.5  15.6   506   506   506   506   506   506   506   506   506   506   506   506 
1939  17.0  18.0  16.8  15.8  14.9  11.5  10.0  10.3  11.8  13.2  13.7  14.7   506   506   506   506   506   506   506   506   506   506   506   506 
1940  16.7  15.5  18.7  14.5  12.5  10.9  10.5  11.2  12.1  14.3  12.7  16.0   506   506   506   506   506   506   506   506   506   506   506   506 
1941  16.8  17.4  15.8  15.7  13.0  11.5  10.7  10.1  11.7  11.9  14.6  16.5   506   506   506   506   506   506   506   506   506   506   506   506 
1942  17.1  17.2  17.2  14.0  13.2  11.6  10.2  11.0  12.2  12.8  14.6  16.5   506   506   506   506   506   506   506   506   506   506   506   506 
1943  18.3  17.2  16.4  13.7  11.8  10.0  10.0   9.1  10.4  12.5  14.1  14.9   506   506   506   506   506   506   506   506   506   506   506   506 
1944  17.4  16.7  16.3  13.2  12.1  10.5  10.0   9.8  12.2  13.5  13.9  15.5   506   506   506   506   506   506   506   506   506   506   506   506 
1945  16.2  15.6  14.7  13.4  12.3  11.7  10.0  10.9  11.1  12.4  15.1  16.5   506   506   506   506   506   506   506   506   506   506   506   506 
1946  17.4  16.6  15.7  13.6  12.7  10.1  10.5   9.8  10.7  11.2  13.4  14.7   506   506   506   506   506   506   506   506   506   506   506   506 
1947  17.0  18.1  17.1  15.3  14.8  11.5  10.2   9.9  11.7  12.5  12.9  15.6   506   506   506   506   506   506   506   506   506   506   506   506 
1948  16.8  17.9  14.7  14.4  11.6  10.7   9.3  11.1  11.7  12.1  13.6  15.9   506   506   506   506   506   506   506   506   506   506   506   506 
1949  15.9  15.3  15.4  13.4  11.9  10.2 -99.0  10.7  11.3  13.0  13.7  14.6   506   506   506   506   506   506   -99   506   506   506   506   506 
1950  16.1  17.3  16.4  15.1  12.9  11.2  11.3  11.2  12.4  13.7  15.0 -99.0   506   506   506   506   506   506   506   506   506   506   506   -99 
1951  19.0 -99.0 -99.0 -99.0 -99.0 -99.0 -99.0 -99.0  11.8 -99.0 -99.0 -99.0   506   -99   -99   -99   -99   -99   -99   -99   506   -99   -99   -99 
1952 -99.0 -99.0 -99.0  13.5  12.4  10.7   8.9   9.9  12.1  12.2 -99.0  15.1   -99   -99   -99   506   506   506   506   506   506   506   -99   506 
1953  16.5  17.0  17.2  15.0  13.2  10.3   9.8   9.7  10.9  11.9  13.6  15.2   506   506   506   506   506   506   506   506   506   506   506   506 
1954  17.2 -99.0 -99.0 -99.0 -99.0 -99.0 -99.0 -99.0 -99.0 -99.0 -99.0 -99.0   506   -99   -99   -99   -99   -99   -99   -99   -99   -99   -99   -99 
1955  17.9  18.0  16.8  14.7  11.9  10.5   9.8  10.4  11.4  12.9  13.1  15.1   506   506   506   506   506   506   506   506   506   506   506   506 
1956  16.3  18.5  17.5  14.8  12.9  10.8   9.5   9.6  10.9  11.9  12.1  15.0   506   506   506   506   506   506   506   506   506   506   506   506 
1957  15.6  16.4  15.6  13.9  12.1  13.1  10.1  10.5  11.2  11.3  13.5  14.6   506   506   506   506   506   506   506   506   506   506   506   506 
1958  15.3  16.8  16.5  14.9  13.3 -99.0 -99.0 -99.0 -99.0 -99.0 -99.0  14.5   506   506   506   506   506   -99   -99   -99   -99   -99   -99   506 
1959  18.9  17.1  16.2  14.7  12.3 -99.0  10.1  10.3  10.9  11.9 -99.0 -99.0   506   506   506   506   506   -99   506   506   506   506   -99   -99 
1960 -99.0  16.9  17.5  14.0  10.9  10.2   9.7   9.4  10.6  12.8  12.5  16.4   -99   506   506   506   506   506   506   506   506   506   506   506 
1961  18.9  18.6  17.0  15.5  12.8  11.8  10.2  10.4  11.7  13.9  14.9  16.7   506   506   506   506   506   506   506   506   506   506   506   506 
1962  18.1  16.8  17.4  15.5  12.0  11.7  10.4  10.0  11.2  11.3  14.3  16.1   506   506   506   506   506   506   506   506   506   506   506   506 
1963  17.6  16.8  16.4  14.0  12.4  11.1   9.7  10.2  11.3  14.4  13.9  16.4   506   506   506   506   506   506   506   506   506   506   506   506 
1964  16.3  16.7  16.0  15.2  12.6  11.3   9.6  10.1  11.2  12.0  14.1  13.9   506   506   506   506   506   506   506   506   506   506   506   506 
1965  15.3  17.4  16.3 -99.0 -99.0  11.0   9.4  10.7  12.1  13.6  13.5 -99.0   506   506   506   -99   -99   506   506   506   506   506   506   -99 
1966 -99.0  16.4  17.9  14.2  12.5  10.1 -99.0 -99.0 -99.0 -99.0  14.8  15.6   -99   506   506   506   506   506   -99   -99   -99   -99   506   506 
1967  16.9 -99.0  16.8 -99.0 -99.0 -99.0  10.5  10.3  11.3  13.5 -99.0  14.7   506   -99   506   -99   -99   -99   506   506   506   506   -99   506 
1968  17.7 -99.0  18.0  16.3  11.8  10.4   9.8   9.9  11.0  12.4  13.1  14.9   506   -99   506   506   506   506   506   506   506   506   506   506 
1969  18.3  18.5  17.2  15.2  12.7  10.6  10.9  11.1   9.8  12.8  14.4 -99.0   506   506   506   506   506   506   506   506   506   506   506   -99 
1970  16.9  17.5  16.5  15.9  12.1  11.5   9.9   9.5   9.8  12.8  13.7  16.2   506   506   506   506   506   506   506   506   506   506   506   506 
1971 -99.0  19.0  18.1  15.8  12.7  10.8  10.4   9.6 -99.0  12.1  13.4  15.5   -99   506   506   506   506   506   506   506   -99   506   506   506 
1972 -99.0  18.7  16.3  15.3  13.4  11.5   9.7  11.1  13.5  13.0  13.9  16.3   -99   506   506   506   506   506   506   506   506   506   506   506 
1973  18.1  18.4  16.4  16.3  13.7  10.8  11.3  10.6  12.3  13.7  13.9  16.1   506   506   506   506   506   506   506   506   506   506   506   506 
1974  18.0  17.4  18.1  14.8  13.5  11.0  10.1   9.7  10.3  12.0  12.3  14.1   506   506   506   506   506   506   506   506   506   506   506   506 
1975  15.2  18.1 -99.0 -99.0  13.9  11.2  12.0  10.5  12.6  13.1  15.3  17.0   506   506   -99   -99   506   506   506   506   506   506   506   506 
1976  17.8  18.8  16.8  14.9 -99.0 -99.0 -99.0  10.1  11.4  12.0  13.9  15.6   506   506   506   506   -99   -99   -99   506   506   506   506   506 
1977  17.2  18.2  17.3  14.2  12.8  10.7   9.8  12.2  11.0  14.2  13.9  15.2   506   506   506   506   506   506   506   506   506   506   506   506 
1978  16.9  16.4  17.3  14.8  14.3  11.5   9.8   9.6  11.5  13.8  14.7  14.8   506   506   506   506   506   506   506   506   506   506   506   506 
1979  19.2  18.2  17.7  14.3  12.5  12.0  10.4  10.3  11.4  12.9  14.5  16.0   506   506   506   506   506   506   506   506   506   506   506   506 
1980  15.7  16.7  16.0  15.6  14.1  11.5  10.3  11.6  12.8  13.6  15.5  17.2   506   506   506   506   506   506   506   506   506   506   506   506 
1981  19.6  19.1  17.0  15.6  13.6  11.3  10.3  10.3  13.0  13.9  14.0  16.0   506   506   506   506   506   506   506   506   506   506   506   506 
1982  19.0  18.6  18.2  15.6  13.3  10.8   9.6  12.4  11.3  12.7  15.2  15.6   506   506   506   506   506   506   506   506   506   506   506   506 
1983  16.1  19.3  17.3  14.0  13.5  10.7  10.1  11.2  11.4  12.7  14.3  16.4   506   506   506   506   506   506   506   506   506   506   506   506 
1984  16.8  17.9  16.0  14.8  13.6  11.9  10.3  10.9  11.2  13.2  15.1  14.4   506   506   506   506   506   506   506   506   506   506   506   506 
1985  16.0  17.3  17.4  15.8  13.8  10.9  10.6  10.8  11.5  13.5  14.7  16.3   506   506   506   506   506   506   506   506   506   506   506   506 
1986  16.7  17.2  17.4  14.9  13.4  10.6  10.1  10.9  11.4  12.2  14.6  15.0   506   506   506   506   506   506   506   506   506   506   506   506 
1987  16.2  17.0  15.4  15.7 -99.0  11.6  10.3  10.5  12.5  12.7  15.0  15.5   506   506   506   506   -99   506   506   506   506   506   506   506 
1988  19.2  17.4  17.5  16.2  14.8  12.3 -99.0  11.5  12.8  13.6  15.5  16.5   506   506   506   506   506   506   -99   506   506   506   506   506 
1989  17.2  18.8  18.1  16.4  14.2  11.4  10.6  10.2  12.2  12.5  15.0  16.4   506   506   506   506   506   506   506   506   506   506   506   506 
1990  17.9  17.5  17.5  16.2  13.9  11.2  10.8   9.9  12.2  13.4  14.7  16.3   506   506   506   506   506   506   506   506   506   506   506   506 
1991  17.7  17.3  17.0  14.4  13.5  12.7  10.8   9.9  11.4  14.2  13.9  15.4   506   506   506   506   506   506   506   506   506   506   506   506 
1992  15.8  17.1  17.2 -99.0  13.6  10.9  10.4   9.9  10.3  12.8  13.5  15.9   506   506   506   -99   506   506   506   506   506   506   506   506 
1993  18.0  18.3  17.0  16.7  13.5  11.0  11.6  11.8  12.1  12.8  14.1  15.4   506   506   506   506   506   506   506   506   506   506   506   506 
1994  16.7  18.0  16.3  16.3  13.2  11.6  11.4  10.0 -99.0  13.2  13.7  17.2   506   506   506   506   506   506   506   506   -99   506   506   506 
1995  18.0  19.0  15.8 -99.0  12.8  11.4   9.2  11.7  11.0  12.9  13.7  14.1   506   506   506   -99   506   506   506   506   506   506   506   506 
1996  16.8  16.2  16.6  13.6  13.3  11.7  10.6  10.5  11.7  14.0 -99.0  14.5   506   506   506   506   506   506   506   506   506   506   -99   506 
1997  18.4  19.2  16.1  15.1  13.3  11.9  10.3  10.5  11.4  13.3  14.8  15.3   506   506   506   506   506   506   506   506   506   506   506   506 
1998  17.9  18.0  17.2  14.6  13.1  11.1  10.3  11.0  12.9  12.6  13.9  16.4   506   506   506   506   506   506   506   506   506   506   506   506 
1999 -99.0  18.6  16.9  14.4  14.4  12.1  11.4  11.7  13.4  14.1  14.0  16.9   -99   506   506   506   506   506   506   506   506   506   506   506 
2000  16.9  20.2  17.9  15.7  13.2  11.7  11.0  10.9  12.0  12.7  15.6  17.3   506   506   506   506   506   506   506   506   506   506   506   506 
2001  19.5  20.0  17.3  15.6  13.6  12.7  12.0  11.4  13.8  13.1  14.0  14.5   506   506   506   506   506   506   506   506   506   506   506   506 
2002  16.6  17.3  17.0  16.7  14.6  12.1  11.4  11.5  12.6  13.3  15.0  15.7   506   506   506   506   506   506   506   506   506   506   506   506 
2003  17.9  18.0  16.9  15.5  14.4  12.1  11.1  10.9  11.2  11.6  15.5  17.6   506   506   506   506   506   506   506   506   506   506   506   506 
2004  16.5  17.4  16.8  15.8  12.7  11.6  10.3  11.1  11.8  13.8  15.2  16.1   506   506   506   506   506   506   506   506   506   506   506   506 
2005  18.0  17.3  16.3  17.7  14.0  12.8  11.7  11.8  12.4  14.8  16.3  18.0   506   506   506   506   506   506   506   506   506   506   506   506 
2006  18.6  17.9  17.7  14.0  12.5  11.3  11.0  11.6 -99.0  13.6  13.9  15.6   506   506   506   506   506   506   506   506   -99   506   506   506 
2007  18.4  19.3  18.0  16.4  15.3  11.2  10.9  12.1  12.2  13.4  15.6  17.6   506   506   506   506   506   506   506   506   506   506   506   506 
2008  19.0  17.1  18.5  15.3  13.4  12.9  10.5  10.1  12.9  14.3  14.5  15.3   506   506   506   506   506   506   506   506   506   506   506   506 
2009  18.4  18.3  17.0  14.9  13.4  12.2  11.2  12.0  13.0  13.1  17.2  17.5   506   506   506   506   506   506   506   506   506   506   506   506 
2010  18.4  19.8  18.7  16.5  13.9  11.6  11.2  10.4  11.1  13.5  15.4  16.1   506   506   506   506   506   506   506   506   506   506   506   506 
2011  18.8  17.8  16.7  15.5  12.9  11.8  10.8  12.5  12.9  13.7  16.1 -99.0   506   506   506   506   506   506   506   506   506   506   506   -99 
2012 -99.0  19.1  17.0  16.1  13.3  11.3  11.0  10.9  12.7  13.8  15.7  17.0   -99   506   506   506   506   506   506   506   506   506   506   506 
2013  18.6  19.0  19.3  15.8  14.0  12.1  11.7  11.6  13.7  13.6  14.8  16.4   506   506   506   506   506   506   506   506   506   506   506   506 
2014  18.9  19.3  18.1  16.4  15.2  12.6  11.8  11.2  13.4  14.1  15.4  16.8   506   506   506   506   506   506   506   506   506   506   506   506 
2015  18.2  18.9  16.4  15.0  13.3  11.4  10.4  10.2  12.2  16.0  15.7  17.9   506   506   506   506   506   506   506   506   506   506   506   506 
2016  18.5  18.9  18.4  17.4  14.5  11.8  11.3  11.4  12.4  13.6  14.4  17.3   506   506   506   506   506   506   506   506   506   506   506   506 
2017  18.7  17.5  18.7  16.2  13.8  11.7  10.8  10.6  11.8  14.0  16.3  17.6   900   900   900   900   900   900   900   900   900   900   900   900 
2018  19.7  19.3  18.0  16.3  14.0  11.7  11.4  10.6  12.1  14.2  15.4  18.4   900   900   900   900   900   900   900   900   900   900   900   900 
2019  20.3  18.6  18.0  15.9 -99.0  12.3  11.2  10.8  12.5  14.0  14.4  16.5   900   900   900   900   -99   900   900   900   900   900   900   900 
2020  18.4  17.6  17.2  14.8  12.8  11.6  11.0  10.9  12.9  13.7  16.6  16.0   900   900   900   900   900   900   900   900   900   900   900   900 
