Number= 170890
Name= BAYBURT-------------
Country= TURKEY-------
Lat=   40.3
Long=  -40.2
Height= 1550
Start year= 1961
End year= 1990
First Good year= 1961
Source ID= 84
Source file= Jones
Jones data to= 1990
Normals source= Data
Normals source start year= 1961
Normals source end year= 1990
Normals=  -6.2  -4.5   0.4   7.2  11.7  15.1  18.8  18.6  15.1   9.7   3.4  -2.7 
Standard deviations source= Data
Standard deviations source start year= 1961
Standard deviations source end year= 1990
Standard deviations=   3.9   3.5   2.6   1.6   1.1   1.0   1.4   1.2   1.2   1.7   2.3   2.6 
Obs:
1961  -4.5  -3.5  -0.7   8.0  14.1  17.0  18.5  19.3  13.0  10.1   3.8   0.2   506   506   506   506   506   506   506   506   506   506   506   506 
1962  -8.1  -3.1   3.7   8.1  12.9  16.5  22.0  20.0  15.8  10.9   7.2   1.5   506   506   506   506   506   506   506   506   506   506   506   506 
1963  -0.3   0.9  -1.9   7.2  11.6  14.9  19.0  19.2  16.4  11.6   5.8  -2.8   506   506   506   506   506   506   506   506   506   506   506   506 
1964 -13.1  -5.0   0.5   6.2  11.4  16.8  19.0  17.2  15.4  10.4   3.8  -5.4   506   506   506   506   506   506   506   506   506   506   506   506 
1965  -8.9  -6.8   0.6   4.6  11.5  15.2  18.4  19.9  14.7   6.1   2.1  -0.3   506   506   506   506   506   506   506   506   506   506   506   506 
1966   1.5   0.7   3.4   8.7  10.9  15.1  20.0  20.4  14.8  11.3   7.5   0.6   506   506   506   506   506   506   506   506   506   506   506   506 
1967  -6.1 -10.6  -3.0   5.0  12.3  13.4  16.5  18.0  13.6  10.0   1.5  -3.7   506   506   506   506   506   506   506   506   506   506   506   506 
1968  -8.3  -6.9  -2.9   8.6  13.8  13.8  18.8  17.6  16.2  11.0   6.3  -3.4   506   506   506   506   506   506   506   506   506   506   506   506 
1969  -5.6  -6.2   1.7   5.0  12.0  16.4  16.9  19.9  14.2   9.1   4.0   0.0   506   506   506   506   506   506   506   506   506   506   506   506 
1970  -1.8  -1.3   3.8   9.8  11.4  14.5  18.8  17.3  14.0   8.2   5.5  -4.1   506   506   506   506   506   506   506   506   506   506   506   506 
1971  -2.2  -2.9   2.4   6.9  12.5  13.7  20.0  18.0  17.3   7.7   3.6  -6.8   506   506   506   506   506   506   506   506   506   506   506   506 
1972 -14.2  -9.9  -2.5   8.9  10.5  15.0  19.9  19.8  15.2  12.2   0.8  -5.1   506   506   506   506   506   506   506   506   506   506   506   506 
1973  -7.9  -2.1   0.4   6.7  11.5  13.8  18.3  19.0  14.9  10.4  -1.6  -4.7   506   506   506   506   506   506   506   506   506   506   506   506 
1974 -10.6  -7.0   2.4   4.2  13.3  16.7  17.8  17.6  13.3  13.7   3.2  -2.9   506   506   506   506   506   506   506   506   506   506   506   506 
1975  -9.4  -7.0  -1.8   9.8  11.4  16.3  19.5  18.5  14.1   8.1   2.2  -6.8   506   506   506   506   506   506   506   506   506   506   506   506 
1976  -8.6 -11.7  -4.1   6.3  10.6  14.3  16.0  18.5  13.5   9.6   5.3  -1.9   506   506   506   506   506   506   506   506   506   506   506   506 
1977  -9.2  -0.3   1.7   7.8  11.4  14.6  17.0  18.4  15.4   5.9   4.0  -6.5   506   506   506   506   506   506   506   506   506   506   506   506 
1978  -6.2  -2.0   1.7   5.8  10.5  13.1  20.0  17.2  16.0  10.6   0.0  -0.6   506   506   506   506   506   506   506   506   506   506   506   506 
1979  -3.4   1.4   3.6   7.8  12.1  14.6  16.6  20.8  16.6   9.2   5.7  -3.0   506   506   506   506   506   506   506   506   506   506   506   506 
1980  -7.0  -6.3   1.7   6.9  12.2  16.1  21.7  18.3  14.8   9.7   4.9  -1.8   506   506   506   506   506   506   506   506   506   506   506   506 
1981  -1.3   0.1   3.2   6.5   9.3  15.1  19.3  18.5  16.9  11.8   2.5   2.8   506   506   506   506   506   506   506   506   506   506   506   506 
1982  -2.2  -4.7  -0.1   8.6  12.1  14.8  17.8  17.5  15.1   9.3   1.7  -1.3   506   506   506   506   506   506   506   506   506   506   506   506 
1983  -6.5  -4.8   1.1   7.8  12.1  14.7  19.2  18.0  14.6   9.4   4.4   1.1   506   506   506   506   506   506   506   506   506   506   506   506 
1984   0.4   0.9   3.9   7.2  10.8  14.6  19.5  16.4  16.9   9.7   4.3  -5.4   506   506   506   506   506   506   506   506   506   506   506   506 
1985  -3.0  -5.7  -4.6   8.1  13.4  15.8  16.8  20.6  14.5   7.7   6.4  -2.6   506   506   506   506   506   506   506   506   506   506   506   506 
1986  -6.8  -3.7   0.5   8.9   9.2  14.4  19.6  20.5  17.4  10.3   1.4  -4.0   506   506   506   506   506   506   506   506   506   506   506   506 
1987  -3.0  -3.4  -4.2   4.8  12.8  15.8  19.1  18.0  13.8   8.1   0.9  -3.2   506   506   506   506   506   506   506   506   506   506   506   506 
1988  -8.3  -6.0  -1.2   6.3  11.1  14.3  17.5  17.6  13.7   9.4  -0.7  -1.8   506   506   506   506   506   506   506   506   506   506   506   506 
1989  -9.7  -8.7   3.4  10.8  12.2  15.7  19.4  20.1  14.8   9.0   3.5  -7.4   506   506   506   506   506   506   506   506   506   506   506   506 
1990 -10.4  -8.3  -0.8   5.6  10.9  14.5  19.6  17.2  14.6   9.0   3.1  -1.3   506   506   506   506   506   506   506   506   506   506   506   506 
