Number= 013740
Name= TORPA (R)
Country= NORWAY
Lat=   60.9
Long=  -10.0
Height= 542
Start year= 1963
End year= 2012
First Good year= 1963
Source ID= 56
Source file= Jones
Jones data to= 2012
Normals source= Data
Normals source start year= 1963
Normals source end year= 1990
Normals=  -8.7  -7.7  -3.8   0.5   6.8  11.5  13.0  11.6   6.8   2.2  -3.7  -7.2 
Standard deviations source= Data
Standard deviations source start year= 1963
Standard deviations source end year= 1990
Standard deviations=   3.5   3.2   2.1   1.4   1.1   1.5   1.2   1.2   1.1   1.2   1.9   2.6 
Obs:
1963 -99.0 -99.0 -99.0 -99.0 -99.0 -99.0 -99.0 -99.0 -99.0   2.5  -3.5  -7.7   -99   -99   -99   -99   -99   -99   -99   -99   -99   506   506   506 
1964  -7.6  -7.1  -5.1   1.6 -99.0 -99.0  11.0  10.9   6.8   1.8  -2.7  -7.7   506   506   506   506   -99   -99   506   506   506   506   506   506 
1965  -7.6  -4.8  -5.4   1.4   5.3  11.0  11.3  10.6   8.1   3.7  -6.4 -11.9   506   506   506   506   506   506   506   506   506   506   506   506 
1966 -13.5 -13.1  -3.6  -2.5   5.5  13.6  13.3  11.2   6.9   1.9  -3.6  -6.5   506   506   506   506   506   506   506   506   506   506   506   506 
1967 -11.4  -6.0  -1.7   0.1   4.7  10.8  12.4  12.0   8.1   2.8  -0.8  -7.7   506   506   506   506   506   506   506   506   506   506   506   506 
1968 -10.8  -8.6  -3.2   1.9   4.9  12.7  12.4  12.7   8.0   0.8  -7.5  -8.2   506   506   506   506   506   506   506   506   506   506   506   506 
1969  -7.9 -12.7  -7.0   0.8   6.3  13.7  13.2  14.2   7.7   3.4  -6.9  -9.9   506   506   506   506   506   506   506   506   506   506   506   506 
1970 -12.7 -13.7  -5.0  -1.3   7.3  14.4  10.9  12.3   6.6   2.4  -5.6  -5.5   506   506   506   506   506   506   506   506   506   506   506   506 
1971  -6.9  -4.6  -6.0   0.3   6.7   9.9  12.6  11.1   6.9   2.5  -4.6  -3.9   506   506   506   506   506   506   506   506   506   506   506   506 
1972 -12.1  -8.1  -3.2   0.5   7.0  10.4  15.0  10.8   6.0   2.8  -2.8  -3.8   506   506   506   506   506   506   506   506   506   506   506   506 
1973  -3.4  -4.7   0.3  -0.6   6.4  12.0  14.4  10.5   5.5  -0.3  -5.3  -6.6   506   506   506   506   506   506   506   506   506   506   506   506 
1974  -4.4  -4.7  -2.7   3.2   7.2  10.7  11.4  10.9   7.0   1.4  -3.2  -5.9   506   506   506   506   506   506   506   506   506   506   506   506 
1975  -4.8  -6.3  -4.0  -0.8   6.8  10.4  14.6  14.3   7.9   2.9  -2.0  -3.4   506   506   506   506   506   506   506   506   506   506   506   506 
1976  -9.1  -5.9  -5.8   1.0   7.9  11.5  13.9  13.7   5.3   0.9  -3.9  -9.2   506   506   506   506   506   506   506   506   506   506   506   506 
1977  -9.6 -10.4  -2.6  -1.8   6.5  11.0 -99.0  11.1   6.1   3.3  -2.4  -5.8   506   506   506   506   506   506   -99   506   506   506   506   506 
1978  -7.2 -11.5  -4.7  -0.5   7.3  12.3 -99.0  11.0   5.3   2.7  -0.9 -13.3   506   506   506   506   506   506   -99   506   506   506   506   506 
1979 -13.6  -9.0  -4.1   0.4 -99.0 -99.0 -99.0 -99.0 -99.0 -99.0 -99.0 -99.0   506   506   506   506   -99   -99   -99   -99   -99   -99   -99   -99 
1980 -99.0 -99.0 -99.0 -99.0 -99.0 -99.0 -99.0 -99.0 -99.0  -0.5  -7.3  -6.1   -99   -99   -99   -99   -99   -99   -99   -99   -99   506   506   506 
1981  -8.0  -7.8  -5.8   1.1   8.4   9.4  12.5  11.4   7.8   1.2  -4.5 -12.8   506   506   506   506   506   506   506   506   506   506   506   506 
1982 -11.1  -7.5  -1.5   1.6   6.2  10.2  14.5  12.4   7.9   2.0  -3.1  -7.3   506   506   506   506   506   506   506   506   506   506   506   506 
1983  -4.7  -7.8  -2.6   1.0   6.7  10.9  14.4  12.8   7.4   2.9  -2.2  -5.8   506   506   506   506   506   506   506   506   506   506   506   506 
1984 -10.5  -6.8  -5.1   2.7   8.3  11.2  12.7  12.3   6.4   3.5  -2.0  -4.3   506   506   506   506   506   506   506   506   506   506   506   506 
1985 -12.1 -11.3  -4.5  -0.9   7.4  11.1  12.7  10.9   4.7   4.7  -6.2 -10.6   506   506   506   506   506   506   506   506   506   506   506   506 
1986 -10.9 -10.3  -2.4  -1.2   7.3 -99.0 -99.0   9.5   4.8   2.6  -0.9  -6.9   506   506   506   506   506   -99   -99   506   506   506   506   506 
1987 -14.9  -7.9  -8.1   2.3   5.6   9.0  13.3   9.8   5.7   3.3  -3.3  -5.9   506   506   506   506   506   506   506   506   506   506   506   506 
1988  -4.6  -6.0  -5.5  -0.4   8.1  15.0  13.1  11.6   8.8   0.2  -4.1  -6.0   506   506   506   506   506   506   506   506   506   506   506   506 
1989  -2.0  -1.9  -0.8   0.9   7.0  11.7  14.0  10.5   7.4   2.4  -1.1  -7.8   506   506   506   506   506   506   506   506   506   506   506   506 
1990  -4.8  -0.5   0.4   2.2   8.9  11.9  13.0  12.3   6.3   2.5  -3.9  -4.6   506   506   506   506   506   506   506   506   506   506   506   506 
1991  -6.8  -9.3  -1.2   1.6   6.8   8.3  15.4  12.9   6.9   1.8  -3.3  -3.8   506   506   506   506   506   506   506   506   506   506   506   506 
1992  -3.3  -3.7  -1.3   0.5   9.6  13.6  12.4  10.1   7.1  -1.2  -4.3  -6.5   506   506   506   506   506   506   506   506   506   506   506   506 
1993  -4.8  -3.7  -3.0   2.2   9.0   9.8  12.0   9.7   4.6   0.9  -5.7  -9.3   506   506   506   506   506   506   506   506   506   506   506   506 
1994  -9.3 -12.4  -4.4   2.1   6.2   9.8  17.0  11.8   6.4   1.1  -2.5  -5.5   506   506   506   506   506   506   506   506   506   506   506   506 
1995  -6.9  -5.5  -3.2  -0.1   5.6  12.1  13.2  13.5   7.2   4.7  -4.3 -10.3   506   506   506   506   506   506   506   506   506   506   506   506 
1996  -9.4 -10.7  -5.0   1.6   4.6  11.1  12.3  13.7   6.0   3.6  -5.7  -9.0   506   506   506   506   506   506   506   506   506   506   506   506 
1997  -7.7  -5.3  -1.9   0.8   5.3  12.3  15.8  15.9   8.1   0.9  -2.7  -5.9   506   506   506   506   506   506   506   506   506   506   506   506 
1998  -5.7  -2.9  -4.2  -0.1   7.6   9.8  12.0  10.6   8.5   0.8  -6.1  -6.0   506   506   506   506   506   506   506   506   506   506   506   506 
1999  -7.1  -6.6  -3.3   3.0   5.5  10.9  14.1  11.6  10.4   2.3   0.9  -7.8   506   506   506   506   506   506   506   506   506   506   506   506 
2000  -4.0  -5.1  -2.2   2.1   9.1  10.1  13.3  11.5   7.2   5.3   1.0  -4.1   506   506   506   506   506   506   506   506   506   506   506   506 
2001  -6.4 -10.7  -6.9   0.5   7.4  10.9  14.1  11.8   7.9   4.5  -1.3  -7.4   506   506   506   506   506   506   506   506   506   506   506   506 
2002  -6.4  -4.2  -1.9   3.3   8.7  12.7  13.9  16.0   9.0  -1.3  -5.9 -10.3   506   506   506   506   506   506   506   506   506   506   506   506 
2003  -6.6  -7.7  -1.2   2.2   6.1  12.4  15.6  13.1   7.8   0.0  -2.0  -4.5   506   506   506   506   506   506   506   506   506   506   506   506 
2004  -9.5  -4.8  -1.6   3.4   8.4  10.7  12.4  13.5   8.3   2.4  -3.2  -4.7   506   506   506   506   506   506   506   506   506   506   506   506 
2005  -2.5  -4.9  -4.4   3.1   5.5  10.6  15.4  12.1   8.2   3.4   0.4  -5.0   506   506   506   506   506   506   506   506   506   506   506   506 
2006  -6.6  -5.9  -7.7   0.6   6.7  13.4  16.6  14.4  10.8   3.7  -0.7  -0.4   506   506   506   506   506   506   506   506   506   506   506   506 
2007  -5.6  -8.0   0.1   3.4   7.2  13.5  13.0  12.5   6.3   2.8  -2.5  -6.1   506   506   506   506   506   506   506   506   506   506   506   506 
2008  -3.8  -2.6  -3.8   2.4   7.6  11.6  14.7  11.4   7.0   2.9  -1.9  -6.4   506   506   506   506   506   506   506   506   506   506   506   506 
2009  -6.6  -8.9  -2.6   4.3   7.9  11.7  13.5  12.1   8.5  -0.2  -1.7  -9.0   506   506   506   506   506   506   506   506   506   506   506   506 
2010 -12.8 -10.5  -2.6   1.5   6.4  11.4  14.3  12.4   6.7   1.4  -7.3 -13.0   506   506   506   506   506   506   506   506   506   506   506   506 
2011  -7.3  -8.8  -3.3   5.9   6.9  12.5  14.1  12.4   8.9   2.9   0.5  -4.7   506   506   506   506   506   506   506   506   506   506   506   506 
2012  -7.5  -5.8   2.2   0.3   7.5   9.6 -99.0 -99.0 -99.0 -99.0 -99.0 -99.0   506   506   506   506   506   506   -99   -99   -99   -99   -99   -99 
