Number= 014730
Name= KONGSBERG (R)
Country= NORWAY
Lat=   59.6
Long=   -9.6
Height= 170
Start year= 1911
End year= 2017
First Good year= 1911
Source ID= 56
Source file= Jones
Jones data to= 2017
Normals source= Data
Normals source start year= 1961
Normals source end year= 1990
Normals=  -6.5  -5.5  -1.0   3.7   9.8  14.6  15.7  14.3   9.8   5.2  -1.0  -5.2 
Standard deviations source= Data
Standard deviations source start year= 1941
Standard deviations source end year= 1990
Standard deviations=   3.9   3.7   2.6   1.4   1.3   1.4   1.4   1.6   1.2   1.3   1.9   2.7 
Obs:
1911  -4.2  -2.3  -0.7   4.7  11.8  14.1  15.9  14.9  10.4   1.7  -1.4  -2.6   506   506   506   506   506   506   506   506   506   506   506   506 
1912  -9.6  -5.8   0.8   2.7   9.5  14.4  16.6  13.0   8.2   3.1  -2.2  -1.9   506   506   506   506   506   506   506   506   506   506   506   506 
1913  -6.4  -1.0   1.1   4.5  10.2  14.1  16.6  13.5  10.2   5.0   2.0  -4.3   506   506   506   506   506   506   506   506   506   506   506   506 
1914  -8.4   0.3  -2.1   5.7   9.1  14.6  19.4  15.1   9.9   3.5  -1.3  -1.1   506   506   506   506   506   506   506   506   506   506   506   506 
1915  -7.5  -3.3  -3.2   4.3   8.3  12.7  14.8  14.1   8.2   1.8  -4.4 -12.9   506   506   506   506   506   506   506   506   506   506   506   506 
1916  -3.0  -4.8  -2.7   3.9   9.2  11.9  16.0  13.7   8.6   2.8   1.3  -4.4   506   506   506   506   506   506   506   506   506   506   506   506 
1917 -15.4  -7.3  -5.0   0.9   9.1  15.1  15.2  15.8  11.2   4.6   0.5  -6.9   506   506   506   506   506   506   506   506   506   506   506   506 
1918  -9.4  -4.1  -1.4   4.4  11.6  13.0  16.1  14.3   7.6   6.5   0.4  -5.4   506   506   506   506   506   506   506   506   506   506   506   506 
1919  -4.2  -8.9  -2.7   2.7  11.2  13.7  17.2  12.4  10.3   3.4  -5.7  -9.5   506   506   506   506   506   506   506   506   506   506   506   506 
1920  -6.6  -0.7   3.0   4.8  10.3  14.2  14.9  12.6   9.7   2.0  -0.2  -5.2   506   506   506   506   506   506   506   506   506   506   506   506 
1921  -5.1  -5.7   2.6   6.8  10.6  13.5  16.4  13.1   8.3   5.8  -3.9  -3.8   506   506   506   506   506   506   506   506   506   506   506   506 
1922  -8.8  -6.3  -1.4   2.0   9.4  13.5  15.1  12.5   8.6   1.9  -0.9  -2.6   506   506   506   506   506   506   506   506   506   506   506   506 
1923  -2.4  -7.6  -0.1   2.5   7.7  11.1  16.4  12.7   9.2   4.4  -4.1  -8.3   506   506   506   506   506   506   506   506   506   506   506   506 
1924  -6.0  -7.0  -5.1   2.0   8.2  13.1  15.0  13.9  10.8   5.4   0.2   0.4   506   506   506   506   506   506   506   506   506   506   506   506 
1925  -2.0  -1.0  -3.2   4.1   9.2  14.6  18.2  15.0   9.2   3.3  -5.7 -10.9   506   506   506   506   506   506   506   506   506   506   506   506 
1926  -5.2  -7.1   0.0   5.3   9.5  13.8  17.0  14.7   9.7   0.4  -0.5  -5.8   506   506   506   506   506   506   506   506   506   506   506   506 
1927  -2.4  -4.4   1.6   3.0   6.7  11.0  17.1  14.9   9.0   3.6  -4.1 -12.3   506   506   506   506   506   506   506   506   506   506   506   506 
1928  -5.2  -4.3  -3.1   3.3   9.0  11.7  14.2  13.2   8.9   3.7  -1.6  -5.7   506   506   506   506   506   506   506   506   506   506   506   506 
1929  -8.3 -10.4   1.9   2.4   9.3  12.3  15.7  12.5  10.3   5.2   0.6  -0.6   506   506   506   506   506   506   506   506   506   506   506   506 
1930  -1.2  -4.7  -1.0   5.1  10.5  14.4  16.3  14.3   9.4   4.7  -0.6  -2.9   506   506   506   506   506   506   506   506   506   506   506   506 
1931  -8.0  -5.0  -5.8   2.3   9.4  12.3  15.6  13.1   7.5   4.2   2.3  -4.3   506   506   506   506   506   506   506   506   506   506   506   506 
1932  -0.8  -1.8  -3.3   3.9   9.5  13.4  16.5  14.6   9.2   2.4  -2.2  -1.8   506   506   506   506   506   506   506   506   506   506   506   506 
1933  -4.2  -3.4  -0.3   4.0   9.7  16.7  17.5  14.9  11.6   5.2  -2.5  -6.6   506   506   506   506   506   506   506   506   506   506   506   506 
1934  -3.2  -0.1   1.0   3.9  10.0  14.9  17.1  14.8  11.1   5.4  -1.6   0.5   506   506   506   506   506   506   506   506   506   506   506   506 
1935  -5.4  -2.6  -0.7   3.8   9.2  14.1  16.8  15.2   9.4   5.1   2.1  -4.6   506   506   506   506   506   506   506   506   506   506   506   506 
1936  -5.7  -5.7  -1.5   3.1  10.3  15.9  16.4  15.0   8.2   2.9   0.0   0.1   506   506   506   506   506   506   506   506   506   506   506   506 
1937  -3.7  -7.2  -3.4   4.5  11.3  13.4  17.7  16.5  10.5   6.9  -2.0  -7.9   506   506   506   506   506   506   506   506   506   506   506   506 
1938  -3.7  -2.2   3.8   5.5   8.8  13.2  15.7  16.4  11.3   6.2   2.5  -3.3   506   506   506   506   506   506   506   506   506   506   506   506 
1939  -6.6  -1.0  -0.7   4.4   9.9  14.8  14.9  16.5  10.8   1.6   0.4  -8.4   506   506   506   506   506   506   506   506   506   506   506   506 
1940 -10.0 -10.3  -3.0   2.3  10.7  16.0  15.4  13.2   7.9   3.4  -0.6  -4.9   506   506   506   506   506   506   506   506   506   506   506   506 
1941 -17.2 -10.1  -2.3   2.0   8.8  15.9  18.3  13.3  10.5   3.2  -0.8  -5.2   506   506   506   506   506   506   506   506   506   506   506   506 
1942 -14.6  -9.5  -6.5   4.5   8.9  12.5  15.9  14.2   9.8   4.8   1.1  -3.0   506   506   506   506   506   506   506   506   506   506   506   506 
1943  -8.2   0.0   2.6   5.6   9.4  14.1  16.5  13.1   9.8   6.6  -0.7  -6.2   506   506   506   506   506   506   506   506   506   506   506   506 
1944  -3.9  -3.3  -0.9   3.1   8.5  12.4  17.1  16.9  10.0   5.3  -1.8  -2.0   506   506   506   506   506   506   506   506   506   506   506   506 
1945  -8.3  -3.5   2.9   6.5  10.0  15.3  17.9  17.3  10.2   6.0  -2.3  -3.4   506   506   506   506   506   506   506   506   506   506   506   506 
1946  -6.1  -4.4  -1.0   7.0  11.2  13.2  16.8  13.6  10.2   2.5   1.1  -2.7   506   506   506   506   506   506   506   506   506   506   506   506 
1947  -5.8 -15.4  -5.3   4.3  13.7  16.7  17.6  19.6  12.1   4.5  -4.4  -5.1   506   506   506   506   506   506   506   506   506   506   506   506 
1948 -10.4  -6.4   0.9   5.7  11.0  14.2  16.3  14.0  10.2   3.5  -0.7  -1.5   506   506   506   506   506   506   506   506   506   506   506   506 
1949  -2.0  -0.5  -0.9   5.5  11.1  14.9  17.8  14.6  13.0   5.5   0.8  -5.1   506   506   506   506   506   506   506   506   506   506   506   506 
1950  -6.5  -4.2   0.8   5.0  11.5  14.5  14.9  14.9   9.7   5.0  -2.8  -7.2   506   506   506   506   506   506   506   506   506   506   506   506 
1951  -7.7  -3.7  -4.4   2.5   9.1  14.0  15.0  14.3  11.3   5.4   1.1  -0.3   506   506   506   506   506   506   506   506   506   506   506   506 
1952  -6.6  -4.1  -3.2   5.7  10.3  12.6  15.9  13.7   7.4   3.1  -3.4  -5.6   506   506   506   506   506   506   506   506   506   506   506   506 
1953  -6.8  -6.0   2.7   4.4  10.0  17.0  15.6  13.8   9.7   7.7   2.6  -1.5   506   506   506   506   506   506   506   506   506   506   506   506 
1954  -8.0  -8.8  -0.7   3.4  11.1  14.0  14.4  13.9   9.2   3.9  -0.4  -2.3   506   506   506   506   506   506   506   506   506   506   506   506 
1955  -7.0  -7.6  -2.3   2.5   7.3  13.7  20.1  17.7  11.1   4.3   0.9  -7.3   506   506   506   506   506   506   506   506   506   506   506   506 
1956 -10.1  -9.5  -2.2   3.1  11.0  13.3  16.0  11.7  10.1   4.8  -1.4  -1.3   506   506   506   506   506   506   506   506   506   506   506   506 
1957  -3.0  -4.7  -1.9   4.4   8.9  13.6  16.1  14.2   8.9   5.4  -0.6  -3.1   506   506   506   506   506   506   506   506   506   506   506   506 
1958  -7.1  -9.8  -5.2   2.4   7.9  13.9  16.3  13.7  11.5   6.8   0.2  -5.9   506   506   506   506   506   506   506   506   506   506   506   506 
1959  -9.4  -5.1   0.5   4.3  10.6  14.3  17.4  16.4  11.0   5.1   1.2  -2.3   506   506   506   506   506   506   506   506   506   506   506   506 
1960  -6.5  -8.3  -0.7   3.6  11.1  15.6  13.7  13.7  10.0   3.3  -1.4  -3.8   506   506   506   506   506   506   506   506   506   506   506   506 
1961  -8.0  -3.0   2.9   4.2   9.6  14.8  15.3  13.0  11.7   8.4   0.4  -6.0   506   506   506   506   506   506   506   506   506   506   506   506 
1962  -4.8  -2.0  -5.9   3.1   7.4  12.6  13.9  11.7   9.2   6.1  -1.9  -8.1   506   506   506   506   506   506   506   506   506   506   506   506 
1963 -11.6 -10.4  -3.8   3.3   9.6  15.3  15.2  13.5   9.9   5.6  -0.3  -7.2   506   506   506   506   506   506   506   506   506   506   506   506 
1964  -6.2  -4.1  -2.3   4.3  10.3  12.5  13.8  13.8   9.4   4.1   0.5  -5.0   506   506   506   506   506   506   506   506   506   506   506   506 
1965  -5.2  -4.0  -2.4   3.9   7.5  13.6  13.3  12.7  10.9   6.0  -4.5 -11.2   506   506   506   506   506   506   506   506   506   506   506   506 
1966 -11.0 -11.2  -0.1   0.7   8.6  16.3  16.1  13.5   9.9   4.6  -0.8  -5.2   506   506   506   506   506   506   506   506   506   506   506   506 
1967 -10.6  -4.1   2.3   3.4   7.8  14.0  15.6  15.0  10.8   5.7   2.1  -5.5   506   506   506   506   506   506   506   506   506   506   506   506 
1968  -9.2  -7.1   0.5   5.3   8.2  16.1  15.5  15.6  11.0   4.4  -4.7  -7.2   506   506   506   506   506   506   506   506   506   506   506   506 
1969  -4.7  -9.7  -4.2   3.6   9.2  16.5  16.4  16.7  11.1   6.4  -3.7  -7.2   506   506   506   506   506   506   506   506   506   506   506   506 
1970 -10.4 -12.5  -2.0   1.5  10.6  17.6  14.0  15.2   9.5   5.0  -3.4  -3.9   506   506   506   506   506   506   506   506   506   506   506   506 
1971  -4.4  -1.0  -2.7   3.8  10.7  13.3  15.9  14.2  10.2   5.9  -2.1  -0.6   506   506   506   506   506   506   506   506   506   506   506   506 
1972  -8.6  -5.0  -0.3   4.0  10.0  13.2  17.3  13.8   8.6   5.6  -0.5  -0.5   506   506   506   506   506   506   506   506   506   506   506   506 
1973  -1.4  -0.9   3.1   3.2   9.5  15.5  17.5  14.1   9.0   2.5  -2.9  -4.0   506   506   506   506   506   506   506   506   506   506   506   506 
1974  -1.4  -1.4   0.1   6.3  10.2  14.0  14.4  14.3  10.1   4.0  -0.6  -3.2   506   506   506   506   506   506   506   506   506   506   506   506 
1975  -1.3  -5.5  -0.7   3.2  10.2  14.5  18.0  18.0  10.6   5.8   0.5   0.4   506   506   506   506   506   506   506   506   506   506   506   506 
1976  -6.4  -3.5  -2.3   4.7  10.6  15.5  17.6  16.9   8.2   3.3  -0.7  -7.3   506   506   506   506   506   506   506   506   506   506   506   506 
1977  -7.1  -8.1   0.2   1.5  10.4  14.4  15.5  14.0   9.0   5.8   0.0  -4.2   506   506   506   506   506   506   506   506   506   506   506   506 
1978  -4.0  -8.8  -1.9   2.8  10.3  15.7  14.4  14.0   8.4   5.8   3.0 -10.3   506   506   506   506   506   506   506   506   506   506   506   506 
1979 -11.5  -8.0  -1.0   3.4   8.1  15.4  15.2  13.1   9.9   4.0  -2.2  -6.0   506   506   506   506   506   506   506   506   506   506   506   506 
1980  -9.7  -9.3  -3.1   5.1  11.3  15.2  15.7  14.1  10.9   3.1  -3.9  -3.2   506   506   506   506   506   506   506   506   506   506   506   506 
1981  -5.7  -4.6  -2.8   4.1  10.9  12.5  15.4  14.3  11.1   4.1  -0.9 -11.3   506   506   506   506   506   506   506   506   506   506   506   506 
1982 -10.1  -5.6   1.2   4.9   9.2  13.7  17.3  15.1  11.2   4.9   0.2  -4.8   506   506   506   506   506   506   506   506   506   506   506   506 
1983  -0.5  -7.2   1.1   4.0   9.3  14.0  17.5  16.6  10.6   6.4  -0.2  -2.6   506   506   506   506   506   506   506   506   506   506   506   506 
1984  -7.9  -5.2  -2.5   5.0  11.1  14.0  15.9  15.4   8.9   6.8   1.7  -1.0   506   506   506   506   506   506   506   506   506   506   506   506 
1985 -10.8 -10.4  -1.1   2.0  10.6  13.4  15.1  13.5   7.6   7.0  -3.7  -9.5   506   506   506   506   506   506   506   506   506   506   506   506 
1986 -10.2 -10.0   0.1   1.7  10.2  15.9  16.1  12.1   7.8   5.4   1.9  -3.8   506   506   506   506   506   506   506   506   506   506   506   506 
1987 -14.0  -5.5  -5.6   4.7   8.4  11.5  15.6  12.3   8.3   6.2  -1.0  -4.8   506   506   506   506   506   506   506   506   506   506   506   506 
1988  -1.3  -2.6  -2.6   2.6  10.7  17.5  15.1  14.1  11.7   3.4  -2.0  -4.3   506   506   506   506   506   506   506   506   506   506   506   506 
1989   2.0   1.9   2.6   4.2  10.4  14.5  17.1  13.4   9.9   5.6   0.7  -4.6   506   506   506   506   506   506   506   506   506   506   506   506 
1990  -0.4   2.6   4.5   6.0  12.2  14.2  15.7  15.6   9.1   4.8  -1.9  -2.7   506   506   506   506   506   506   506   506   506   506   506   506 
1991  -5.7  -6.4   1.4   4.8  10.3  10.8  17.9  15.8  10.6   4.7   0.7  -1.1   506   506   506   506   506   506   506   506   506   506   506   506 
1992  -1.4  -0.4   2.1   3.8  13.1  17.0  15.8  13.1  10.0   2.1  -1.6  -3.4   506   506   506   506   506   506   506   506   506   506   506   506 
1993  -1.4  -0.7   0.8   5.3  11.9  13.1  14.3  12.3   7.9   3.9  -2.7  -5.8   506   506   506   506   506   506   506   506   506   506   506   506 
1994  -6.6  -9.3  -0.4   5.0   9.8  13.4  19.5  14.7   9.1   4.0   0.8  -2.2   506   506   506   506   506   506   506   506   506   506   506   506 
1995  -4.6  -1.2   0.5   3.6   9.0  14.4  16.2  17.1  10.0   8.0  -1.6  -9.2   506   506   506   506   506   506   506   506   506   506   506   506 
1996  -7.2  -8.3  -1.8   4.6   7.7  14.5  14.8  16.2   8.7   6.3  -2.0  -7.9   506   506   506   506   506   506   506   506   506   506   506   506 
1997  -7.3  -1.4   2.0   4.5   8.6  15.0  17.8  18.6  11.2   3.6  -0.1  -3.0   506   506   506   506   506   506   506   506   506   506   506   506 
1998  -3.5   1.2   0.1   2.7  10.9  12.5  14.7  13.3  11.2   4.3  -2.1  -2.5   506   506   506   506   506   506   506   506   506   506   506   506 
1999  -3.8  -3.3  -0.1   5.8   8.8  13.2  16.9  14.6  12.8   5.4   3.0  -4.4   506   506   506   506   506   506   506   506   506   506   506   506 
2000  -1.0  -0.4   1.3   5.0  11.9  13.1  15.3  14.1   9.6   8.0   3.6  -1.3   506   506   506   506   506   506   506   506   506   506   506   506 
2001  -6.2  -6.9  -3.1   3.2  11.1  13.7  17.2  14.7  10.2   7.7   1.4 -99.0   506   506   506   506   506   506   506   506   506   506   506   -99 
2002 -99.0 -99.0 -99.0 -99.0 -99.0 -99.0  16.4  18.2 -99.0 -99.0 -99.0 -99.0   -99   -99   -99   -99   -99   -99   506   506   -99   -99   -99   -99 
2003 -99.0 -99.0   1.1   4.8   9.1  15.6  18.0  16.2  11.1   1.9   0.4  -1.1   -99   -99   506   506   506   506   506   506   506   506   506   506 
2004  -6.5  -3.2   1.1   6.3  11.4  13.6  14.7  16.3  11.0   4.8  -0.9  -1.7   506   506   506   506   506   506   506   506   506   506   506   506 
2005   0.5  -1.7  -1.6   6.1   8.9  14.0  17.6  14.8  10.6   5.7   2.6  -3.2   506   506   506   506   506   506   506   506   506   506   506   506 
2006  -4.3  -4.6  -4.8   3.6  10.2  15.9  19.6  16.4  13.4   6.5   2.0   1.5   506   506   506   506   506   506   506   506   506   506   506   506 
2007  -2.2  -4.4   3.0   7.4  10.3  16.1  15.1  15.3  10.0   5.6  -0.1  -5.5   506   506   506   506   506   506   506   506   506   506   506   506 
2008  -0.9   0.5  -0.3   4.9  11.4  14.6  17.5  14.1   9.5   5.7   0.3  -4.3   506   506   506   506   506   506   506   506   506   506   506   506 
2009  -4.0  -6.9   0.6   7.0  10.8  14.6  16.3  14.8  11.6   2.2   1.1  -7.3   506   506   506   506   506   506   506   506   506   506   506   506 
2010 -10.7  -8.2   0.0   4.6   9.6  14.6  17.1  14.7   9.8   3.7  -4.3 -13.9   506   506   506   506   506   506   506   506   506   506   506   506 
2011  -5.9  -6.1   0.3   9.0   9.9  15.0  16.5  14.6  11.5   6.4   2.9  -1.8   506   506   506   506   506   506   506   506   506   506   506   506 
2012  -4.3  -3.3   5.1   3.6  11.3  12.3  15.4  14.9  10.1   3.2   1.4  -8.7   506   506   506   506   506   506   506   506   506   506   506   506 
2013  -8.1  -4.9  -4.4   3.2  11.1  14.1  17.8  14.8  10.3   5.7   0.3   0.3   506   506   506   506   506   506   506   506   506   506   506   506 
2014  -4.0   0.6   3.4   6.8  11.2  14.8  19.4  14.2  11.7   7.4   2.2  -3.5   506   506   506   506   506   506   506   506   506   506   506   506 
2015  -1.1  -0.9   2.4   6.2   8.1  13.5  15.6  14.9  11.1   5.4   0.8   0.5   506   506   506   506   506   506   506   506   506   506   506   506 
2016  -7.3  -1.9   2.1   4.9  11.9  15.9  16.1  14.6  14.0   4.5  -1.4  -0.1   506   506   506   506   506   506   506   506   506   506   506   506 
2017  -2.9  -2.5   1.8 -99.0 -99.0 -99.0 -99.0 -99.0 -99.0 -99.0 -99.0 -99.0   506   506   506   -99   -99   -99   -99   -99   -99   -99   -99   -99 
