Number= 664470
Name= MAVINGA
Country= ANGOLA
Lat=  -15.8
Long=  -20.4
Height= 1088
Start year= 1953
End year= 1975
First Good year= 1953
Source ID= 10
Source file= Jones
Jones data to= 1975
Normals source start year= 1961
Normals source end year= 1975
Normals= -99.0 -99.0 -99.0 -99.0 -99.0 -99.0 -99.0 -99.0 -99.0 -99.0 -99.0 -99.0 
Standard deviations source= Data
Standard deviations source start year= 1953
Standard deviations source end year= 1975
Standard deviations=   1.2   0.7   0.8   0.9   1.9   2.0   3.0   1.8   1.3   1.3   1.2   1.2 
Obs:
1953 -99.0 -99.0 -99.0 -99.0 -99.0 -99.0 -99.0  17.3  19.6  23.0  23.8  22.9   -99   -99   -99   -99   -99   -99   -99   506   506   506   506   506 
1954  23.2  23.0  22.8  20.8  17.5  13.6  13.3  17.0  22.1  24.9  23.8  22.7   506   506   506   506   506   506   506   506   506   506   506   506 
1955  22.8 -99.0  22.2  20.9  18.2  15.7  15.0  17.2  20.7  23.3  23.7 -99.0   506   -99   506   506   506   506   506   506   506   506   506   -99 
1956 -99.0 -99.0  22.8  21.0  17.6  14.3 -99.0 -99.0 -99.0 -99.0 -99.0  23.8   -99   -99   506   506   506   506   -99   -99   -99   -99   -99   506 
1957  23.9  22.4  22.3  21.7  17.4  15.9  15.7  17.6  23.0  24.2  23.7  23.0   506   506   506   506   506   506   506   506   506   506   506   506 
1958  23.7  22.9  22.8  21.7  18.1  14.5  14.3  16.6  23.1  24.1  24.3  23.1   506   506   506   506   506   506   506   506   506   506   506   506 
1959  23.3  23.1  22.8  22.1  18.8  16.2  15.8  17.0  21.1  25.0  24.2  23.8   506   506   506   506   506   506   506   506   506   506   506   506 
1960  23.3  22.3  21.8  21.2  17.2  15.2  13.5  18.4  22.0  24.9  23.2  24.1   506   506   506   506   506   506   506   506   506   506   506   506 
1961  22.5  22.0  21.1  21.3  19.6  15.1   5.7  16.6  22.0  22.6  23.0  22.3   506   506   506   506   506   506   506   506   506   506   506   506 
1962  22.3  22.1  22.4  21.3  15.8  14.6  14.5  19.0  21.6  25.2  23.8  22.1   506   506   506   506   506   506   506   506   506   506   506   506 
1963  22.0  22.2  21.9  20.9  16.6  13.7  12.4  16.6  21.5  24.4  22.1  23.0   506   506   506   506   506   506   506   506   506   506   506   506 
1964  23.2  23.3  22.9  21.1  17.3  13.0  13.0  17.4  21.6  23.6  23.0  22.0   506   506   506   506   506   506   506   506   506   506   506   506 
1965  22.1  23.0  22.0  20.9  15.7  15.6  14.7  17.6  22.5  23.7  23.4  22.8   506   506   506   506   506   506   506   506   506   506   506   506 
1966  22.5  22.3  21.2  20.5  18.0  16.5  15.3  18.2  21.8  24.8  24.5  24.1   506   506   506   506   506   506   506   506   506   506   506   506 
1967  22.5  22.2  22.5  21.8  22.2  15.7  21.7  16.9  21.7  24.8  19.8  22.3   506   506   506   506   506   506   506   506   506   506   506   506 
1968  22.7  23.1  21.9  21.0  19.1  13.8  13.8  19.3  25.8  24.4  23.1  23.6   506   506   506   506   506   506   506   506   506   506   506   506 
1969  23.8  23.0  23.3  22.1  18.9  15.7  15.6  19.1  21.7  24.2  23.7  25.9   506   506   506   506   506   506   506   506   506   506   506   506 
1970 -99.0  23.2  22.6  21.5  19.4  16.0  15.2  17.4  22.6  23.1  21.1  21.0   -99   506   506   506   506   506   506   506   506   506   506   506 
1971  18.9  21.9  21.7  21.7  18.1 -99.0  15.9  18.4  22.7  25.5  22.8  22.9   506   506   506   506   506   -99   506   506   506   506   506   506 
1972  22.4  24.4  22.3  23.1  21.0  18.4  18.7  21.6  22.4  25.0  25.2  24.4   506   506   506   506   506   506   506   506   506   506   506   506 
1973  25.8  24.3  24.6  24.1  22.7  21.9  19.4  21.9  25.0  25.4  25.2  23.7   506   506   506   506   506   506   506   506   506   506   506   506 
1974  23.0  23.3  23.3  22.6  20.6  18.6  15.6  22.9  22.9  26.9  24.0  26.2   506   506   506   506   506   506   506   506   506   506   506   506 
1975  23.2  23.6  23.1  23.9  22.1  18.4 -99.0 -99.0 -99.0  20.4 -99.0 -99.0   506   506   506   506   506   506   -99   -99   -99   506   -99   -99 
