Number= 270660
Name= NIKOL`SK------------
Country= RUSSIA
Lat=   59.5
Long=  -45.4
Height= 136
Start year= 1936
End year= 2016
First Good year= 1936
Source ID= 43
Source file= Jones
Jones data to= 2016
Normals source= Data
Normals source start year= 1961
Normals source end year= 1990
Normals= -14.4 -11.8  -5.3   2.3   9.6  14.5  17.0  14.3   8.4   1.8  -4.7 -10.4 
Standard deviations source= Data
Standard deviations source start year= 1941
Standard deviations source end year= 1990
Standard deviations=   4.8   4.2   3.2   2.3   2.3   2.1   1.9   1.5   1.6   2.0   2.4   4.5 
Obs:
1936  -8.2 -15.4  -7.4   2.5   9.3  18.0  19.4  15.0   8.0   0.6  -1.3  -4.3   506   506   506   506   506   506   506   506   506   506   506   506 
1937 -11.2 -10.0  -3.0   4.8   7.7  16.7  17.5  15.6  10.1   4.0  -2.7 -16.6   506   506   506   506   506   506   506   506   506   506   506   506 
1938 -12.6 -10.9  -4.3   1.5  10.0  14.2  20.9  16.9  10.9   1.6  -2.2 -14.4   506   506   506   506   506   506   506   506   506   506   506   506 
1939 -13.1 -11.5  -6.7  -1.0   8.1  15.9  17.1  14.5   5.2  -0.1  -1.3 -10.4   506   506   506   506   506   506   506   506   506   506   506   506 
1940 -23.9 -15.9  -7.6   1.3   8.1  14.3  18.5  17.4  11.5  -0.4  -3.3 -11.4   506   506   506   506   506   506   506   506   506   506   506   506 
1941 -17.3 -15.2 -10.1  -2.3   5.3  11.7  18.1  16.3   7.2  -0.2  -7.8 -20.5   506   506   506   506   506   506   506   506   506   506   506   506 
1942 -22.2 -15.1 -12.2   1.3   9.7  14.6  16.7  13.9   7.6   2.9  -6.6  -8.4   506   506   506   506   506   506   506   506   506   506   506   506 
1943 -17.8  -8.2  -2.8   3.2  11.3  14.4  19.1  14.5   7.8   2.3  -2.7  -6.2   506   506   506   506   506   506   506   506   506   506   506   506 
1944  -5.7  -9.5  -5.0  -0.1  10.6  13.3  15.4  12.9  10.1   2.8  -5.2 -11.7   506   506   506   506   506   506   506   506   506   506   506   506 
1945 -13.9 -14.0  -9.2  -0.4   4.9  14.6  16.0  17.1   7.8   0.0  -5.8 -16.8   506   506   506   506   506   506   506   506   506   506   506   506 
1946 -10.3 -14.5  -7.3   1.5   9.1  16.2  17.6  15.6   8.7  -3.0  -4.7 -10.7   506   506   506   506   506   506   506   506   506   506   506   506 
1947 -13.1 -20.0  -7.8   2.8   6.6  14.8  14.8  14.2   9.8   1.8  -3.2  -9.5   506   506   506   506   506   506   506   506   506   506   506   506 
1948 -13.1 -13.7  -8.2   2.0  13.5  18.7  13.8  14.1   9.3   2.9  -2.7  -8.8   506   506   506   506   506   506   506   506   506   506   506   506 
1949  -5.3 -10.8  -7.5   1.8  11.4  15.7  14.8  15.1   9.3   1.5  -4.8  -8.4   506   506   506   506   506   506   506   506   506   506   506   506 
1950 -21.3 -10.7  -4.5   7.0   8.4  14.0  13.2  12.2   9.4   3.9  -4.2  -7.8   506   506   506   506   506   506   506   506   506   506   506   506 
1951 -14.4 -14.9  -6.7   6.5   6.0  15.4  16.2  16.8   9.6   1.7  -8.5  -4.3   506   506   506   506   506   506   506   506   506   506   506   506 
1952  -7.5 -10.1 -10.9  -0.2   6.7  16.4  17.8  13.7   9.7   0.3  -4.5 -10.1   506   506   506   506   506   506   506   506   506   506   506   506 
1953 -13.3 -18.7  -4.8   6.1   8.8  17.3  17.2  16.1   5.7   1.4  -7.0  -8.8   506   506   506   506   506   506   506   506   506   506   506   506 
1954 -16.4 -17.1  -6.1   1.9   9.9  16.5  20.2  14.7   9.5   3.7  -4.1  -8.0   506   506   506   506   506   506   506   506   506   506   506   506 
1955  -9.6 -12.9  -9.4  -0.8   8.5  13.2  15.2  14.0   9.9   4.5  -6.2 -23.6   506   506   506   506   506   506   506   506   506   506   506   506 
1956 -16.1 -20.4  -6.0   0.0   9.2  18.4  13.8  13.1   5.4   1.2 -10.7  -6.9   506   506   506   506   506   506   506   506   506   506   506   506 
1957 -11.6  -5.6 -11.5   1.5  13.1  12.9  17.5  16.7  11.5   2.8  -5.1  -6.2   506   506   506   506   506   506   506   506   506   506   506   506 
1958 -10.0 -12.9 -11.6   1.3   8.5  13.7  16.1  14.9   5.2   3.1  -4.0 -15.6   506   506   506   506   506   506   506   506   506   506   506   506 
1959  -7.7  -8.8  -3.9   1.1   8.2  16.0  18.7  14.5   5.9  -1.9  -6.5 -11.6   506   506   506   506   506   506   506   506   506   506   506   506 
1960 -15.6 -14.2  -8.0   2.3   8.5  16.4  19.5  14.5   7.8  -0.5  -7.1  -4.3   506   506   506   506   506   506   506   506   506   506   506   506 
1961  -9.8  -6.3  -3.8  -0.8   9.2  17.6  18.8  14.8   6.5   5.1  -7.8 -11.7   506   506   506   506   506   506   506   506   506   506   506   506 
1962  -8.4  -7.9  -8.2   3.9  12.3  11.5  16.4  12.8   9.0   2.3  -0.8 -10.0   506   506   506   506   506   506   506   506   506   506   506   506 
1963 -20.8 -14.6 -15.2   1.1  12.8  12.8  16.7  14.5  11.5   2.6  -2.4 -11.8   506   506   506   506   506   506   506   506   506   506   506   506 
1964 -12.4 -10.3  -9.8   1.1  10.4  15.0  19.0  14.7   8.4   3.2  -6.2  -7.9   506   506   506   506   506   506   506   506   506   506   506   506 
1965 -15.4 -14.6  -4.6  -0.5   6.3  14.1  15.2  13.4  10.3   1.3  -8.3  -3.9   506   506   506   506   506   506   506   506   506   506   506   506 
1966 -18.2 -21.3  -5.2   3.4  11.3  15.0  17.7  14.6   7.6   1.2  -2.2 -18.1   506   506   506   506   506   506   506   506   506   506   506   506 
1967 -18.5 -12.3  -1.1   5.6  11.3  13.9  15.8  17.7   8.6   5.4  -1.0 -13.4   506   506   506   506   506   506   506   506   506   506   506   506 
1968 -20.3 -10.5  -3.2   0.2  10.0  15.0  13.6  15.0   7.5  -0.9  -5.1 -13.2   506   506   506   506   506   506   506   506   506   506   506   506 
1969 -21.8 -19.3  -9.9   2.9   5.2  11.3  15.5  14.1   9.2   0.9  -1.6 -13.8   506   506   506   506   506   506   506   506   506   506   506   506 
1970 -14.6 -11.3  -4.5   3.4   9.0  13.8  18.1  14.5  10.0   3.7  -7.5 -11.2   506   506   506   506   506   506   506   506   506   506   506   506 
1971  -6.7 -16.1  -8.1   0.4   8.0  13.4  16.6  13.8   8.3  -0.5  -2.7 -11.2   506   506   506   506   506   506   506   506   506   506   506   506 
1972 -20.8 -10.3  -7.0   1.9   8.0  15.2  19.8  19.0   7.2   2.7  -4.9  -3.0   506   506   506   506   506   506   506   506   506   506   506   506 
1973 -16.5  -9.1  -4.2   5.8  10.7  17.2  15.0  13.8   4.7   0.2  -5.3 -11.3   506   506   506   506   506   506   506   506   506   506   506   506 
1974 -15.2  -6.6  -2.0   0.3   6.8  15.4  19.9  14.4  11.0   4.7  -2.9  -5.9   506   506   506   506   506   506   506   506   506   506   506   506 
1975  -7.8 -12.8  -1.2   5.8  12.0  14.2  17.2  12.8  11.1   0.0  -5.1  -7.7   506   506   506   506   506   506   506   506   506   506   506   506 
1976 -16.2 -15.8  -6.3   2.4   8.6  12.6  15.4  13.0   7.3  -3.3  -6.5  -8.8   506   506   506   506   506   506   506   506   506   506   506   506 
1977 -14.7 -13.1  -4.2   4.3  11.9  16.0  17.7  13.7   7.2  -0.6  -0.9 -12.1   506   506   506   506   506   506   506   506   506   506   506   506 
1978  -8.9 -14.9  -1.1   0.0   6.9  12.2  14.1  12.5   7.9   0.8  -3.0 -21.9   506   506   506   506   506   506   506   506   506   506   506   506 
1979 -17.1 -13.0  -3.7  -2.3  13.7  11.0  16.6  15.2   8.2   0.2  -3.5  -9.0   506   506   506   506   506   506   506   506   506   506   506   506 
1980 -13.8  -9.8  -9.1   3.3   6.8  16.5  14.6  10.9   8.6   2.4  -6.2  -7.3   506   506   506   506   506   506   506   506   506   506   506   506 
1981  -7.0  -9.3  -8.1  -0.4   9.4  16.6  19.7  16.6   8.2   6.1  -2.5  -8.4   506   506   506   506   506   506   506   506   506   506   506   506 
1982 -18.9 -11.1  -4.9   1.8   9.5  10.3  17.2  13.6   9.9  -0.4  -0.6  -4.0   506   506   506   506   506   506   506   506   506   506   506   506 
1983  -8.3 -10.9  -6.2   6.7  10.3  12.5  18.0  14.1   8.8   2.9  -5.1  -5.5   506   506   506   506   506   506   506   506   506   506   506   506 
1984  -8.4 -12.5  -5.5   2.3  13.5  14.5  17.2  12.6   8.6   0.5  -6.8 -15.3   506   506   506   506   506   506   506   506   506   506   506   506 
1985 -18.2 -19.2  -4.9   0.7   8.4  13.2  15.4  17.2   8.5   2.2  -5.7 -11.2   506   506   506   506   506   506   506   506   506   506   506   506 
1986 -12.8 -17.3  -3.1   4.9   8.0  15.3  15.1  12.4   5.8   2.0  -3.3 -12.9   506   506   506   506   506   506   506   506   506   506   506   506 
1987 -23.2  -7.8  -6.0   1.0  11.4  17.8  15.1  13.4   7.8   1.5 -10.5 -12.7   506   506   506   506   506   506   506   506   506   506   506   506 
1988 -15.0  -8.3  -3.1   1.7  10.0  16.7  20.9  15.9   8.3   3.6  -9.4 -11.5   506   506   506   506   506   506   506   506   506   506   506   506 
1989  -9.2  -6.1  -2.0   3.7  10.6  19.9  18.3  13.7   9.7   2.5  -5.7  -9.9   506   506   506   506   506   506   506   506   506   506   506   506 
1990 -13.3  -2.1  -1.7   5.1   7.1  13.7  18.0  14.9   7.5   0.4  -6.7  -5.9   506   506   506   506   506   506   506   506   506   506   506   506 
1991 -14.4 -10.0  -5.8   5.7  12.6  18.7  17.0  13.6   7.7   4.9  -1.1  -9.6   506   506   506   506   506   506   506   506   506   506   506   506 
1992 -12.4 -10.1  -1.2   2.2   8.9  13.2  16.4  14.6  12.4  -1.2  -7.5  -6.4   506   506   506   506   506   506   506   506   506   506   506   506 
1993  -7.9  -8.6  -5.9   2.8  11.1  13.9  16.9  13.7   4.7   1.5 -11.3  -8.3   506   506   506   506   506   506   506   506   506   506   506   506 
1994  -8.6 -15.8  -4.5   4.2   7.4  13.9  15.7  13.7  10.6   3.6  -7.2  -9.5   506   506   506   506   506   506   506   506   506   506   506   506 
1995  -9.9  -3.6  -1.9   6.7  12.8  17.9  15.6  14.9  11.3   3.9  -6.8 -14.4   506   506   506   506   506   506   506   506   506   506   506   506 
1996 -13.4 -12.7  -5.6   1.0   9.2  15.3  17.4  14.7   7.1   2.3   0.4 -11.1   506   506   506   506   506   506   506   506   506   506   506   506 
1997 -16.9  -8.5  -4.1   2.6   8.2  16.7  16.4  14.0   8.6   2.1  -5.7 -12.3   506   506   506   506   506   506   506   506   506   506   506   506 
1998  -9.6 -18.2  -3.7  -1.6  11.2  17.7  18.3  14.4   9.1   3.8  -8.8  -8.9   506   506   506   506   506   506   506   506   506   506   506   506 
1999 -14.3  -9.2  -6.2   5.6   5.4  18.3  18.9  14.0   9.2   5.9  -9.6  -5.2   506   506   506   506   506   506   506   506   506   506   506   506 
2000 -10.0  -5.7  -3.0   6.4   8.3  16.1  21.0  14.4   8.3   5.0  -5.6 -12.2   506   506   506   506   506   506   506   506   506   506   506   506 
2001  -8.8 -12.7  -5.4   7.0   9.6  15.6  19.7  13.8  11.0   1.6  -3.9 -15.1   506   506   506   506   506   506   506   506   506   506   506   506 
2002  -9.9  -4.3  -1.9   3.7   8.1  15.3  20.1  11.9   8.9   0.3  -6.0 -18.3   506   506   506   506   506   506   506   506   506   506   506   506 
2003 -13.9 -12.8  -4.8   3.2  11.5  11.6  19.9  17.1   9.4   4.2  -1.1  -4.4   506   506   506   506   506   506   506   506   506   506   506   506 
2004 -11.6 -10.5  -1.2   0.3  10.9  14.0  18.9  15.5  10.6   3.2  -5.0  -7.6   506   506   506   506   506   506   506   506   506   506   506   506 
2005  -6.7 -12.0  -9.1   3.9  13.5  15.0  17.7  16.1  10.7   4.8   1.1  -9.0   506   506   506   506   506   506   506   506   506   506   506   506 
2006 -15.3 -16.6  -6.9   3.5  10.6  18.8  15.7  15.0  10.7   1.9  -4.2  -2.1   506   506   506   506   506   506   506   506   506   506   506   506 
2007  -7.3 -17.1   1.1   3.6  12.3  12.4  18.4  18.0   9.5   3.7  -5.0  -5.5   506   506   506   506   506   506   506   506   506   506   506   506 
2008 -10.8  -5.6  -1.7   4.0   8.6  13.8  18.3  15.4   7.5   6.2   0.5  -3.9   506   506   506   506   506   506   506   506   506   506   506   506 
2009 -10.8  -8.5  -4.0   0.9  11.8  16.2  16.9  14.4  11.9   2.5  -0.9 -12.5   506   506   506   506   506   506   506   506   506   506   506   506 
2010 -19.2 -14.4  -5.2   5.3  14.6  16.1  22.5  17.2   9.6   1.7  -3.3 -14.9   506   506   506   506   506   506   506   506   506   506   506   506 
2011 -12.2 -17.9  -3.9   3.8  11.2  15.7  20.7  14.6   9.9   4.8  -3.5  -4.0   506   506   506   506   506   506   506   506   506   506   506   506 
2012 -11.5 -16.4  -7.2   5.1  12.2  15.7  18.1  14.9  10.4   3.8  -1.5 -15.4   506   506   506   506   506   506   506   506   506   506   506   506 
2013 -13.7  -6.3 -12.3   3.0  11.6  18.0  18.6  16.4   9.4   3.0   1.2  -5.1   506   506   506   506   506   506   506   506   506   506   506   506 
2014 -13.1  -7.5  -0.9   2.3  13.3  14.5  17.0  16.7  10.0  -1.0  -4.4  -6.6   506   506   506   506   506   506   506   506   506   506   506   506 
2015 -10.3  -5.4  -1.7   3.1  13.6  16.7  14.9  13.6  11.7   1.4  -3.6  -4.2   506   506   506   506   506   506   506   506   506   506   506   506 
2016 -15.0  -2.7  -3.7   5.3  13.4  14.7  19.9  18.6   9.0 -99.0 -99.0 -99.0   506   506   506   506   506   506   506   506   506   -99   -99   -99 
