Number= 272770
Name= VETLUGA-------------
Country= RUSSIA
Lat=   57.8
Long=  -45.7
Height= 136
Start year= 1940
End year= 2016
First Good year= 1940
Source ID= 43
Source file= Jones
Jones data to= 2016
Normals source= Data
Normals source start year= 1961
Normals source end year= 1990
Normals= -13.4 -11.0  -4.6   3.6  11.2  15.6  17.9  15.4   9.4   2.5  -4.0  -9.7 
Standard deviations source= Data
Standard deviations source start year= 1941
Standard deviations source end year= 1990
Standard deviations=   4.6   3.7   2.7   2.4   2.3   2.0   1.9   1.6   1.6   2.0   2.3   4.0 
Obs:
1940 -22.2 -14.4  -6.6   2.3   9.3  15.2  19.1  18.0  13.0  -0.1  -2.1 -10.9   506   506   506   506   506   506   506   506   506   506   506   506 
1941 -16.9 -13.4  -7.8  -0.9   6.5  11.8  19.2  17.0   8.3   1.1  -8.1 -17.3   506   506   506   506   506   506   506   506   506   506   506   506 
1942 -21.9 -13.1 -10.9   1.5  11.3  15.0  17.4  14.8   9.1   3.3  -6.0  -9.1   506   506   506   506   506   506   506   506   506   506   506   506 
1943 -16.8  -8.9  -3.3   4.3  12.3  15.0  19.4  16.2   8.9   3.3  -3.0  -6.5   506   506   506   506   506   506   506   506   506   506   506   506 
1944  -5.6  -9.0  -3.7   0.6  12.1  14.5  16.3  14.0  11.6   3.3  -5.3 -11.9   506   506   506   506   506   506   506   506   506   506   506   506 
1945 -13.6 -13.3  -8.2   0.5   5.9  15.4  16.6  17.4   9.1   1.0  -6.0 -15.0   506   506   506   506   506   506   506   506   506   506   506   506 
1946 -10.2 -12.3  -6.6   2.1  10.5  17.4  18.2  16.9   9.9  -1.9  -4.4 -10.6   506   506   506   506   506   506   506   506   506   506   506   506 
1947 -12.6 -16.5  -6.2   3.8   7.8  15.2  16.4  15.8  10.6   2.9  -2.5  -8.3   506   506   506   506   506   506   506   506   506   506   506   506 
1948 -12.3 -12.2  -7.3   2.5  15.1  19.8  14.7  15.6  10.1   3.4  -2.9  -8.1   506   506   506   506   506   506   506   506   506   506   506   506 
1949  -5.3 -10.8  -5.5   2.5  13.1  16.9  16.2  16.2  10.4   2.5  -4.5  -7.8   506   506   506   506   506   506   506   506   506   506   506   506 
1950 -20.2 -10.0  -4.1   7.7   9.9  14.7  14.2  13.0  10.7   4.1  -3.4  -7.2   506   506   506   506   506   506   506   506   506   506   506   506 
1951 -13.6 -14.4  -4.5   8.5   8.1  16.6  17.0  18.3  10.9   1.9  -8.1  -4.0   506   506   506   506   506   506   506   506   506   506   506   506 
1952  -7.3  -9.5  -9.1   1.8   9.1  17.9  18.8  14.8  11.1   2.0  -3.4  -9.9   506   506   506   506   506   506   506   506   506   506   506   506 
1953 -12.8 -17.5  -4.2   6.7  10.5  17.7  17.9  17.1   7.4   2.3  -7.1  -9.0   506   506   506   506   506   506   506   506   506   506   506   506 
1954 -17.4 -17.2  -5.9   2.9  11.5  17.3  20.5  15.8  10.5   4.4  -3.4  -8.3   506   506   506   506   506   506   506   506   506   506   506   506 
1955  -8.7 -10.2  -7.3   0.7   9.8  14.6  15.5  14.9  11.0   5.7  -5.6 -22.2   506   506   506   506   506   506   506   506   506   506   506   506 
1956 -15.6 -19.4  -4.8   1.6  10.9  19.4  14.4  14.1   6.4   2.3  -9.6  -7.0   506   506   506   506   506   506   506   506   506   506   506   506 
1957 -10.9  -5.2  -9.8   3.0  14.7  14.4  17.8  17.1  12.7   3.3  -5.1  -5.7   506   506   506   506   506   506   506   506   506   506   506   506 
1958  -8.6 -11.4  -8.5   2.3  10.3  14.4  16.6  15.7   6.3   4.0  -3.6 -13.5   506   506   506   506   506   506   506   506   506   506   506   506 
1959  -7.5  -9.5  -3.2   3.2   9.9  16.8  20.2  15.7   6.7  -1.4  -7.0 -11.1   506   506   506   506   506   506   506   506   506   506   506   506 
1960 -14.8 -99.0  -6.2   3.6   9.8  17.7  20.7  15.6   9.2   0.3  -7.0  -2.9   506   -99   506   506   506   506   506   506   506   506   506   506 
1961  -9.5  -6.0  -3.3   0.3  11.0  18.8  19.4  15.8   7.8   5.8  -6.9 -10.6   506   506   506   506   506   506   506   506   506   506   506   506 
1962  -7.5  -7.4  -6.4   5.3  14.0  12.4  17.1  13.6  10.0   3.3  -0.5  -9.8   506   506   506   506   506   506   506   506   506   506   506   506 
1963 -19.5 -12.9 -13.3   2.4  14.6  14.0  17.9  15.5  12.7   4.1  -2.0 -11.6   506   506   506   506   506   506   506   506   506   506   506   506 
1964 -12.1 -11.0  -8.8   1.8  11.1  16.0  19.5  15.9   9.7   3.6  -4.9  -7.0   506   506   506   506   506   506   506   506   506   506   506   506 
1965 -14.9 -13.7  -4.5   0.6   8.3  15.6  16.1  14.1  11.2   1.8  -7.8  -3.7   506   506   506   506   506   506   506   506   506   506   506   506 
1966 -14.6 -17.2  -3.1   6.1  13.2  15.9  18.7  16.6   8.6   2.1  -2.1 -16.6   506   506   506   506   506   506   506   506   506   506   506   506 
1967 -17.7 -13.1  -2.0   6.1  13.9  15.5  16.8  18.4   8.9   6.0  -1.2 -11.7   506   506   506   506   506   506   506   506   506   506   506   506 
1968 -18.8 -10.6  -3.1   2.1  11.5  16.3  14.9  16.3   9.0   0.3  -4.2 -12.8   506   506   506   506   506   506   506   506   506   506   506   506 
1969 -21.0 -18.1  -9.5   4.3   6.5  12.7  16.7  15.2  10.1   1.5  -1.9 -13.4   506   506   506   506   506   506   506   506   506   506   506   506 
1970 -13.9 -10.2  -4.3   4.2  11.1  15.0  19.0  15.7  10.2   4.0  -5.9 -12.2   506   506   506   506   506   506   506   506   506   506   506   506 
1971  -6.0 -13.3  -6.9   1.5   9.8  14.8  18.0  14.8   9.9   0.4  -1.8 -10.2   506   506   506   506   506   506   506   506   506   506   506   506 
1972 -20.0 -10.6  -6.1   4.0  10.5  16.2  20.9  20.7   7.7   3.7  -4.2  -3.0   506   506   506   506   506   506   506   506   506   506   506   506 
1973 -15.7  -8.3  -4.0   7.4  11.9  17.6  15.4  14.9   5.9   1.1  -4.1  -9.1   506   506   506   506   506   506   506   506   506   506   506   506 
1974 -15.8  -5.6  -1.7   1.2   9.2  16.4  20.0  14.6  11.8   6.4  -1.8  -6.6   506   506   506   506   506   506   506   506   506   506   506   506 
1975  -6.8 -12.0  -1.0   8.5  13.4  15.8  18.5  14.2  12.4   1.0  -4.9  -7.9   506   506   506   506   506   506   506   506   506   506   506   506 
1976 -14.9 -16.5  -6.6   3.7  10.0  14.3  16.0  14.2   8.1  -2.9  -5.5  -9.2   506   506   506   506   506   506   506   506   506   506   506   506 
1977 -15.2 -11.4  -3.2   5.7  13.8  16.8  18.6  14.9   8.7   0.0  -0.5 -11.2   506   506   506   506   506   506   506   506   506   506   506   506 
1978  -8.2 -12.4  -0.8   2.0   8.0  13.4  15.3  13.6   8.8   1.4  -2.3 -18.9   506   506   506   506   506   506   506   506   506   506   506   506 
1979 -14.9 -11.6  -3.1  -0.8  15.1  12.5  17.7  16.5   9.3   0.9  -3.1  -8.6   506   506   506   506   506   506   506   506   506   506   506   506 
1980 -13.3 -10.1  -8.0   4.6   8.7  16.6  16.0  11.8   9.5   3.1  -5.0  -6.7   506   506   506   506   506   506   506   506   506   506   506   506 
1981  -7.1  -8.4  -7.3   0.9  11.1  18.0  21.4  18.5   9.0   6.7  -2.2  -6.4   506   506   506   506   506   506   506   506   506   506   506   506 
1982 -15.3 -11.2  -3.3   2.3  10.6  11.8  18.2  14.9  11.0   1.1  -0.5  -3.6   506   506   506   506   506   506   506   506   506   506   506   506 
1983  -7.3 -10.4  -5.5   8.4  11.8  13.4  18.5  14.5   9.9   3.8  -4.0  -5.1   506   506   506   506   506   506   506   506   506   506   506   506 
1984  -8.5 -13.3  -4.4   3.4  14.6  15.9  18.3  13.7  10.1   2.3  -6.3 -14.8   506   506   506   506   506   506   506   506   506   506   506   506 
1985 -14.0 -16.2  -5.1   1.7   9.9  13.6  16.6  18.1   9.1   2.3  -5.1 -10.1   506   506   506   506   506   506   506   506   506   506   506   506 
1986 -11.0 -16.1  -2.5   6.1   9.5  16.7  16.1  13.7   6.9   2.2  -3.5 -11.8   506   506   506   506   506   506   506   506   506   506   506   506 
1987 -23.4  -7.2  -5.8   1.2  12.8  19.0  15.4  14.3   8.2   1.4  -9.9 -11.3   506   506   506   506   506   506   506   506   506   506   506   506 
1988 -13.5  -8.7  -2.7   3.7  11.7  18.6  21.7  16.7   8.9   4.0  -8.7 -11.2   506   506   506   506   506   506   506   506   506   506   506   506 
1989  -8.5  -5.2  -1.8   4.1  11.6  20.2  19.0  14.8  10.0   3.3  -4.8  -8.6   506   506   506   506   506   506   506   506   506   506   506   506 
1990 -12.0  -2.5  -0.9   6.2   8.1  14.2  17.9  15.4   8.2   1.6  -4.8  -5.9   506   506   506   506   506   506   506   506   506   506   506   506 
1991 -11.9  -9.6  -4.5   6.7  13.9  19.2  17.5  14.0   8.8   5.6  -1.4  -8.9   506   506   506   506   506   506   506   506   506   506   506   506 
1992 -10.3 -10.3  -1.7   3.7   9.9  14.5  16.8  15.6  13.0   0.7  -5.1  -6.4   506   506   506   506   506   506   506   506   506   506   506   506 
1993  -7.5  -9.1  -5.4   4.2  12.4  14.8  18.0  14.1   5.6   2.5 -10.6  -7.7   506   506   506   506   506   506   506   506   506   506   506   506 
1994  -7.4 -15.9  -5.1   4.5   8.7  14.3  15.7  14.1  11.7   3.7  -5.7  -9.8   506   506   506   506   506   506   506   506   506   506   506   506 
1995  -9.5  -3.3  -1.4   8.4  14.0  19.2  17.6  16.0  12.8   5.0  -5.5 -13.7   506   506   506   506   506   506   506   506   506   506   506   506 
1996 -14.0 -12.2  -4.6   2.3  12.4  16.5  18.4  15.3   8.2   2.9   1.3 -11.1   506   506   506   506   506   506   506   506   506   506   506   506 
1997 -15.8  -8.8  -3.5   3.8  10.0  17.9  17.4  15.1   8.9   2.8  -4.5 -11.4   506   506   506   506   506   506   506   506   506   506   506   506 
1998 -10.0 -15.8  -2.5  -0.2  12.3  19.4  18.7  14.6   9.4   4.0  -9.0  -7.6   506   506   506   506   506   506   506   506   506   506   506   506 
1999 -11.1  -8.4  -4.9   6.7   6.8  18.9  20.0  14.6   9.5   6.1  -9.1  -4.9   506   506   506   506   506   506   506   506   506   506   506   506 
2000  -9.1  -5.3  -2.4   8.5   8.7  16.2  20.5  15.2   9.0   4.8  -5.3 -10.1   506   506   506   506   506   506   506   506   506   506   506   506 
2001  -7.1 -10.5  -4.1   8.3  10.6  15.9  20.7  14.7  11.6   2.3  -2.9 -13.9   506   506   506   506   506   506   506   506   506   506   506   506 
2002  -8.5  -3.0  -0.6   4.6   9.3  15.8  21.6  13.5   9.8   1.1  -3.9 -18.0   506   506   506   506   506   506   506   506   506   506   506   506 
2003 -11.7 -12.1  -4.6   4.2  12.5  12.0  20.3  17.1  10.1   4.7  -0.7  -4.2   506   506   506   506   506   506   506   506   506   506   506   506 
2004 -10.6 -10.1  -0.6   1.4  11.7  14.9  19.3  16.7  11.5   3.6  -3.4  -7.6   506   506   506   506   506   506   506   506   506   506   506   506 
2005  -6.5 -11.7  -8.6   4.6  14.7  15.3  18.0  16.6  11.2   4.7   0.9  -7.3   506   506   506   506   506   506   506   506   506   506   506   506 
2006 -14.8 -15.1  -5.3   4.2  11.9  19.0  16.7  16.4  11.7   2.6  -3.4  -2.1   506   506   506   506   506   506   506   506   506   506   506   506 
2007  -5.1 -15.2   0.9   4.7  13.8  14.2  18.4  19.6  10.0   4.8  -4.6  -6.6   506   506   506   506   506   506   506   506   506   506   506   506 
2008 -10.7  -5.0  -0.4   6.2  10.3  14.8  19.3  16.5   8.7   7.2   0.7  -3.9   506   506   506   506   506   506   506   506   506   506   506   506 
2009  -9.5  -8.3  -3.1   2.3  13.0  17.2  18.0  15.5  12.6   3.9  -1.0 -11.3   506   506   506   506   506   506   506   506   506   506   506   506 
2010 -17.7 -13.2  -3.8   6.5  15.8  17.8  23.4  18.8  10.5   2.5  -0.7 -12.4   506   506   506   506   506   506   506   506   506   506   506   506 
2011 -11.6 -16.0  -4.3   4.1  12.8  16.3  21.4  16.7  10.6   5.4  -3.7  -4.3   506   506   506   506   506   506   506   506   506   506   506   506 
2012 -10.0 -14.9  -5.3   7.0  13.6  17.1  19.5  16.7  11.2   5.0  -0.9 -14.0   506   506   506   506   506   506   506   506   506   506   506   506 
2013 -12.9  -6.2  -9.4   4.4  13.2  18.9  19.3  17.8  10.4   4.1   1.9  -4.3   506   506   506   506   506   506   506   506   506   506   506   506 
2014 -11.3  -7.0   0.2   3.9  15.0  15.2  17.9  18.3  10.9  -0.2  -4.0  -5.7   506   506   506   506   506   506   506   506   506   506   506   506 
2015  -8.8  -4.8  -1.0   3.9  15.1  18.1  16.2  14.6  13.2   1.7  -2.6  -3.4   506   506   506   506   506   506   506   506   506   506   506   506 
2016 -13.1  -2.4  -2.0   6.1  14.3  16.2  20.4  19.4   9.9 -99.0 -99.0 -99.0   506   506   506   506   506   506   506   506   506   -99   -99   -99 
