Number= 999203
Name= BELL VILLE
Country= ARGENTINA
Lat=  -32.5
Long=   62.6
Height= -999
Start year= 1928
End year= 1974
First Good year= 1928
Source ID= 10
Source file= Jones
Jones data to= 1974
Normals source start year= 1961
Normals source end year= 1974
Normals= -99.0 -99.0 -99.0 -99.0 -99.0 -99.0 -99.0 -99.0 -99.0 -99.0 -99.0 -99.0 
Standard deviations source= Data
Standard deviations source start year= 1941
Standard deviations source end year= 1974
Standard deviations=   1.4   1.6   1.5   1.6   1.7   1.8   2.1   1.4   1.6   1.2   1.6   1.1 
Obs:
1928  22.7  20.9  19.9  16.9  11.8   7.9   9.8   8.9  11.7  15.8  20.7  21.3   506   506   506   506   506   506   506   506   506   506   506   506 
1929  24.0  22.6  20.3  19.1  11.4   8.2  10.6  10.8  13.0  16.0  20.7  24.4   506   506   506   506   506   506   506   506   506   506   506   506 
1930  25.3  24.3  22.1  18.6  13.9  14.1   7.7   9.2  14.0  14.4  19.9  23.4   506   506   506   506   506   506   506   506   506   506   506   506 
1931  23.1  23.1  20.3  16.0   9.8  11.0   8.2   9.4  11.4  17.1  18.1  23.0   506   506   506   506   506   506   506   506   506   506   506   506 
1932  24.9  23.1  21.5  18.0  11.0  10.3  11.7   9.5  13.7  16.7  21.8  23.8   506   506   506   506   506   506   506   506   506   506   506   506 
1933  23.6  22.5  19.7  17.3  13.5   9.6   6.9  12.3  13.7  16.7  20.6  22.1   506   506   506   506   506   506   506   506   506   506   506   506 
1934  26.2  22.8  21.1  14.0  13.2  10.3   9.8  10.7  12.2  14.7  18.9  22.1   506   506   506   506   506   506   506   506   506   506   506   506 
1935  23.6  24.0  22.7  16.1  17.3  11.3   9.9  12.3  13.6  14.0  20.4  21.6   506   506   506   506   506   506   506   506   506   506   506   506 
1936  24.2  23.8  21.5  16.4  13.1  10.0  10.3   9.4  13.5  16.6  18.4  21.7   506   506   506   506   506   506   506   506   506   506   506   506 
1937  23.4  23.7  19.9  17.9  12.7  12.7   9.4  12.3  12.7  15.5  20.3  24.2   506   506   506   506   506   506   506   506   506   506   506   506 
1938  24.2  23.1  19.7  14.5  13.2  10.3   9.0   9.0  13.9  16.7  19.8  25.3   506   506   506   506   506   506   506   506   506   506   506   506 
1939  24.8  22.0  20.2  14.3  14.2  12.2  11.3  13.4  12.2  16.3  17.3  20.9   506   506   506   506   506   506   506   506   506   506   506   506 
1940  23.0  21.9  19.6  16.5  15.3  11.8  11.2   9.5  12.7  14.4  19.4  22.3   506   506   506   506   506   506   506   506   506   506   506   506 
1941  23.0  20.7  18.3  15.2  12.1  10.5  11.1  11.2  11.0  17.7  19.2  23.5   506   506   506   506   506   506   506   506   506   506   506   506 
1942  23.7  22.3  19.1  15.8  10.6   7.4   6.9  10.7  13.0  18.5  22.0  24.4   506   506   506   506   506   506   506   506   506   506   506   506 
1943  25.6  25.6  19.6  15.2  13.5  10.2  11.3   7.4  12.3  17.6  18.6  22.9   506   506   506   506   506   506   506   506   506   506   506   506 
1944  22.2  23.4  19.4  16.0  12.3  10.5  10.9  11.9  17.3  17.7  18.6  24.2   506   506   506   506   506   506   506   506   506   506   506   506 
1945  24.8  21.8  20.1  18.6  14.3   9.9   5.2  12.9  14.6  17.9  19.6  22.7   506   506   506   506   506   506   506   506   506   506   506   506 
1946  22.8  25.3  19.4  16.3  12.4   8.4   8.7  11.0  13.7  15.7  20.9  21.5   506   506   506   506   506   506   506   506   506   506   506   506 
1947  23.1  23.1  17.6  15.5  13.2  12.3   6.9   8.1  11.8  15.9  21.3  21.3   506   506   506   506   506   506   506   506   506   506   506   506 
1948  22.8  21.9  18.0  16.4  13.0  10.8   8.7   8.6  14.2  16.8  20.2  24.2   506   506   506   506   506   506   506   506   506   506   506   506 
1949  23.1  22.1  19.7  17.2  13.6   9.3   8.5  10.3  12.9  15.0  21.4  24.0   506   506   506   506   506   506   506   506   506   506   506   506 
1950  25.5  23.3  20.2  17.2  16.1  10.7   9.0  11.1  11.6  15.3  19.6  22.4   506   506   506   506   506   506   506   506   506   506   506   506 
1951  23.2  20.4  19.9  15.3  15.9  12.3  11.9  13.3  14.3  18.0  20.6  22.5   506   506   506   506   506   506   506   506   506   506   506   506 
1952  25.7  23.1  23.2  16.6  14.4   6.8  11.1  11.8  12.8  16.3  19.0  21.6   506   506   506   506   506   506   506   506   506   506   506   506 
1953  23.3  25.3  20.4  15.8  13.9  10.2   6.7  13.0  15.9  15.8  21.4  22.5   506   506   506   506   506   506   506   506   506   506   506   506 
1954  24.1  24.8  22.1  15.6  11.7   9.5   7.7  10.3  11.6  15.1  20.9  24.2   506   506   506   506   506   506   506   506   506   506   506   506 
1955  25.7  21.9  18.6  15.7  11.5   9.9   7.3  10.8  13.3  15.3  21.2  22.4   506   506   506   506   506   506   506   506   506   506   506   506 
1956  21.5  20.3  20.2  14.7  10.8   9.7  10.7  10.8  13.7  16.1  19.1  21.9   506   506   506   506   506   506   506   506   506   506   506   506 
1957  25.2  21.3  22.5  14.9  16.6   6.8   7.6  11.3  12.8  18.2  20.7  23.4   506   506   506   506   506   506   506   506   506   506   506   506 
1958  23.2  22.4  20.6  17.0  13.2  12.0  14.6   9.0  14.4  18.6  20.6  21.2   506   506   506   506   506   506   506   506   506   506   506   506 
1959  22.5  23.8  19.2  14.1  12.1   9.9  10.2   9.5  13.0  16.4  19.2  22.2   506   506   506   506   506   506   506   506   506   506   506   506 
1960  24.9  24.9  21.0  16.9  13.2  10.9   9.4  11.9  15.2  17.2  20.7  22.5   506   506   506   506   506   506   506   506   506   506   506   506 
1961 -99.0 -99.0 -99.0 -99.0 -99.0 -99.0 -99.0 -99.0 -99.0 -99.0 -99.0 -99.0   -99   -99   -99   -99   -99   -99   -99   -99   -99   -99   -99   -99 
1962  22.5  22.4  22.9  15.8  12.2   9.2   6.8  11.1  14.2  17.3  23.2  23.5   506   506   506   506   506   506   506   506   506   506   506   506 
1963  23.7  23.6  20.4  19.4  14.1  11.0  12.4  12.0  13.3  15.9  17.8  21.9   506   506   506   506   506   506   506   506   506   506   506   506 
1964  24.2  24.7  19.6  17.1  15.8   8.3   9.1  10.6  13.9  16.0  19.4  21.8   506   506   506   506   506   506   506   506   506   506   506   506 
1965  24.7  25.0  20.7  16.8  12.9  14.7   9.7  11.8  13.4  18.6  21.0  21.3   506   506   506   506   506   506   506   506   506   506   506   506 
1966  24.1  21.7  20.4  17.6  14.8  12.5  10.7  10.9  13.7  18.4  22.2  21.8   506   506   506   506   506   506   506   506   506   506   506   506 
1967  24.4  23.7  21.3  18.3  17.7   6.7  10.0  11.3  13.9  16.2  20.1  24.0   506   506   506   506   506   506   506   506   506   506   506   506 
1968  25.7  26.5  21.3  16.2  13.3  11.8  13.5  14.1  16.3  17.5  25.5  24.6   506   506   506   506   506   506   506   506   506   506   506   506 
1969  24.5  23.7  20.7  18.2  15.2  10.3  10.4  10.0  14.3  16.6  19.5  23.5   506   506   506   506   506   506   506   506   506   506   506   506 
1970  25.2  26.1  23.3  22.1  14.8  10.8  11.8  12.8  18.6  18.2  21.7  25.5   506   506   506   506   506   506   506   506   506   506   506   506 
1971  21.7  21.7  20.3  15.4  13.3   8.1  12.3  12.1  15.1  17.6  22.6  24.8   506   506   506   506   506   506   506   506   506   506   506   506 
1972  25.7  23.4  19.3  16.7  14.9  12.4   9.5   9.9  14.0  15.9  19.2  22.7   506   506   506   506   506   506   506   506   506   506   506   506 
1973  25.8  23.2  22.7  17.6  13.3  12.3   8.6  11.8  14.3  19.2  21.0  24.0   506   506   506   506   506   506   506   506   506   506   506   506 
1974  27.0  24.0  22.3  20.1  15.8  10.5  12.1  11.6  14.0  19.2  23.5  23.6   506   506   506   506   506   506   506   506   506   506   506   506 
