Number= 864301
Name= CONC..DEL.URUGUAY-IN
Country= ARGENTINA
Lat=  -32.4
Long=   58.2
Height= 21
Start year= 1968
End year= 2011
First Good year= 1968
Source ID= 70
Source file= Jones
Jones data to= 2011
Normals source= Data
Normals source start year= 1968
Normals source end year= 1990
Normals=  25.0  24.0  21.9  18.1  14.7  11.7  12.0  13.0  14.8  17.7  20.3  23.2 
Standard deviations source= Data
Standard deviations source start year= 1968
Standard deviations source end year= 1990
Standard deviations=   0.9   1.1   1.2   1.5   1.7   1.6   1.4   1.2   1.2   1.0   1.2   1.1 
Obs:
1968  25.3  24.6  21.9  15.0  13.0  12.0  14.1  13.9  14.4  18.2  22.9  22.9   506   506   506   506   506   506   506   506   506   506   506   506 
1969  23.6  23.3  22.0  18.6  16.0  13.0  13.4  10.7  15.8  16.5  20.9  24.6   506   506   506   506   506   506   506   506   506   506   506   506 
1970  24.4  26.2  23.4  21.0  15.2  10.7  11.8  12.5  15.6  16.4  18.4  22.0   506   506   506   506   506   506   506   506   506   506   506   506 
1971  24.1  22.0  21.0  15.8  12.7   8.9  13.6  13.6  16.8  17.5  21.8  24.1   506   506   506   506   506   506   506   506   506   506   506   506 
1972  24.8  24.3  20.5  17.7  16.8  15.2  10.9  12.4  15.9  16.8  18.9  23.1   506   506   506   506   506   506   506   506   506   506   506   506 
1973  24.6  22.8  22.7  18.6  14.5  13.2  10.9  11.9  14.0  17.8  18.4  22.7   506   506   506   506   506   506   506   506   506   506   506   506 
1974  24.9  22.6  21.6  18.4  16.4  10.6  14.2  12.8  12.9  16.9  19.8  21.9   506   506   506   506   506   506   506   506   506   506   506   506 
1975  24.2  23.9  21.7  18.2  16.2  13.7  10.3  12.3  14.9  16.5  19.4  24.4   506   506   506   506   506   506   506   506   506   506   506   506 
1976  25.2  24.1  19.4  16.9  14.8  11.3  11.7  12.7  14.4  17.5  20.0  22.4   506   506   506   506   506   506   506   506   506   506   506   506 
1977  25.1  23.7  21.9  18.1  12.9  12.6  13.2  12.7  16.3  19.1  20.0  23.7   506   506   506   506   506   506   506   506   506   506   506   506 
1978  23.7  22.7  21.7  16.7  14.2  11.2  13.6  11.8  16.0  18.6  20.2  23.4   506   506   506   506   506   506   506   506   506   506   506   506 
1979  26.2  25.3  21.2  17.0  13.4  11.8  13.3  15.0  14.0  18.5  18.8  22.4   506   506   506   506   506   506   506   506   506   506   506   506 
1980  25.5  24.3  24.6  21.3  17.0  11.7  10.5  12.6  13.9  17.6  19.7  23.6   506   506   506   506   506   506   506   506   506   506   506   506 
1981  23.8  24.0  20.9  18.4  18.5  10.5  11.5  14.6  14.2  17.0  21.1  23.4   506   506   506   506   506   506   506   506   506   506   506   506 
1982  24.8  23.2  22.7  19.3  15.8  12.6  12.0  14.0  17.2  17.0  19.8  24.4   506   506   506   506   506   506   506   506   506   506   506   506 
1983  26.4  23.5  21.2  17.8  14.6  10.1   9.8  12.5  13.3  19.3  20.6  25.0   506   506   506   506   506   506   506   506   506   506   506   506 
1984  25.4  24.3  22.1  17.5  15.1   9.8  10.9  10.9  15.0  19.4  19.6  20.8   506   506   506   506   506   506   506   506   506   506   506   506 
1985  25.4  25.2  22.4  17.5  15.8  13.0  12.4  12.7  15.4  17.8  22.2  23.2   506   506   506   506   506   506   506   506   506   506   506   506 
1986  25.2  24.4  21.0  19.9  14.6  14.8  12.6  13.5  16.0  17.8  20.6  23.0   506   506   506   506   506   506   506   506   506   506   506   506 
1987  25.8  25.0  23.6  19.1  12.0  11.9  14.5  12.4  13.3  17.7  20.9  21.8   506   506   506   506   506   506   506   506   506   506   506   506 
1988  24.2  23.0  24.0  16.5  11.4   9.2  10.3  12.9  13.7  16.4  20.8  24.3   506   506   506   506   506   506   506   506   506   506   506   506 
1989  27.2  26.0  21.7  19.0  14.5  12.0  10.7  15.1  13.4  17.3  20.7  25.1   506   506   506   506   506   506   506   506   506   506   506   506 
1990  26.3  23.8  21.1  18.7  13.8  10.2  10.4  15.7  14.0  19.4  22.0  21.4   506   506   506   506   506   506   506   506   506   506   506   506 
1991  22.8  22.4  23.3  17.9  16.4  11.6  10.6  13.9  16.5  16.8  19.3  23.2   506   506   506   506   506   506   506   506   506   506   506   506 
1992  24.0  23.9  22.8  17.0  14.3  14.5   8.9  12.5  14.6  17.5  18.7  22.7   506   506   506   506   506   506   506   506   506   506   506   506 
1993  25.1  22.4  22.8  19.0  14.1  12.0   9.8  12.6  13.7  18.6  20.0  22.2   506   506   506   506   506   506   506   506   506   506   506   506 
1994  23.5  23.1  21.9  17.9  17.3  13.6  12.2  12.4  16.5  17.7  20.8  24.9   506   506   506   506   506   506   506   506   506   506   506   506 
1995  24.3  22.4  21.9  17.7  14.3  10.9  11.8  12.4  14.9  16.5  21.0  24.9   506   506   506   506   506   506   506   506   506   506   506   506 
1996  24.6  24.1  22.4  19.1  14.3  10.1   9.5  15.6  14.8  19.1  21.6  23.9   506   506   506   506   506   506   506   506   506   506   506   506 
1997  26.3  23.4  22.5  19.1  16.2  12.4  14.3  15.2  15.4  18.9  21.5  22.8   506   506   506   506   506   506   506   506   506   506   506   506 
1998  23.2  22.8  20.5  18.3  15.3  12.2  13.2  12.7  14.0  18.9  20.4  21.9   506   506   506   506   506   506   506   506   506   506   506   506 
1999  22.8  24.2  24.2  16.5  14.5  11.7  11.5  14.0  16.3  18.4  20.9  24.4   506   506   506   506   506   506   506   506   506   506   506   506 
2000  26.9  25.0  21.4  19.2 -99.0  13.4   9.4  13.2  14.9  18.1  19.4  23.2   506   506   506   506   -99   506   506   506   506   506   506   506 
2001  25.3  25.7  23.9  18.6  14.0  13.6  12.5  16.9  15.5  18.8  20.6  22.6   506   506   506   506   506   506   506   506   506   506   506   506 
2002  24.4  22.9  24.2  17.5  17.2  11.3  11.5  14.5  15.3  20.2  21.7  22.5   506   506   506   506   506   506   506   506   506   506   506   506 
2003  25.3  23.6  21.6  17.0  15.7  13.7  11.4  11.7  15.1  19.1  20.5  21.3   506   506   506   506   506   506   506   506   506   506   506   506 
2004  25.0  23.2  23.0  19.8  13.2  13.2  12.3  13.8  16.1  17.2  20.1  23.5   506   506   506   506   506   506   506   506   506   506   506   506 
2005  25.2  23.5  20.5  16.6  15.5  15.5  12.8  14.0  13.4  16.6  21.2  22.0   506   506   506   506   506   506   506   506   506   506   506   506 
2006  25.9  24.2  20.9  18.9  13.0  13.8  15.4  11.9  14.7  20.0  20.3  24.1   506   506   506   506   506   506   506   506   506   506   506   506 
2007  24.5  23.8  21.4  19.7  12.2  10.8   8.8  10.5  17.3  19.1  19.4  23.2   506   506   506   506   506   506   506   506   506   506   506   506 
2008  25.4  24.6  22.2  18.3  15.5  10.4  15.4  13.0  14.3  18.1  23.8  24.2   506   506   506   506   506   506   506   506   506   506   506   506 
2009  24.8  23.5  22.4  18.6  15.6  10.5   9.5  14.9  13.6  17.9  22.4  22.9   506   506   506   506   506   506   506   506   506   506   506   506 
2010  25.2  23.9  22.6  17.3  14.7  12.1  11.0  11.4  15.5  16.4  20.2  24.2   506   506   506   506   506   506   506   506   506   506   506   506 
2011  26.0  24.0  21.3  18.6  14.4  11.1  10.9  11.6  15.3  17.2 -99.0 -99.0   506   506   506   506   506   506   506   506   506   506   -99   -99 
