Number= 249820
Name= UEGA----------------
Country= RUSSIA
Lat=   60.7
Long= -142.7
Height= 398
Start year= 1959
End year= 2016
First Good year= 1959
Source ID= 43
Source file= Jones
Jones data to= 2016
Normals source= Data
Normals source start year= 1961
Normals source end year= 1990
Normals= -25.6 -21.8 -16.1  -6.6   3.3  10.8  14.3  12.7   5.3  -7.4 -20.2 -25.3 
Standard deviations source= Data
Standard deviations source start year= 1959
Standard deviations source end year= 1990
Standard deviations=   4.4   2.9   2.2   1.6   1.3   1.1   1.0   1.1   1.4   1.9   3.0   4.8 
Obs:
1959 -24.5 -26.5 -18.2  -6.6   4.5 -99.0  13.8  14.0 -99.0 -99.0 -99.0 -99.0   506   506   506   506   506   -99   506   506   -99   -99   -99   -99 
1960 -20.5 -22.5 -14.3  -7.4   2.4   8.5  16.8  13.0   5.3  -8.8 -20.1 -19.4   506   506   506   506   506   506   506   506   506   506   506   506 
1961 -25.0 -18.9 -20.1  -7.9   3.6  10.6  13.7  13.7   5.8  -6.8 -21.3 -19.6   506   506   506   506   506   506   506   506   506   506   506   506 
1962 -28.5 -22.6 -14.1  -5.0   3.7  10.4  15.8  13.1   4.7  -8.3 -20.2 -23.6   506   506   506   506   506   506   506   506   506   506   506   506 
1963 -16.2 -22.9 -18.0  -8.6   1.4  10.4  14.8  13.8   5.3  -8.5 -15.4 -26.2   506   506   506   506   506   506   506   506   506   506   506   506 
1964 -32.0 -22.9 -18.6  -7.9   2.2  11.0  13.1  11.4   2.4 -10.3 -21.1 -27.0   506   506   506   506   506   506   506   506   506   506   506   506 
1965 -26.5 -18.2 -15.8  -8.9   3.1  10.6  14.6  12.4   7.3  -8.4 -21.2 -28.6   506   506   506   506   506   506   506   506   506   506   506   506 
1966 -30.7 -29.1 -14.7  -6.7   2.4  12.1  13.5  12.0   5.2  -7.2 -25.3 -18.4   506   506   506   506   506   506   506   506   506   506   506   506 
1967 -31.2 -23.6 -17.8  -8.0   4.2  10.8  13.8  11.5   4.3  -7.6 -21.7 -35.6   506   506   506   506   506   506   506   506   506   506   506   506 
1968 -23.4 -17.6 -15.1  -4.8   3.8   9.4  13.0  13.4   6.4  -9.5 -23.0 -28.1   506   506   506   506   506   506   506   506   506   506   506   506 
1969 -20.0 -24.5 -17.1 -10.1   1.8   8.9  15.2  14.7   5.8  -7.3 -17.8 -28.1   506   506   506   506   506   506   506   506   506   506   506   506 
1970 -23.4 -23.8 -15.3  -7.9   1.8   9.6  16.2  11.6   7.8  -9.4 -24.4 -22.0   506   506   506   506   506   506   506   506   506   506   506   506 
1971 -26.3 -20.1 -16.2  -6.5   3.8  10.0  14.7  11.2   5.4  -7.8 -20.0 -24.0   506   506   506   506   506   506   506   506   506   506   506   506 
1972 -33.2 -20.6 -12.4  -4.5   4.5   9.4  13.8  10.8   5.6  -5.7 -23.2 -26.1   506   506   506   506   506   506   506   506   506   506   506   506 
1973 -34.9 -22.1 -15.2  -7.2   4.6   9.8  14.6  14.0   5.9  -7.0 -18.9 -20.9   506   506   506   506   506   506   506   506   506   506   506   506 
1974 -22.0 -21.8 -14.4  -5.9   5.3  11.4  14.2  12.9   5.4  -8.1 -22.0 -24.5   506   506   506   506   506   506   506   506   506   506   506   506 
1975 -28.3 -19.3 -15.5  -5.0   2.8  12.2  14.4  12.3   4.5  -5.4 -23.3 -21.4   506   506   506   506   506   506   506   506   506   506   506   506 
1976 -20.1 -22.7 -16.3  -7.6   3.5  11.1  15.3  12.9   4.7  -7.8 -19.7 -23.8   506   506   506   506   506   506   506   506   506   506   506   506 
1977 -19.5 -22.1 -17.6  -4.3   4.9  12.4  12.8  12.9   3.6 -12.8 -20.0 -26.4   506   506   506   506   506   506   506   506   506   506   506   506 
1978 -27.6 -24.2 -12.9  -7.2   2.0  10.9  13.3  13.2   5.1  -5.3 -19.8 -31.3   506   506   506   506   506   506   506   506   506   506   506   506 
1979 -24.6 -19.6 -16.9  -6.1   4.7  11.2  13.5  11.9   3.8  -8.2 -23.5 -29.8   506   506   506   506   506   506   506   506   506   506   506   506 
1980 -18.2 -21.3 -16.1  -8.7   1.6  11.0  15.2  14.5   6.1  -7.2 -19.3 -16.2   506   506   506   506   506   506   506   506   506   506   506   506 
1981 -24.0 -20.2 -15.4  -5.1   5.0  10.8  14.9  12.9   4.5  -3.5 -17.3 -34.1   506   506   506   506   506   506   506   506   506   506   506   506 
1982 -28.9 -18.2 -18.3  -8.3   3.2  10.9  14.7  11.5   5.6  -7.5 -25.7 -30.7   506   506   506   506   506   506   506   506   506   506   506   506 
1983 -21.4 -21.7 -13.3  -5.9   3.4  11.9  14.6  14.7   8.6  -7.1 -21.5 -21.8   506   506   506   506   506   506   506   506   506   506   506   506 
1984 -23.5 -22.6 -15.8  -5.6   5.3  11.5  13.9  11.1   3.2  -5.1 -17.3 -30.2   506   506   506   506   506   506   506   506   506   506   506   506 
1985 -24.4 -17.5 -22.1  -5.6   2.6   8.4  13.7  11.9   5.8  -4.8 -14.2 -19.8   506   506   506   506   506   506   506   506   506   506   506   506 
1986 -23.8 -18.8 -19.2  -5.2   1.7  11.7  14.6  13.0   6.6  -4.8 -15.2 -23.2   506   506   506   506   506   506   506   506   506   506   506   506 
1987 -26.7 -23.1 -14.2  -7.0   0.7  11.8  13.2  12.2   3.8  -9.8 -15.8 -30.9   506   506   506   506   506   506   506   506   506   506   506   506 
1988 -26.8 -21.2 -17.0  -7.2   4.7  10.2  14.9  11.9   6.5  -6.3 -16.1 -18.7   506   506   506   506   506   506   506   506   506   506   506   506 
1989 -30.5 -21.8 -13.4  -5.8   3.1  12.9  15.7  13.1   6.1  -9.1 -22.4 -22.0   506   506   506   506   506   506   506   506   506   506   506   506 
1990 -25.4 -29.9 -12.7  -3.1   4.7  12.1  13.1  13.5   2.8  -4.5 -18.8 -26.3   506   506   506   506   506   506   506   506   506   506   506   506 
1991 -22.9 -21.2 -16.4  -5.4   4.1  10.7  16.6  13.6   4.1  -7.6 -13.8 -27.1   506   506   506   506   506   506   506   506   506   506   506   506 
1992 -26.5 -21.0 -16.4  -5.1   4.6  12.3  12.8  11.7   4.5  -6.8 -19.3 -27.9   506   506   506   506   506   506   506   506   506   506   506   506 
1993 -31.8 -18.4 -17.0  -5.8   3.7  10.4  15.0  11.8   6.9  -9.2 -22.9 -28.0   506   506   506   506   506   506   506   506   506   506   506   506 
1994 -27.8 -15.3 -14.7  -5.9   4.5  10.1  14.3  13.6   6.8  -4.5 -23.4 -27.7   506   506   506   506   506   506   506   506   506   506   506   506 
1995 -26.7 -19.0 -14.6  -8.5   4.9  12.6 -99.0 -99.0 -99.0 -99.0 -99.0 -99.0   506   506   506   506   506   506   -99   -99   -99   -99   -99   -99 
1996 -24.9 -30.5 -21.1  -8.6   2.1 -99.0  13.5  11.4   6.1  -4.9 -20.2 -24.6   506   506   506   506   506   -99   506   506   506   506   506   506 
1997 -19.7 -21.5 -12.1  -3.7   3.6  11.2  14.5  13.9   5.1  -4.6 -23.6 -26.0   506   506   506   506   506   506   506   506   506   506   506   506 
1998 -22.3 -25.3 -20.0  -7.8   2.4  15.1  16.7  13.5   5.3 -10.8 -17.0 -25.9   506   506   506   506   506   506   506   506   506   506   506   506 
1999 -19.6 -24.1 -17.1  -8.7   4.1  12.9  15.1  12.0   5.3  -4.6 -20.1 -23.3   506   506   506   506   506   506   506   506   506   506   506   506 
2000 -25.1 -16.8 -16.1  -3.4   3.6   9.8  15.5  12.2   4.4  -6.5 -19.6 -19.9   506   506   506   506   506   506   506   506   506   506   506   506 
2001 -28.2 -22.2 -14.3  -5.6   1.5  10.9  17.0  12.3   2.9  -6.5 -17.0 -22.2   506   506   506   506   506   506   506   506   506   506   506   506 
2002 -27.0 -27.5 -13.4  -3.7   7.0  13.1  12.9  11.8   7.1  -4.9 -15.8 -22.7   506   506   506   506   506   506   506   506   506   506   506   506 
2003 -25.8 -20.6 -14.3  -5.4   2.8  11.8  14.8  13.7   7.3  -3.5 -17.9 -23.9   506   506   506   506   506   506   506   506   506   506   506   506 
2004 -24.2 -20.7 -14.0  -5.7   1.4   7.7  15.2  12.9   6.2 -10.7 -21.5 -24.6   506   506   506   506   506   506   506   506   506   506   506   506 
2005 -24.7 -19.2 -13.3  -5.6   5.7  10.6  13.8  12.6   6.4  -7.4 -14.6 -19.3   506   506   506   506   506   506   506   506   506   506   506   506 
2006 -23.2 -26.3 -17.1  -8.0   4.3  10.8  15.0  13.4   6.4  -7.0 -11.2 -28.4   506   506   506   506   506   506   506   506   506   506   506   506 
2007 -27.9 -25.4 -11.4  -4.0   3.8  11.3  12.6  15.0   5.0  -5.5 -17.6 -21.2   506   506   506   506   506   506   506   506   506   506   506   506 
2008 -25.3 -22.6 -13.0  -8.7   6.2  13.9  15.7  13.6   7.9  -5.2 -15.1 -25.0   506   506   506   506   506   506   506   506   506   506   506   506 
2009 -27.7 -23.5 -13.7  -4.8   3.8  14.9  16.4  12.8   7.9  -3.7 -21.6 -19.9   506   506   506   506   506   506   506   506   506   506   506   506 
2010 -22.8 -20.6 -16.9  -8.0   4.7  11.7  16.1  13.4   6.6  -9.5 -18.3 -18.3   506   506   506   506   506   506   506   506   506   506   506   506 
2011 -19.4 -26.8 -11.5  -4.6 -99.0  11.5  17.4  13.4   3.6  -8.8 -20.1 -24.0   506   506   506   506   -99   506   506   506   506   506   506   506 
2012 -21.1 -22.2 -17.6  -5.1   6.3  12.9  15.3  12.5   4.8  -2.2 -14.0 -21.5   506   506   506   506   506   506   506   506   506   506   506   506 
2013 -22.4 -23.9 -15.1  -4.0   4.9  12.8  14.6  13.3   5.2 -99.0 -99.0 -99.0   506   506   506   506   506   506   506   506   506   -99   -99   -99 
2014 -25.4 -16.2 -13.2  -3.9   5.4  11.8  12.4 -99.0 -99.0 -99.0 -99.0 -99.0   506   506   506   506   506   506   506   -99   -99   -99   -99   -99 
2015 -20.7 -21.7 -16.6  -8.3   3.9  10.3  15.9  14.3   6.3  -3.8 -19.7 -25.4   506   506   506   506   506   506   506   506   506   506   506   506 
2016 -22.9 -24.2 -13.3  -4.7   5.2 -99.0 -99.0 -99.0 -99.0 -99.0 -99.0 -99.0   506   506   506   506   506   -99   -99   -99   -99   -99   -99   -99 
