Number= 620550
Name= AGEDABIA
Country= LIBYA
Lat=   30.7
Long=  -20.2
Height= -999
Start year= 1954
End year= 2016
First Good year= 1954
Source ID= 10
Source file= Jones
Jones data to= 2016
Normals source start year= 1961
Normals source end year= 1990
Normals= -99.0 -99.0 -99.0 -99.0 -99.0 -99.0 -99.0 -99.0 -99.0 -99.0 -99.0 -99.0 
Standard deviations source= Data
Standard deviations source start year= 1954
Standard deviations source end year= 1990
Standard deviations=   1.0   1.4   1.2   0.8   1.2   0.9   0.7   0.5   1.3   1.7   1.1   0.9 
Obs:
1954 -99.0 -99.0 -99.0 -99.0 -99.0  26.3  26.2  25.1  23.9  21.9  17.3  13.8   -99   -99   -99   -99   -99   506   506   506   506   506   506   506 
1955  14.4  16.7  16.9  19.2  23.8  27.3  26.3  26.6  26.7  24.1  19.9  15.1   506   506   506   506   506   506   506   506   506   506   506   506 
1956  13.6  14.9  15.0  19.8  22.3  25.7  25.8  26.0  24.4  20.2  17.8  12.0   506   506   506   506   506   506   506   506   506   506   506   506 
1957  11.4  13.6  15.0  19.7  23.0  27.2  24.5  26.1  24.8  23.7  18.4  14.2   506   506   506   506   506   506   506   506   506   506   506   506 
1958  12.5  14.6  17.5  20.0  22.5  26.5  26.3  26.0  24.8  22.5  19.7  15.4   506   506   506   506   506   506   506   506   506   506   506   506 
1959  12.7  11.5  16.0  18.4  25.3  24.3  25.0  26.0  26.0  22.2  18.4  14.7   506   506   506   506   506   506   506   506   506   506   506   506 
1960  13.7  15.4  16.4  20.2  22.5  26.3  26.7  26.4  25.5  26.2  18.9  15.2   506   506   506   506   506   506   506   506   506   506   506   506 
1961  12.5  12.0  14.5  19.5  23.5  27.4  25.3  25.8  23.2  21.5  19.3  14.1   506   506   506   506   506   506   506   506   506   506   506   506 
1962  12.3  11.9  17.7  19.2  23.5  25.5  26.3  26.8  26.3  23.3  20.9  14.3   506   506   506   506   506   506   506   506   506   506   506   506 
1963  13.3  14.3  15.5  19.1  21.8  25.7  26.3  25.9  25.3  22.0  17.4  15.5   506   506   506   506   506   506   506   506   506   506   506   506 
1964  10.7  13.5  17.5  19.8  21.3  27.3  24.9  26.5  22.9  23.5  18.1  15.1   506   506   506   506   506   506   506   506   506   506   506   506 
1965  13.4  12.9  16.0  18.3  22.3  26.5  26.1  25.5  26.3  21.4  17.5  13.7   506   506   506   506   506   506   506   506   506   506   506   506 
1966  13.3  14.7  15.7  19.7  23.5  25.6  26.3  26.5  25.1  25.7  19.5  13.4   506   506   506   506   506   506   506   506   506   506   506   506 
1967  12.1  13.3  14.0  21.1  21.7  27.1  25.0  26.5  25.1  21.8 -99.0  13.9   506   506   506   506   506   506   506   506   506   506   -99   506 
1968  12.1  14.7  15.7  20.9  26.1  27.3  25.1  27.3  24.5  19.9  17.8  14.3   506   506   506   506   506   506   506   506   506   506   506   506 
1969  12.2  15.8  18.4  18.2  23.5  28.1  24.5  26.3  28.3  21.9  18.5  13.1   506   506   506   506   506   506   506   506   506   506   506   506 
1970  14.2  14.5  17.5  19.7  23.1  25.4  25.2  25.9  24.5  20.7  16.8  13.7   506   506   506   506   506   506   506   506   506   506   506   506 
1971 -99.0 -99.0 -99.0 -99.0 -99.0 -99.0 -99.0 -99.0 -99.0 -99.0 -99.0 -99.0   -99   -99   -99   -99   -99   -99   -99   -99   -99   -99   -99   -99 
1972 -99.0 -99.0 -99.0 -99.0 -99.0 -99.0 -99.0 -99.0 -99.0 -99.0 -99.0 -99.0   -99   -99   -99   -99   -99   -99   -99   -99   -99   -99   -99   -99 
1973 -99.0 -99.0 -99.0 -99.0 -99.0 -99.0 -99.0 -99.0 -99.0 -99.0 -99.0 -99.0   -99   -99   -99   -99   -99   -99   -99   -99   -99   -99   -99   -99 
1974 -99.0 -99.0 -99.0 -99.0 -99.0 -99.0 -99.0 -99.0 -99.0 -99.0 -99.0 -99.0   -99   -99   -99   -99   -99   -99   -99   -99   -99   -99   -99   -99 
1975 -99.0 -99.0 -99.0 -99.0 -99.0 -99.0 -99.0 -99.0 -99.0 -99.0 -99.0 -99.0   -99   -99   -99   -99   -99   -99   -99   -99   -99   -99   -99   -99 
1976 -99.0 -99.0 -99.0 -99.0 -99.0 -99.0 -99.0 -99.0 -99.0 -99.0 -99.0 -99.0   -99   -99   -99   -99   -99   -99   -99   -99   -99   -99   -99   -99 
1977 -99.0 -99.0 -99.0 -99.0 -99.0 -99.0 -99.0 -99.0 -99.0 -99.0 -99.0 -99.0   -99   -99   -99   -99   -99   -99   -99   -99   -99   -99   -99   -99 
1978 -99.0 -99.0 -99.0 -99.0 -99.0 -99.0 -99.0 -99.0 -99.0 -99.0 -99.0 -99.0   -99   -99   -99   -99   -99   -99   -99   -99   -99   -99   -99   -99 
1979 -99.0 -99.0 -99.0 -99.0 -99.0 -99.0 -99.0 -99.0 -99.0 -99.0 -99.0 -99.0   -99   -99   -99   -99   -99   -99   -99   -99   -99   -99   -99   -99 
1980 -99.0 -99.0 -99.0 -99.0 -99.0 -99.0 -99.0 -99.0 -99.0 -99.0 -99.0 -99.0   -99   -99   -99   -99   -99   -99   -99   -99   -99   -99   -99   -99 
1981 -99.0 -99.0 -99.0 -99.0 -99.0 -99.0 -99.0 -99.0 -99.0 -99.0 -99.0 -99.0   -99   -99   -99   -99   -99   -99   -99   -99   -99   -99   -99   -99 
1982 -99.0 -99.0 -99.0 -99.0 -99.0 -99.0 -99.0 -99.0 -99.0 -99.0 -99.0 -99.0   -99   -99   -99   -99   -99   -99   -99   -99   -99   -99   -99   -99 
1983 -99.0 -99.0 -99.0 -99.0 -99.0 -99.0 -99.0 -99.0 -99.0 -99.0 -99.0 -99.0   -99   -99   -99   -99   -99   -99   -99   -99   -99   -99   -99   -99 
1984 -99.0 -99.0 -99.0 -99.0 -99.0 -99.0 -99.0 -99.0 -99.0 -99.0 -99.0 -99.0   -99   -99   -99   -99   -99   -99   -99   -99   -99   -99   -99   -99 
1985 -99.0 -99.0 -99.0 -99.0 -99.0 -99.0 -99.0 -99.0 -99.0 -99.0 -99.0 -99.0   -99   -99   -99   -99   -99   -99   -99   -99   -99   -99   -99   -99 
1986 -99.0 -99.0 -99.0 -99.0 -99.0 -99.0 -99.0 -99.0 -99.0 -99.0 -99.0 -99.0   -99   -99   -99   -99   -99   -99   -99   -99   -99   -99   -99   -99 
1987 -99.0 -99.0 -99.0 -99.0 -99.0 -99.0 -99.0 -99.0 -99.0 -99.0 -99.0 -99.0   -99   -99   -99   -99   -99   -99   -99   -99   -99   -99   -99   -99 
1988 -99.0 -99.0 -99.0 -99.0 -99.0 -99.0 -99.0 -99.0 -99.0 -99.0 -99.0 -99.0   -99   -99   -99   -99   -99   -99   -99   -99   -99   -99   -99   -99 
1989 -99.0 -99.0 -99.0 -99.0 -99.0 -99.0 -99.0 -99.0 -99.0 -99.0 -99.0 -99.0   -99   -99   -99   -99   -99   -99   -99   -99   -99   -99   -99   -99 
1990 -99.0 -99.0 -99.0 -99.0 -99.0 -99.0 -99.0 -99.0 -99.0 -99.0 -99.0 -99.0   -99   -99   -99   -99   -99   -99   -99   -99   -99   -99   -99   -99 
1991  12.8  13.9  17.8  20.3  23.3  26.5  26.4  26.9  26.6  25.0  17.9  12.6   506   506   506   506   506   506   506   506   506   506   506   506 
1992  11.9  12.1  15.3  19.1  22.4  27.4  26.6  26.4  24.8  25.9  19.3  14.1   506   506   506   506   506   506   506   506   506   506   506   506 
1993  12.9  11.9  15.3  20.1  23.2  27.5  26.2  26.9  26.6  25.0  20.6  15.5   506   506   506   506   506   506   506   506   506   506   506   506 
1994  14.2  14.4  15.8  21.0  24.1  25.0  26.9  28.1  26.2  23.1  18.1  13.8   506   506   506   506   506   506   506   506   506   506   506   506 
1995  11.4  14.1  16.6  18.7  22.7  30.7  27.8  29.4  30.0  22.0  16.9  15.4   506   506   506   506   506   506   506   506   506   506   506   506 
1996  13.9  14.9  16.0  18.9  24.6  26.9  26.2  27.9  29.5  21.7  17.2  14.7   506   506   506   506   506   506   506   506   506   506   506   506 
1997  13.6  13.5  14.0  17.1  24.2  29.3  27.7  27.3  25.9  23.0  19.0  14.9   506   506   506   506   506   506   506   506   506   506   506   506 
1998  13.9  14.8  14.6  22.7  24.9  25.8  27.0  29.0  27.6  23.6  17.8  13.0   506   506   506   506   506   506   506   506   506   506   506   506 
1999  13.3  13.5  16.9  20.6  25.2  27.9  26.4  29.4  28.6  25.0  19.5  14.6   506   506   506   506   506   506   506   506   506   506   506   506 
2000  12.1  12.9  16.0  21.2  24.8  25.3  26.9  26.7  27.0  23.4  19.6  15.3   506   506   506   506   506   506   506   506   506   506   506   506 
2001  14.8  13.7  18.7  20.4  24.9  25.8  27.3  28.0  29.3  23.0  19.0  14.6   506   506   506   506   506   506   506   506   506   506   506   506 
2002  12.2  14.7  17.6  20.4  24.9  25.8  30.6  29.8  28.5  23.1  18.7  14.7   506   506   506   506   506   506   506   506   506   506   506   506 
2003  14.9  13.0  14.7  20.2  24.0  27.4  28.8  29.2  27.9  26.4  20.2  15.0   506   506   506   506   506   506   506   506   506   506   506   506 
2004  13.7  15.7  18.2  20.7  24.3  26.2  27.5  28.1  26.5  24.5  18.8  14.7   506   506   506   506   506   506   506   506   506   506   506   506 
2005  13.0  13.1  17.9  20.2  24.3  25.7  27.6  28.2  28.3  23.7  18.6  15.0   506   506   506   506   506   506   506   506   506   506   506   506 
2006  12.7  14.7  17.6  20.3  24.1  26.0  27.1  29.7  28.0  22.9  16.9  14.4   506   506   506   506   506   506   506   506   506   506   506   506 
2007  14.4  15.1  17.3  20.3  22.7  27.1  27.6  28.3  25.6  24.0  19.0  13.9   506   506   506   506   506   506   506   506   506   506   506   506 
2008  12.5  12.7  17.9  21.8  25.8  27.4  27.7  27.7  26.9  23.4  19.8  15.9   506   506   506   506   506   506   506   506   506   506   506   506 
2009  14.6  14.7  16.6  20.5  23.1  27.3  27.6  27.7  28.0  23.4  18.0  16.2   506   506   506   506   506   506   506   506   506   506   506   506 
2010  14.6  17.2  18.9  21.7  24.6  27.5  26.8  27.8  27.6  24.8  20.6  16.0   506   506   506   506   506   506   506   506   506   506   506   506 
2011  14.6 -99.0 -99.0 -99.0 -99.0 -99.0 -99.0 -99.0 -99.0 -99.0 -99.0 -99.0   506   -99   -99   -99   -99   -99   -99   -99   -99   -99   -99   -99 
2012 -99.0 -99.0 -99.0 -99.0 -99.0 -99.0 -99.0 -99.0 -99.0 -99.0 -99.0 -99.0   -99   -99   -99   -99   -99   -99   -99   -99   -99   -99   -99   -99 
2013 -99.0 -99.0 -99.0 -99.0 -99.0 -99.0 -99.0 -99.0 -99.0 -99.0 -99.0 -99.0   -99   -99   -99   -99   -99   -99   -99   -99   -99   -99   -99   -99 
2014 -99.0 -99.0 -99.0 -99.0 -99.0 -99.0 -99.0 -99.0 -99.0 -99.0 -99.0 -99.0   -99   -99   -99   -99   -99   -99   -99   -99   -99   -99   -99   -99 
2015 -99.0 -99.0 -99.0 -99.0 -99.0 -99.0 -99.0 -99.0 -99.0 -99.0 -99.0 -99.0   -99   -99   -99   -99   -99   -99   -99   -99   -99   -99   -99   -99 
2016 -99.0 -99.0 -99.0 -99.0 -99.0 -99.0 -99.0 -99.0 -99.0 -99.0 -99.0 -99.0   -99   -99   -99   -99   -99   -99   -99   -99   -99   -99   -99   -99 
