Number= 627520
Name= EL-GEDARIF
Country= SUDAN
Lat=   14.0
Long=  -35.4
Height= 600
Start year= 1950
End year= 2020
First Good year= 1950
Source ID= 10
Source file= Jones
Jones data to= 2012
Normals source= Data
Normals source start year= 1961
Normals source end year= 1990
Normals=  25.7  27.1  30.2  32.3  32.7  30.2  27.4  26.5  27.5  29.2  29.0  26.5 
Standard deviations source= Data
Standard deviations source start year= 1950
Standard deviations source end year= 1990
Standard deviations=   1.2   1.5   1.0   0.9   0.8   1.0   1.3   0.9   1.0   0.9   0.9   1.3 
Obs:
1950  25.5  25.9  29.7  31.4  32.1  30.2  25.9  25.4  25.8  28.4  29.0  26.8   506   506   506   506   506   506   506   506   506   506   506   506 
1951  26.3  26.4  29.1  30.7  31.9  30.8  27.4  27.2  27.9  29.6  28.9  24.3   506   506   506   506   506   506   506   506   506   506   506   506 
1952  27.2  28.2  29.6  32.7  33.1  30.5  28.1  25.8  26.6  28.6  29.2  28.2   506   506   506   506   506   506   506   506   506   506   506   506 
1953  27.9  28.7  30.0  31.3  31.6  29.0  25.5  25.9  27.2  29.5  28.8  24.9   506   506   506   506   506   506   506   506   506   506   506   506 
1954  26.1  29.0  30.9  31.5  32.4  29.5  25.7  25.3  26.1  28.9  29.5  26.3   506   506   506   506   506   506   506   506   506   506   506   506 
1955  25.7  28.2  30.7  32.7  32.5  29.8  27.4  26.5  26.2  29.0  28.9  25.9   506   506   506   506   506   506   506   506   506   506   506   506 
1956  24.3  29.1  31.2  31.5  32.1  29.1  25.7  25.3  26.8  28.0  28.6  27.0   506   506   506   506   506   506   506   506   506   506   506   506 
1957  24.9  24.8  29.4  31.1  32.1  30.6  27.9  26.2  27.8  30.0  29.6  27.6   506   506   506   506   506   506   506   506   506   506   506   506 
1958  26.2  25.9  30.9  34.2  33.4  28.8  26.6  26.1  28.2  29.6  29.8  28.2   506   506   506   506   506   506   506   506   506   506   506   506 
1959  25.8  25.5  29.5  33.1  32.7  30.8  27.6  26.2  26.9  29.0  29.2  27.3   506   506   506   506   506   506   506   506   506   506   506   506 
1960  25.8  28.8  29.0  31.5  32.9  30.5  27.1  26.9  27.7  29.9  28.8  28.7   506   506   506   506   506   506   506   506   506   506   506   506 
1961  28.1  26.6  29.6  31.4  33.6  30.3  26.1  25.7  27.0  28.9  28.5  25.6   506   506   506   506   506   506   506   506   506   506   506   506 
1962  25.4  27.5  31.2  32.8  33.7  30.4  27.4  25.6  26.8  29.1  29.5  27.4   506   506   506   506   506   506   506   506   506   506   506   506 
1963  27.2  27.9  30.5  31.9  32.2  30.9  27.1  26.0  27.6  29.4  29.0  26.1   506   506   506   506   506   506   506   506   506   506   506   506 
1964  25.3  26.5  30.5  32.7  33.0  29.9  26.5  25.7  26.7  27.9  27.9  24.8   506   506   506   506   506   506   506   506   506   506   506   506 
1965  25.4  27.9  30.4  31.6  33.7  30.8  27.7  26.2  27.9  28.7  28.8  26.7   506   506   506   506   506   506   506   506   506   506   506   506 
1966  27.1  25.8  30.0  32.4  32.7  29.4  29.1  25.8  26.9  28.9  28.9  26.2   506   506   506   506   506   506   506   506   506   506   506   506 
1967  25.2  26.1  28.2  31.1  32.2  28.7  26.1  24.8  26.3  27.1  26.1  25.7   506   506   506   506   506   506   506   506   506   506   506   506 
1968  24.8  24.3  28.5  29.8  31.7  27.7  25.6  26.7  27.3  29.2  29.3  26.5   506   506   506   506   506   506   506   506   506   506   506   506 
1969  24.4  27.1  32.0  32.0  32.1  30.3  27.2  26.1  27.4  29.5  29.3  27.2   506   506   506   506   506   506   506   506   506   506   506   506 
1970  24.3  27.3  29.3  32.3  31.6  31.3  27.2  26.3  27.6  27.6  28.1  24.9   506   506   506   506   506   506   506   506   506   506   506   506 
1971  24.5  26.1  30.5  31.3  31.9  29.9  26.2  26.2  25.7  28.3  28.2  23.1   506   506   506   506   506   506   506   506   506   506   506   506 
1972  25.7  25.7  29.4  32.3  32.0  28.5  26.5  26.3  27.1  29.6  28.6  25.1   506   506   506   506   506   506   506   506   506   506   506   506 
1973  25.1  29.1  30.1  33.8  31.3  30.7  27.5  26.3  26.4  27.6  28.8  26.9   506   506   506   506   506   506   506   506   506   506   506   506 
1974  24.7  27.7  29.3  33.5  31.6  28.7  25.4  25.5  26.4  29.5  28.9  26.0   506   506   506   506   506   506   506   506   506   506   506   506 
1975  25.5  29.1  31.1  32.6  33.3  28.8  26.8  24.7  25.7  28.4  29.5  26.4   506   506   506   506   506   506   506   506   506   506   506   506 
1976  25.5  26.5  31.1  31.8  32.8  30.4  26.0  26.2  27.3  29.2  28.5  28.2   506   506   506   506   506   506   506   506   506   506   506   506 
1977  24.9  27.7  30.4  31.5  32.8  29.9  27.6  26.5  28.6  28.2  28.6  26.2   506   506   506   506   506   506   506   506   506   506   506   506 
1978  25.5  28.1  29.3  33.0  33.2 -99.0  26.2  26.9  28.4  29.5  28.3  27.4   506   506   506   506   506   -99   506   506   506   506   506   506 
1979  26.9  29.3  30.4  33.4  31.9  29.6  27.6  27.0  27.8  30.1  29.5  25.6   506   506   506   506   506   506   506   506   506   506   506   506 
1980  25.9  27.7  30.6  33.5  33.6  29.9  27.0  26.3  28.6  29.9  29.1  27.1   506   506   506   506   506   506   506   506   506   506   506   506 
1981  26.3  26.9  29.9  31.3  32.4  30.4  26.4  26.3  26.3  29.0  28.4  27.3   506   506   506   506   506   506   506   506   506   506   506   506 
1982  25.9  24.0  29.1  31.8  32.5  31.2  28.8  26.6  27.9  28.8  27.1  25.8   506   506   506   506   506   506   506   506   506   506   506   506 
1983  23.0  26.4  28.8  32.1  34.1  31.5  29.2  27.4  28.7  30.1  29.9  27.1   506   506   506   506   506   506   506   506   506   506   506   506 
1984  25.6  29.1  32.4  33.4  32.3  31.5  28.9  29.5  28.6  31.2  29.2  27.3   506   506   506   506   506   506   506   506   506   506   506   506 
1985  28.9  25.6  32.1  32.5  32.0  30.3  26.8  27.1  27.7  29.9  28.9  27.2   506   506   506   506   506   506   506   506   506   506   506   506 
1986  26.2  28.3  31.7  31.8  33.2  30.6  27.2  26.9  27.4  29.6  29.3  25.4   506   506   506   506   506   506   506   506   506   506   506   506 
1987  26.4  29.7  30.6  33.3  31.2  29.7  28.1  27.4  30.0  30.2  30.7  26.9   506   506   506   506   506   506   506   506   506   506   506   506 
1988  26.2  27.8  31.5  33.1  34.3  30.0  32.1  26.8  27.4  29.2  30.2  28.1   506   506   506   506   506   506   506   506   506   506   506   506 
1989  23.3  25.0  28.9  32.1  32.5  30.2  27.9  26.9  28.4  29.7  30.1  26.3   506   506   506   506   506   506   506   506   506   506   506   506 
1990  26.3  26.1  29.1  32.9  34.4  32.9  28.9  29.2  29.2  31.0  31.4  30.0   506   506   506   506   506   506   506   506   506   506   506   506 
1991  24.1  26.0  28.6  31.8 -99.0  32.2  27.1  25.7  28.0  28.0  28.1  26.3   506   506   506   506   -99   506   506   506   506   506   506   506 
1992  22.3  21.8  28.0  32.2  32.7  30.6  26.1  24.8  26.6  27.3  27.1  24.0   506   506   506   506   506   506   506   506   506   506   506   506 
1993  24.1  23.7  28.9  31.2  31.2  28.7  26.1  25.3  26.4  27.9  29.0  26.9   506   506   506   506   506   506   506   506   506   506   506   506 
1994  26.2  25.4  27.0  32.6  31.6  28.3  25.5  24.6  26.5  28.6  27.9 -99.0   506   506   506   506   506   506   506   506   506   506   506   -99 
1995  25.4  25.2  28.7  31.1  31.6  29.1  25.7  25.6  26.6  28.7  28.0  25.5   506   506   506   506   506   506   506   506   506   506   506   506 
1996  24.0  28.8  28.5 -99.0  29.7 -99.0  27.0  25.4  27.7  29.6 -99.0  27.7   506   506   506   -99   506   -99   506   506   506   506   -99   506 
1997 -99.0  25.6  29.9  32.8  32.1  30.3  27.4  26.7  28.9  29.5  29.3  27.7   -99   506   506   506   506   506   506   506   506   506   506   506 
1998  25.7  26.9  30.1  34.2  34.6  32.3  27.4  25.7  27.1  28.5  30.1  28.4   506   506   506   506   506   506   506   506   506   506   506   506 
1999  26.7  31.4  29.8  32.9  32.3  30.5  26.7  25.9  27.1  27.4  29.2  28.1   506   506   506   506   506   506   506   506   506   506   506   506 
2000  26.5  28.3  29.8  32.6  33.5  30.9  27.4  26.6  27.0 -99.0  29.4  26.9   506   506   506   506   506   506   506   506   506   -99   506   506 
2001  25.5  27.7  31.3  34.7  33.5  29.9  27.0  26.9  28.2  28.9  29.6  28.6   506   506   506   506   506   506   506   506   506   506   506   506 
2002  24.8  29.0  31.2  34.2  34.5  31.7  29.1  30.8  27.9  30.0  31.6  26.5   506   506   506   506   506   506   506   506   506   506   506   506 
2003  27.1  28.8  30.5  34.3  34.5  30.4  26.4  26.6  27.8  28.1  29.6  27.0   506   506   506   506   506   506   506   506   506   506   506   506 
2004  26.6  27.9  31.4  33.5  32.0  30.0  27.6  27.1  28.2  30.0  30.3  26.8   506   506   506   506   506   506   506   506   506   506   506   506 
2005  25.4  30.7  31.8  35.0  33.7  32.5  27.1  26.7  28.0  29.9  30.2  28.9   506   506   506   506   506   506   506   506   506   506   506   506 
2006  28.9  29.3  30.6  33.2  32.7  30.7  28.2  26.7  26.9  29.6  29.1  25.8   506   506   506   506   506   506   506   506   506   506   506   506 
2007  24.5  28.0  31.2  33.6  34.6  30.3  26.3  25.9  27.6  29.5  30.1  28.3   506   506   506   506   506   506   506   506   506   506   506   506 
2008  26.4  27.6  32.7  32.0  32.6  30.5  27.8  27.2  27.8  29.7  29.9  28.1   506   506   506   506   506   506   506   506   506   506   506   506 
2009  27.3  29.8  31.2  34.9  34.4  32.2  27.7  27.5  29.4  32.3  30.5  27.6   506   506   506   506   506   506   506   506   506   506   506   506 
2010  28.0  29.9  32.0  35.4  34.3  31.1  27.6  26.5  27.7  29.9  31.2  27.7   506   506   506   506   506   506   506   506   506   506   506   506 
2011  25.6  29.3  30.4  34.1  33.8  32.2  29.0  26.9  28.4 -99.0 -99.0 -99.0   506   506   506   506   506   506   506   506   506   -99   -99   -99 
2012  26.2  29.5  31.0  33.9  34.1  30.3  27.7  26.6  28.0  30.6  29.6  27.7   506   506   506   506   506   506   506   506   506   506   506   903 
2013  27.5  29.9  31.7 -99.0  34.5  31.3  29.1  26.1  28.6 -99.0  30.5 -99.0   902   900   900   -99   900   900   902   900   900   -99   900   -99 
2014 -99.0  28.0  31.9  33.1  33.1  31.9  27.7  25.5  26.9  28.9  29.3 -99.0   -99   900   900   900   900   900   900   900   900   900   900   -99 
2015  25.9  29.3  33.4 -99.0  33.9  31.7  30.5  27.3  29.0  30.3  30.6  26.1   900   900   900   -99   900   900   900   900   900   900   900   900 
2016 -99.0  29.2  34.2  35.0  33.2  31.2 -99.0  27.5  27.9  30.2 -99.0  28.5   -99   903   900   900   902   900   -99   902   900   900   -99   900 
2017  28.3  27.5 -99.0 -99.0  32.5  31.1  27.7  26.7  28.2  30.2  30.0  29.0   900   902   -99   -99   900   900   903   900   900   900   902   902 
2018  25.6  31.0  32.6  33.7  33.6  29.9  30.1  26.5  28.3  29.7  29.3  29.3   900   900   900   900   902   900   900   902   900   900   900   902 
2019  28.6  29.3  30.6  34.3  34.2  29.1  27.9  25.6  28.2  28.0  30.0  27.9   900   900   900   900   900   900   900   900   900   900   900   900 
2020  24.6 -99.0  31.7 -99.0 -99.0 -99.0 -99.0  25.6 -99.0  31.1  29.6 -99.0   900   -99   900   -99   -99   -99   -99   900   -99   900   900   -99 
