Number= 319310
Name= SVIJAGINO-----------
Country= RUSSIA
Lat=   44.8
Long= -133.0
Height= 99
Start year= 1938
End year= 2016
First Good year= 1938
Source ID= 43
Source file= Jones
Jones data to= 2016
Normals source= Data
Normals source start year= 1961
Normals source end year= 1990
Normals= -18.8 -15.2  -4.8   5.8  13.0  17.6  21.2  20.8  14.3   6.0  -4.7 -14.9 
Standard deviations source= Data
Standard deviations source start year= 1941
Standard deviations source end year= 1990
Standard deviations=   2.1   2.2   2.3   1.4   1.0   1.3   1.3   1.2   0.9   1.0   2.0   2.7 
Obs:
1938 -19.0 -16.4  -4.1   5.5  13.2  17.8  23.0  23.6  13.4   7.2  -6.2 -18.8   506   506   506   506   506   506   506   506   506   506   506   506 
1939 -22.1 -16.4  -3.7   5.6  11.5  16.5  23.5  22.1  14.9   4.4  -5.3 -13.3   506   506   506   506   506   506   506   506   506   506   506   506 
1940 -20.5 -16.6  -4.2   4.2  11.7  18.0  21.8  20.0  14.0   5.9  -3.9 -15.1   506   506   506   506   506   506   506   506   506   506   506   506 
1941 -20.9 -17.5  -9.8   1.9  11.2  18.1  19.1  19.2  14.2   5.7  -2.6 -16.7   506   506   506   506   506   506   506   506   506   506   506   506 
1942 -20.5 -18.7  -3.3   4.7  11.6  18.2  21.8  19.8  13.4   6.0  -5.2 -15.7   506   506   506   506   506   506   506   506   506   506   506   506 
1943 -16.9 -14.0  -3.6   5.0  13.3  18.5  23.0  21.2  15.5   6.7  -6.4 -15.6   506   506   506   506   506   506   506   506   506   506   506   506 
1944 -20.0 -16.1  -4.1   4.4  12.6  18.4  23.5  21.4  15.0   6.0  -8.0 -19.8   506   506   506   506   506   506   506   506   506   506   506   506 
1945 -23.5 -18.7  -6.6   5.0   9.7  16.3  19.0  21.5  14.7   6.7  -3.8 -17.2   506   506   506   506   506   506   506   506   506   506   506   506 
1946 -17.9 -14.6  -7.0   6.3  11.9  20.9  22.2  22.9  14.1   6.4  -3.2 -15.1   506   506   506   506   506   506   506   506   506   506   506   506 
1947 -20.6 -17.0  -9.7   2.9  13.0  16.8  21.5  20.0  14.3   6.4  -8.0 -23.1   506   506   506   506   506   506   506   506   506   506   506   506 
1948 -17.7 -15.1  -8.1   8.0  13.2  18.2  21.9  22.1  13.8   5.6  -4.4 -13.4   506   506   506   506   506   506   506   506   506   506   506   506 
1949 -14.8 -14.0  -9.2   4.4  13.8  16.9  22.8  24.7  14.3   6.7  -5.4 -16.1   506   506   506   506   506   506   506   506   506   506   506   506 
1950 -18.7 -15.4  -5.6   7.3  13.3  18.5  23.3  22.6  13.5   4.8  -8.5 -19.4   506   506   506   506   506   506   506   506   506   506   506   506 
1951 -23.9 -17.5  -7.3   5.7  14.1  16.6  20.8  23.3  13.1   6.3  -4.1 -10.6   506   506   506   506   506   506   506   506   506   506   506   506 
1952 -17.9 -19.0  -5.1   5.6  14.1  18.3  21.2  21.2  13.3   6.4  -7.6 -17.5   506   506   506   506   506   506   506   506   506   506   506   506 
1953 -20.8 -14.9  -3.4   5.0  12.3  18.5  21.2  19.7  13.7   6.6  -8.4 -13.2   506   506   506   506   506   506   506   506   506   506   506   506 
1954 -20.3 -13.6  -7.7   5.5  11.0  15.5  19.4  20.6  14.6   4.5  -5.3 -17.5   506   506   506   506   506   506   506   506   506   506   506   506 
1955 -17.8 -17.5  -9.0   4.2  11.6  17.3  23.5  21.8  14.7   5.4  -4.6  -9.4   506   506   506   506   506   506   506   506   506   506   506   506 
1956 -20.8 -18.7  -7.7   4.4  13.3  16.5  19.0  19.8  15.5   6.8  -9.1 -19.0   506   506   506   506   506   506   506   506   506   506   506   506 
1957 -17.0 -17.5  -9.7   5.3  13.0  16.3  20.4  19.4  12.3   5.5  -2.5 -12.8   506   506   506   506   506   506   506   506   506   506   506   506 
1958 -19.1 -15.1  -7.2   4.1  12.2  17.6  22.3  19.9  14.5   5.5  -3.4 -12.4   506   506   506   506   506   506   506   506   506   506   506   506 
1959 -19.6 -11.6  -0.1 -99.0 -99.0 -99.0  19.5 -99.0 -99.0 -99.0 -99.0 -99.0   506   506   506   -99   -99   -99   506   -99   -99   -99   -99   -99 
1960 -21.5 -10.9  -5.8   4.0  10.4  16.6  21.5  21.0  15.4   4.9  -4.0 -16.0   506   506   506   506   506   506   506   506   506   506   506   506 
1961 -19.6 -16.0  -4.0   5.9  12.4  19.5  23.2  20.9  15.8   6.3  -2.5 -12.4   506   506   506   506   506   506   506   506   506   506   506   506 
1962 -18.2 -14.6  -6.7   5.3  13.2  17.0  21.0  20.3  14.8   4.6  -7.5 -12.9   506   506   506   506   506   506   506   506   506   506   506   506 
1963 -19.7 -99.0  -4.7   6.1  14.3  18.0  21.4  21.3  13.7   5.0  -6.4 -14.6   506   -99   506   506   506   506   506   506   506   506   506   506 
1964 -17.1 -18.6  -4.4   4.5  13.3  16.6  20.0  21.2  12.4   5.8  -5.2 -14.9   506   506   506   506   506   506   506   506   506   506   506   506 
1965 -19.2 -18.0  -7.6   3.3  12.2  19.0  20.3  20.6  14.5   6.6  -5.5 -18.2   506   506   506   506   506   506   506   506   506   506   506   506 
1966 -19.1 -15.3  -5.5   4.4  13.9  18.1  20.8  21.0  12.5   8.5  -3.8 -17.1   506   506   506   506   506   506   506   506   506   506   506   506 
1967 -16.1 -12.1  -3.1   6.1  14.0  16.0  21.5  21.5  13.4   7.3  -6.3 -17.3   506   506   506   506   506   506   506   506   506   506   506   506 
1968 -18.3 -16.0  -2.4   8.5  12.3  17.7  21.1  19.4  14.1   4.4  -2.3 -11.6   506   506   506   506   506   506   506   506   506   506   506   506 
1969 -19.6 -18.1  -5.7   5.0  11.1  15.1  21.2  20.2  13.1   6.3  -7.0 -18.7   506   506   506   506   506   506   506   506   506   506   506   506 
1970 -22.0 -14.8  -9.8   6.7  13.8  18.4  22.1  21.1  15.5   5.1  -3.5 -14.0   506   506   506   506   506   506   506   506   506   506   506   506 
1971 -17.6 -14.4  -6.6   5.8  12.1  17.2  20.0  18.8  13.8   7.0  -2.6 -12.9   506   506   506   506   506   506   506   506   506   506   506   506 
1972 -17.6 -16.7  -4.6   6.1  11.9  17.7  22.2  19.4  12.9   6.5  -6.3 -15.8   506   506   506   506   506   506   506   506   506   506   506   506 
1973 -18.5 -12.9  -7.3   4.6  12.6  17.7  23.1  21.5  14.3   5.1  -3.6 -13.6   506   506   506   506   506   506   506   506   506   506   506   506 
1974 -18.1 -15.5  -3.6   5.4  12.6  15.4  20.8  20.8  14.9   5.3  -5.4 -18.1   506   506   506   506   506   506   506   506   506   506   506   506 
1975 -16.7 -14.7  -4.0   8.3  14.2  18.2  20.3  21.1  15.4   6.9  -2.4 -15.1   506   506   506   506   506   506   506   506   506   506   506   506 
1976 -17.2 -13.4  -3.2   5.2  13.5  16.6  22.3  18.8  13.6   5.3  -8.7 -18.0   506   506   506   506   506   506   506   506   506   506   506   506 
1977 -24.2 -18.2  -4.0   4.6  13.2  16.1  18.6  20.5  14.6   7.3  -4.1 -16.6   506   506   506   506   506   506   506   506   506   506   506   506 
1978 -20.1 -19.0  -5.1   5.4  12.7  20.4  23.5  20.7  14.7   4.7  -3.2 -14.8   506   506   506   506   506   506   506   506   506   506   506   506 
1979 -16.9 -14.3  -4.5   4.1  12.7  18.4  21.0  20.2  14.3   6.4  -5.8 -10.7   506   506   506   506   506   506   506   506   506   506   506   506 
1980 -20.3 -14.6  -3.0   3.7  13.1  19.4  20.9  20.4  13.7   5.6  -2.4 -16.0   506   506   506   506   506   506   506   506   506   506   506   506 
1981 -19.2 -14.6  -5.7   7.0  12.1  16.5  22.0  19.4  13.6   7.0  -7.6 -12.1   506   506   506   506   506   506   506   506   506   506   506   506 
1982 -17.6 -12.8  -2.6   7.3  13.2  18.0  21.6  23.1  14.7   5.8  -3.7 -12.7   506   506   506   506   506   506   506   506   506   506   506   506 
1983 -16.2 -16.0  -3.9   8.5  12.1  13.8  19.4  21.1  16.3   4.8  -4.4 -16.7   506   506   506   506   506   506   506   506   506   506   506   506 
1984 -20.6 -17.9  -9.2   4.5  14.6  17.5  21.6  21.3  14.0   4.7  -3.7 -14.8   506   506   506   506   506   506   506   506   506   506   506   506 
1985 -21.5 -13.8  -5.2   6.8  13.8  17.7  21.5  22.7  14.1   6.5  -5.1 -18.1   506   506   506   506   506   506   506   506   506   506   506   506 
1986 -20.0 -14.8  -3.3   5.8  13.4  17.3  19.7  20.7  14.2   3.7  -4.4 -13.5   506   506   506   506   506   506   506   506   506   506   506   506 
1987 -20.2 -13.5  -5.7   5.3  12.9  19.5  21.0  20.2  14.1   7.2  -7.6 -14.4   506   506   506   506   506   506   506   506   506   506   506   506 
1988 -14.2 -17.5  -4.6   6.2  12.0  18.8  20.3  23.0  15.0   5.9  -4.9 -13.0   506   506   506   506   506   506   506   506   506   506   506   506 
1989 -16.7 -11.5  -2.7   7.9  11.8  17.1  21.5  21.3  14.4   6.7  -3.5 -15.1   506   506   506   506   506   506   506   506   506   506   506   506 
1990 -21.8 -11.7  -1.3   6.9  13.8  18.2  21.1  21.4  15.1   8.8  -1.1 -12.1   506   506   506   506   506   506   506   506   506   506   506   506 
1991 -19.5 -14.2  -4.9   6.8  13.9  18.7  20.5  21.3  14.8   7.8  -2.9 -15.7   506   506   506   506   506   506   506   506   506   506   506   506 
1992 -15.9 -12.6  -2.2   6.1  11.9  17.4  21.2  20.3  14.3   6.9  -6.7 -15.0   506   506   506   506   506   506   506   506   506   506   506   506 
1993 -17.7 -10.6  -2.7   5.4  13.2  16.8  21.1  19.3  14.9   6.8  -4.0 -14.2   506   506   506   506   506   506   506   506   506   506   506   506 
1994 -21.4 -12.6  -5.7   6.3  12.7  18.3  23.4  22.8  16.0   7.6  -2.3 -14.7   506   506   506   506   506   506   506   506   506   506   506   506 
1995 -15.7 -13.1  -3.5   5.8  12.8  18.0  22.3  20.7  13.9   8.8  -3.4 -12.6   506   506   506   506   506   506   506   506   506   506   506   506 
1996 -17.5 -12.5  -2.6   6.3  12.9  17.1  21.0  20.2  14.8   5.6  -4.4 -15.3   506   506   506   506   506   506   506   506   506   506   506   506 
1997 -19.5 -12.1  -4.9 -99.0 -99.0 -99.0 -99.0 -99.0 -99.0 -99.0 -99.0 -99.0   506   506   506   -99   -99   -99   -99   -99   -99   -99   -99   -99 
1998 -99.0 -99.0 -99.0 -99.0 -99.0 -99.0 -99.0 -99.0 -99.0 -99.0  -7.8 -14.2   -99   -99   -99   -99   -99   -99   -99   -99   -99   -99   506   506 
1999 -15.5 -12.9  -7.7   6.2  12.5  18.0  23.0  21.2  15.3   6.1  -2.9 -13.7   506   506   506   506   506   506   506   506   506   506   506   506 
2000 -21.0 -16.4  -4.2   5.1  14.1  19.1  22.7  22.5  15.5   6.0  -6.8 -18.9   506   506   506   506   506   506   506   506   506   506   506   506 
2001 -22.6 -16.8  -5.4   7.6  13.8  18.3  21.8  20.7  14.0   7.9  -2.0 -15.5   506   506   506   506   506   506   506   506   506   506   506   506 
2002 -14.4  -8.7  -0.5   7.8  14.2  16.6  20.5  19.0  14.9   4.0 -10.8 -16.7   506   506   506   506   506   506   506   506   506   506   506   506 
2003 -18.2 -14.8  -2.6   8.4  13.6  19.1  19.5  20.4  15.3   7.3  -3.9 -13.1   506   506   506   506   506   506   506   506   506   506   506   506 
2004 -18.0 -11.1  -4.1   5.7  13.8  19.3  20.8  20.2  15.7   7.6  -1.2 -16.9   506   506   506   506   506   506   506   506   506   506   506   506 
2005 -18.1 -17.0  -5.8   6.4  11.2  19.8  20.6  21.2  15.6   7.2  -1.8 -16.4   506   506   506   506   506   506   506   506   506   506   506   506 
2006 -19.8 -13.1  -4.5   3.6  14.5  16.7  21.6  22.2  15.3   6.7  -4.3 -13.0   506   506   506   506   506   506   506   506   506   506   506   506 
2007 -12.6  -9.3  -5.5   5.4  12.6  19.2  19.9  22.1  16.1   6.8  -4.3 -11.2   506   506   506   506   506   506   506   506   506   506   506   506 
2008 -20.4 -13.3   0.8   9.3  12.0  18.6  22.0  20.5  15.5   8.4  -4.3 -11.3   506   506   506   506   506   506   506   506   506   506   506   506 
2009 -16.4 -13.9  -5.1   7.1  15.4  16.7  19.7  20.6  14.3   7.2  -6.9 -19.2   506   506   506   506   506   506   506   506   506   506   506   506 
2010 -17.9 -16.6  -8.2   3.6  13.8  21.2  22.1  22.4  15.5   6.0  -4.0 -17.3   506   506   506   506   506   506   506   506   506   506   506   506 
2011 -21.4 -13.1  -5.7   5.8  12.0  17.7  22.3  21.7  14.2   8.3  -3.5 -16.6   506   506   506   506   506   506   506   506   506   506   506   506 
2012 -23.0 -14.2  -4.1   6.0  14.0  18.2  21.9  20.9  16.6   6.4  -3.0 -19.7   506   506   506   506   506   506   506   506   506   506   506   506 
2013 -22.5 -15.6  -5.6   3.5  14.3  19.6  22.0  21.6  14.9   6.9  -0.9 -13.4   506   506   506   506   506   506   506   506   506   506   506   506 
2014 -18.1 -15.0  -2.6   7.8  13.3  19.5  22.2  20.6  14.7   5.9  -2.3 -18.0   506   506   506   506   506   506   506   506   506   506   506   506 
2015 -17.8 -12.8  -1.3   7.7  12.8  18.3  21.1  21.4  15.7   6.9  -5.2 -12.3   506   506   506   506   506   506   506   506   506   506   506   506 
2016 -17.6 -13.0  -1.1   6.3  14.0  17.0  21.5  21.8  15.8 -99.0 -99.0 -99.0   506   506   506   506   506   506   506   506   506   -99   -99   -99 
