Number= 371961
Name= KLUHORSKIJ PEREVAL
Country= RUSSIAN FEDER
Lat=   43.3
Long=  -41.8
Height= 2037
Start year= 1959
End year= 2011
First Good year= 1959
Source ID= 73
Source file= Jones
Jones data to= 2011
Normals source= Data
Normals source start year= 1961
Normals source end year= 1990
Normals=  -5.5  -4.9  -2.0   2.9   7.1  10.1  12.9  12.6   9.4   5.0   0.8  -3.1 
Standard deviations source= Data
Standard deviations source start year= 1959
Standard deviations source end year= 1990
Standard deviations=   2.3   2.2   1.6   1.7   1.2   1.0   1.2   1.3   1.3   1.8   2.0   1.8 
Obs:
1959 -99.0 -99.0 -99.0 -99.0 -99.0 -99.0  13.7  11.6   5.9   1.9  -0.4  -0.1   -99   -99   -99   -99   -99   -99   506   506   506   506   506   506 
1960  -2.5  -4.0  -3.1   2.3   7.5   9.4  12.9  10.9   9.8   8.0   3.1  -0.1   506   506   506   506   506   506   506   506   506   506   506   506 
1961  -5.5  -4.4  -4.2   2.9   9.1  11.5  11.8  12.5   6.4   4.8   1.5  -0.7   506   506   506   506   506   506   506   506   506   506   506   506 
1962  -3.5  -3.9   0.9   3.0   7.6  10.1  14.7  13.2  10.9   5.7   4.0  -1.1   506   506   506   506   506   506   506   506   506   506   506   506 
1963  -2.8 -99.0  -4.3   2.5   5.4   8.8  12.2  12.1   9.7   5.3   0.5  -4.0   506   -99   506   506   506   506   506   506   506   506   506   506 
1964 -10.2  -4.5  -1.1   1.3   6.1  11.5  12.2  10.2   9.2   5.7  -0.3  -1.9   506   506   506   506   506   506   506   506   506   506   506   506 
1965  -5.5  -5.4  -1.4   0.5   6.0  10.3  12.4  13.4   9.6   1.5   0.7  -0.2   506   506   506   506   506   506   506   506   506   506   506   506 
1966 -99.0 -99.0  -0.1   4.3   6.7   9.8  14.5  13.6   9.2   7.2   5.8  -0.7   -99   -99   506   506   506   506   506   506   506   506   506   506 
1967  -4.8  -8.9  -2.8   2.1   8.3   8.4  10.6  12.1   8.6   7.0   0.2  -2.4   506   506   506   506   506   506   506   506   506   506   506   506 
1968  -6.4  -4.4  -3.2   3.8   9.1   8.8  13.2  11.9  10.5   5.6   3.0  -2.1   506   506   506   506   506   506   506   506   506   506   506   506 
1969  -5.8  -4.5  -2.0   1.9   7.6  12.7  11.4  13.9   8.7   3.6   2.6  -1.2   506   506   506   506   506   506   506   506   506   506   506   506 
1970  -3.1  -1.8  -0.3   5.3   6.9   9.7  13.2  11.6   8.5   3.4   1.5  -4.4   506   506   506   506   506   506   506   506   506   506   506   506 
1971  -0.9  -6.0  -0.3   2.6   8.5   9.0  14.4  12.4  11.9   2.6   0.9  -5.6   506   506   506   506   506   506   506   506   506   506   506   506 
1972 -10.1  -5.5  -4.0   4.9   6.8  11.2  14.3  14.5   9.6   7.3   1.3  -6.9   506   506   506   506   506   506   506   506   506   506   506   506 
1973  -7.3  -2.5  -3.1   2.7   7.0   8.7  12.2  12.2   9.1   5.8  -2.3  -3.9   506   506   506   506   506   506   506   506   506   506   506   506 
1974  -7.9  -3.6  -0.5   0.1   7.1  11.1  12.1  11.9   8.2  10.1   1.0  -3.0   506   506   506   506   506   506   506   506   506   506   506   506 
1975  -5.3  -6.9  -2.4   6.9   7.7  12.2  14.3  12.9   8.8   3.9  -0.9  -4.3   506   506   506   506   506   506   506   506   506   506   506   506 
1976  -5.5  -9.6  -3.5   3.0   5.3   9.4  11.7  13.0   8.3   4.8   3.0  -2.1   506   506   506   506   506   506   506   506   506   506   506   506 
1977  -7.8  -0.2  -1.6   4.3   7.5   9.9  12.2  12.9   9.2   1.8   1.4  -5.4   506   506   506   506   506   506   506   506   506   506   506   506 
1978  -5.2  -1.8   0.8   0.7   5.8   8.4  13.8  11.2  10.4   5.5  -3.3  -3.1   506   506   506   506   506   506   506   506   506   506   506   506 
1979  -3.3  -4.1  -0.7   2.5   8.5  10.0  11.5  15.5  11.3   3.9   2.7  -3.3   506   506   506   506   506   506   506   506   506   506   506   506 
1980  -7.3  -4.6  -2.0   1.6   7.7  11.2  15.7  12.0   8.3   4.9   2.3  -1.6   506   506   506   506   506   506   506   506   506   506   506   506 
1981  -3.0  -3.5  -1.0   0.5   5.2  10.9  14.0  11.9  10.5   7.4  -0.4   0.2   506   506   506   506   506   506   506   506   506   506   506   506 
1982  -6.3  -7.6  -3.9   4.4   7.7   9.6  11.6  11.5   9.2   4.5  -2.0  -2.6   506   506   506   506   506   506   506   506   506   506   506   506 
1983  -7.8 -99.0 -99.0   4.0   7.9   9.3  13.6  11.6   8.3   5.2   0.5  -3.6   506   -99   -99   506   506   506   506   506   506   506   506   506 
1984  -2.2  -5.8  -0.7   2.0   6.7   9.9  13.1  10.0  10.9   4.6  -0.3  -6.8   506   506   506   506   506   506   506   506   506   506   506   506 
1985  -3.5  -9.3  -4.2   3.9   9.4  10.0  11.3  14.6   8.6   3.5   2.7  -4.4   506   506   506   506   506   506   506   506   506   506   506   506 
1986  -3.1  -3.8  -2.0   5.1   4.5   9.9  13.3  14.5  11.3   5.3  -2.4  -4.1   506   506   506   506   506   506   506   506   506   506   506   506 
1987  -3.6  -3.6  -5.2   0.3   7.1  10.6  13.2  12.0   8.7   3.2   0.6  -3.0   506   506   506   506   506   506   506   506   506   506   506   506 
1988  -5.7  -4.5  -2.4   3.2   5.5  10.1  13.0  12.5   8.7   5.6  -2.3  -2.9   506   506   506   506   506   506   506   506   506   506   506   506 
1989  -8.8  -6.7   0.2   6.3   7.3  10.4  13.4  13.8   9.1   4.3  -0.1  -4.0   506   506   506   506   506   506   506   506   506   506   506   506 
1990  -7.3  -5.3  -1.9   1.6   6.9  10.1  13.4  11.2   9.7   5.3   2.3  -2.9   506   506   506   506   506   506   506   506   506   506   506   506 
1991  -6.7  -7.0  -0.8   4.0   6.0  10.9  14.1  13.4   9.3   7.4   0.3  -4.8   506   506   506   506   506   506   506   506   506   506   506   506 
1992  -9.4  -9.1  -3.1   0.7   5.8   9.7  11.6  12.2   8.0   5.4  -0.9  -6.0   506   506   506   506   506   506   506   506   506   506   506   506 
1993  -8.2  -8.1  -2.8   0.6   6.5   9.3  12.6  12.4   9.5   5.5  -4.0  -0.8   506   506   506   506   506   506   506   506   506   506   506   506 
1994  -2.4  -6.8  -1.7   5.7   7.4   9.9  12.8  11.8  12.5   7.0  -0.7  -6.8   506   506   506   506   506   506   506   506   506   506   506   506 
1995  -2.9  -2.5   0.2   2.7   8.6  10.8  12.0  12.9   9.8   3.7   0.0  -4.8   506   506   506   506   506   506   506   506   506   506   506   506 
1996  -5.3  -2.2  -1.9   2.1   8.8   9.2  14.4  12.9   8.4   4.9   1.1   0.0   506   506   506   506   506   506   506   506   506   506   506   506 
1997  -5.7  -7.3  -6.2   1.4   7.7  10.6  12.1  13.4   6.6   6.3   1.3  -1.9   506   506   506   506   506   506   506   506   506   506   506   506 
1998  -6.6  -6.3  -2.4   4.9 -99.0  13.3  14.1  14.9  10.7   8.0   2.2  -1.4   506   506   506   506   -99   506   506   506   506   506   506   506 
1999  -2.4  -3.5  -0.1   3.6   5.4  10.7  14.2  14.6   9.0   4.4  -2.3   1.0   506   506   506   506   506   506   506   506   506   506   506   506 
2000  -7.4  -5.4  -4.2   5.2   5.6  10.0  16.8  13.6   9.6   4.0   0.7  -2.5   506   506   506   506   506   506   506   506   506   506   506   506 
2001  -4.8  -3.8   1.3   3.8   5.3  10.9  14.5  13.9  10.1   3.5   0.4  -2.6   506   506   506   506   506   506   506   506   506   506   506   506 
2002  -5.7  -2.2   0.4   1.1   5.9   9.8  13.8  11.8  10.7   7.1   2.6  -7.4   506   506   506   506   506   506   506   506   506   506   506   506 
2003  -3.4  -6.7  -5.2   1.8   8.3   9.4  12.4  13.4   9.0   7.0   0.2  -3.1   506   506   506   506   506   506   506   506   506   506   506   506 
2004  -3.1  -4.7  -1.5   1.5   6.6  10.2  12.4  13.5   9.6   6.1  -0.3  -4.6   506   506   506   506   506   506   506   506   506   506   506   506 
2005 -99.0 -99.0 -99.0 -99.0 -99.0 -99.0 -99.0 -99.0 -99.0 -99.0 -99.0 -99.0   -99   -99   -99   -99   -99   -99   -99   -99   -99   -99   -99   -99 
2006  -7.2  -4.0  -0.1   3.2   7.3  13.1  12.2  17.6  10.0   6.3  -1.8  -5.3   506   506   506   506   506   506   506   506   506   506   506   506 
2007  -3.8  -4.8  -2.3  -0.7   9.5  11.0  14.0  14.3  11.5   6.9  -1.5  -5.4   506   506   506   506   506   506   506   506   506   506   506   506 
2008 -10.2  -7.7   2.0   5.5   4.9   9.8  13.8  14.6   9.7   5.9   0.9  -4.3   506   506   506   506   506   506   506   506   506   506   506   506 
2009  -4.2  -2.4  -2.9   0.6   5.6  11.7  12.6  10.7   8.3   8.1   0.8  -0.7   506   506   506   506   506   506   506   506   506   506   506   506 
2010 -99.0 -99.0 -99.0   2.3   7.3 -99.0  15.2  15.2  12.3   5.6 -99.0 -99.0   -99   -99   -99   506   506   -99   506   506   506   506   -99   -99 
2011  -4.5  -6.4  -1.7   1.3   7.1  11.0  15.5  13.0   8.7 -99.0 -99.0 -99.0   506   506   506   506   506   506   506   506   506   -99   -99   -99 
