Number= 376980
Name= ANQAVAN
Country= ARMENIAN
Lat=   40.6
Long=  -44.5
Height= -9999
Start year= 2001
End year= 2012
First Good year= 2001
Source ID= 98
Source file= Jones
Jones data to= 2012
Normals source start year= 2001
Normals source end year= 1990
Normals= -99.0 -99.0 -99.0 -99.0 -99.0 -99.0 -99.0 -99.0 -99.0 -99.0 -99.0 -99.0 
Standard deviations source= Data
Standard deviations source start year= 2001
Standard deviations source end year= 1990
Obs:
2001 -99.0 -99.0 -99.0 -99.0 -99.0 -99.0 -99.0 -99.0 -99.0 -99.0 -99.0 -99.0   -99   -99   -99   -99   -99   -99   -99   -99   -99   -99   -99   -99 
2002 -99.0 -99.0 -99.0 -99.0 -99.0 -99.0 -99.0 -99.0 -99.0 -99.0 -99.0 -99.0   -99   -99   -99   -99   -99   -99   -99   -99   -99   -99   -99   -99 
2003 -99.0 -99.0 -99.0 -99.0 -99.0 -99.0 -99.0 -99.0 -99.0 -99.0 -99.0 -99.0   -99   -99   -99   -99   -99   -99   -99   -99   -99   -99   -99   -99 
2004 -99.0 -99.0 -99.0 -99.0 -99.0 -99.0 -99.0 -99.0 -99.0 -99.0 -99.0 -99.0   -99   -99   -99   -99   -99   -99   -99   -99   -99   -99   -99   -99 
2005 -99.0 -99.0 -99.0 -99.0 -99.0 -99.0 -99.0 -99.0 -99.0 -99.0 -99.0 -99.0   -99   -99   -99   -99   -99   -99   -99   -99   -99   -99   -99   -99 
2006 -99.0 -99.0 -99.0 -99.0 -99.0 -99.0 -99.0 -99.0 -99.0 -99.0 -99.0 -99.0   -99   -99   -99   -99   -99   -99   -99   -99   -99   -99   -99   -99 
2007  -8.4  -6.7  -2.4   1.5   9.9  12.4  14.5  15.0  13.2   7.6  -1.5  -7.3   506   506   506   506   506   506   506   506   506   506   506   506 
2008 -12.1  -9.0   2.5   7.3   6.9  10.9  15.2  16.1  11.2   6.2   0.6  -5.0   506   506   506   506   506   506   506   506   506   506   506   506 
2009  -7.2  -3.7  -2.1   1.7   7.7  11.4  13.7  11.3   9.5   7.5   1.6  -1.7   506   506   506   506   506   506   506   506   506   506   506   506 
2010  -3.3  -1.8   1.7   3.5   7.8  14.1  16.4  14.9  12.7   7.6   2.1  -1.7   506   506   506   506   506   506   506   506   506   506   506   506 
2011  -6.8  -7.4  -3.1   3.3   8.4  12.3  16.5  14.3  10.2   4.7  -5.1  -6.6   506   506   506   506   506   506   506   506   506   506   506   506 
2012  -6.2  -9.4  -6.8   5.7  10.0  13.3  14.7  17.2  13.5 -99.0 -99.0 -99.0   506   506   506   506   506   506   506   506   506   -99   -99   -99 
