Number= 155050
Name= VRATZA
Country= BULGARIA
Lat=   43.2
Long=  -23.5
Height= 309
Start year= 1951
End year= 2000
First Good year= 1951
Source ID= 10
Source file= Jones
Jones data to= 2000
Normals source= Data
Normals source start year= 1961
Normals source end year= 1990
Normals=  -0.9   0.9   5.7  11.7  16.4  19.7  21.8  21.4  17.8  11.8   6.2   1.5 
Standard deviations source= Data
Standard deviations source start year= 1951
Standard deviations source end year= 1990
Standard deviations=   2.6   3.0   2.6   1.9   1.6   1.0   1.2   1.7   1.7   1.8   2.4   2.2 
Obs:
1951   0.4   0.8   7.9  12.4  17.6  20.1  21.8  22.8  18.4   8.2   7.8   3.4   506   506   506   506   506   506   506   506   506   506   506   506 
1952   2.4   2.6   3.9  13.4  14.8  20.2  21.1  25.7  20.3  13.0   5.9   2.0   506   506   506   506   506   506   506   506   506   506   506   506 
1953   0.7   1.3   4.4  11.4  15.1  20.4  23.0  21.4  18.4  10.4   2.9  -0.7   506   506   506   506   506   506   506   506   506   506   506   506 
1954 -99.0 -99.0 -99.0 -99.0 -99.0 -99.0 -99.0 -99.0 -99.0 -99.0 -99.0 -99.0   -99   -99   -99   -99   -99   -99   -99   -99   -99   -99   -99   -99 
1955  -0.1   2.7   3.3   7.4  17.0  19.4  20.9  18.9  17.0  13.2   4.0   4.7   506   506   506   506   506   506   506   506   506   506   506   506 
1956   1.7  -8.5   0.2  12.5  15.3  18.7  20.9  23.4  17.7  12.1   1.9   0.3   506   506   506   506   506   506   506   506   506   506   506   506 
1957 -99.0 -99.0   6.5  11.2  13.9 -99.0  21.6  20.8 -99.0  10.2 -99.0  -0.2   -99   -99   506   506   506   -99   506   506   -99   506   -99   506 
1958   0.1   0.2   2.7   9.5  19.5  20.6  23.9  24.2  16.6  11.0   5.4   4.6   506   506   506   506   506   506   506   506   506   506   506   506 
1959   0.0  -1.1   6.2  11.4  15.4  17.8  21.7  20.7  14.3   9.2   4.2   1.7   506   506   506   506   506   506   506   506   506   506   506   506 
1960   0.1   2.0   3.8   9.4  14.9  19.1  20.3  22.5  15.3  15.8  10.0   6.4   506   506   506   506   506   506   506   506   506   506   506   506 
1961  -2.3   2.3   8.9  14.5  14.5  19.9  21.3  21.9  18.8  12.7   9.6   0.4   506   506   506   506   506   506   506   506   506   506   506   506 
1962   1.1  -0.4   3.0  11.8  18.1  19.1  22.6  24.5  18.8  11.6   8.1  -3.4   506   506   506   506   506   506   506   506   506   506   506   506 
1963  -7.2  -0.9   3.8  10.5  16.2  20.8  23.0  24.4  19.3  11.9  11.0  -1.7   506   506   506   506   506   506   506   506   506   506   506   506 
1964  -3.7  -0.5   3.6  12.6  14.3  21.0  21.5  20.7  16.4  14.1   7.6   1.4   506   506   506   506   506   506   506   506   506   506   506   506 
1965   0.1  -2.9   4.3   8.4  15.5  20.5  23.7  20.3  20.0  12.2   6.8   3.7   506   506   506   506   506   506   506   506   506   506   506   506 
1966  -2.5   8.0   6.1  13.1  16.5  18.3  21.9  21.8  17.7  15.4   6.0   1.6   506   506   506   506   506   506   506   506   506   506   506   506 
1967  -1.5   1.1   7.3  11.1  16.9  18.3  21.9  23.1  18.9  14.3   7.0   2.0   506   506   506   506   506   506   506   506   506   506   506   506 
1968  -0.7   3.1   6.4  15.2  19.5  20.1  21.8  19.6  17.5  11.8   5.5  -1.2   506   506   506   506   506   506   506   506   506   506   506   506 
1969  -6.2  -1.4   0.4  10.6  20.1  19.2  19.8  21.7  17.5  11.3  10.5  -1.4   506   506   506   506   506   506   506   506   506   506   506   506 
1970  -1.3   2.1   6.4  13.0  14.3  19.6  21.2  21.2  17.7  10.4   9.1   2.1   506   506   506   506   506   506   506   506   506   506   506   506 
1971   0.2   1.6   4.4  11.5  17.4  19.5  20.9  22.5  14.9  10.9   6.5   3.7   506   506   506   506   506   506   506   506   506   506   506   506 
1972  -3.2  -0.4   6.7  14.1  16.8  21.9  21.4  20.7  14.2   8.5   7.9  -0.9   506   506   506   506   506   506   506   506   506   506   506   506 
1973  -2.9   3.0   3.4  11.2  17.6  19.4  21.8  20.4  17.9  12.0   4.7   1.8   506   506   506   506   506   506   506   506   506   506   506   506 
1974  -1.3   3.0   5.4   9.1  15.1  18.9  21.8  22.6  19.1  12.3   4.4   3.7   506   506   506   506   506   506   506   506   506   506   506   506 
1975   1.0   0.5  10.0  13.5  16.9  19.2  21.5  19.3  19.2  11.4   2.8   1.6   506   506   506   506   506   506   506   506   506   506   506   506 
1976   2.9  -2.9   3.9  11.7  15.6  17.8  20.5  17.4  16.1   9.6   6.5   1.1   506   506   506   506   506   506   506   506   506   506   506   506 
1977   0.2   7.7   8.7  11.3  16.7  19.0  21.9  21.2  14.8  11.4   8.3  -2.1   506   506   506   506   506   506   506   506   506   506   506   506 
1978  -0.7  -0.5   6.5  10.7  14.5  19.3  21.4  20.6  16.1  11.7   4.1   3.0   506   506   506   506   506   506   506   506   506   506   506   506 
1979   0.2   0.9   8.6  10.7  16.1  20.8  20.5  19.9  17.9   8.6   7.2   4.1   506   506   506   506   506   506   506   506   506   506   506   506 
1980  -3.6   0.9   4.0  10.0  14.1  20.0  22.1  20.3  16.5  14.0   6.0   1.8   506   506   506   506   506   506   506   506   506   506   506   506 
1981  -1.6   1.2   8.4  10.8  14.8  21.0  20.9  20.4  17.6  14.0   5.6   2.1   506   506   506   506   506   506   506   506   506   506   506   506 
1982  -0.7  -1.6   4.0   9.3  16.9  20.8  21.1  21.4  19.8  11.9   3.6   4.9   506   506   506   506   506   506   506   506   506   506   506   506 
1983   4.8   1.6   8.5  14.2  18.3  17.6  22.0  21.1  17.2  11.0   2.8   0.1   506   506   506   506   506   506   506   506   506   506   506   506 
1984   2.3  -0.9   3.2   9.0  16.8  19.6  21.0  19.9  19.6  15.7   5.0  -0.8   506   506   506   506   506   506   506   506   506   506   506   506 
1985  -6.0  -3.1   2.5  13.5  18.8  19.4  22.9  22.8  17.8  10.8   4.0   5.4   506   506   506   506   506   506   506   506   506   506   506   506 
1986   2.3  -3.9   3.7  14.3  17.8  19.7  20.0  22.8  18.7  11.0   3.9   1.6   506   506   506   506   506   506   506   506   506   506   506   506 
1987  -1.7   0.1   1.0  10.7  15.1  21.1  24.8  21.6  21.4  10.0   7.9   2.6   506   506   506   506   506   506   506   506   506   506   506   506 
1988   2.4   3.6   6.3   9.6  15.5  19.5  25.0  23.5  18.0  10.1   0.8   2.6   506   506   506   506   506   506   506   506   506   506   506   506 
1989   2.2   0.0   9.7  14.7  15.1  17.8  21.3  21.4  16.6  11.6   4.8   4.1   506   506   506   506   506   506   506   506   506   506   506   506 
1990   0.4   5.5  10.7  11.6  16.2  20.4  23.5  21.9  17.1  12.3   8.7   0.0   506   506   506   506   506   506   506   506   506   506   506   506 
1991   1.1  -1.8   5.6  10.2  13.9  20.7  21.4  20.2  17.8  11.4   5.3  -1.5   506   506   506   506   506   506   506   506   506   506   506   506 
1992   1.7   2.9   7.5  12.3  15.3  19.4  21.4  25.3  17.6  14.6   7.9  -0.2   506   506   506   506   506   506   506   506   506   506   506   506 
1993   2.0   0.0   4.7  11.5  17.2  21.8  23.5  23.8  18.6  14.5  -0.9   4.5   506   506   506   506   506   506   506   506   506   506   506   506 
1994   3.1   1.7   9.8  12.9  18.0  20.6  22.4  23.4  21.9  11.5   6.6   2.2   506   506   506   506   506   506   506   506   506   506   506   506 
1995  -1.0   7.1   6.2  11.6  15.6  20.2  22.9  20.7  16.5  11.6   3.3   0.0   506   506   506   506   506   506   506   506   506   506   506   506 
1996  -3.2  -2.5   0.5  10.8  18.5  21.7  22.7  22.1  14.3  11.6   7.5   0.9   506   506   506   506   506   506   506   506   506   506   506   506 
1997  -0.6   4.2   5.4   7.4  17.8  20.7  22.3  19.9  15.9   9.3   5.8   1.4   506   506   506   506   506   506   506   506   506   506   506   506 
1998   2.9   5.3   4.6  14.4  16.1  21.9  23.7  23.3  16.3  12.9   3.3  -2.3   506   506   506   506   506   506   506   506   506   506   506   506 
1999   1.0   2.7   7.7  12.6  16.5  20.7  22.6  22.8  18.5  11.8   4.9   3.4   506   506   506   506   506   506   506   506   506   506   506   506 
2000  -2.4   4.3   7.7  14.7  18.2  22.0  24.9  25.0  17.0  11.9   8.5   4.3   506   506   506   506   506   506   506   506   506   506   506   506 
