Number= 517650
Name= TIEGANLIKE
Country= CHINA
Lat=   40.6
Long=  -87.7
Height= 846
Start year= 1957
End year= 2016
First Good year= 1957
Source ID= 68
Source file= Jones
Jones data to= 2016
Normals source= Data
Normals source start year= 1961
Normals source end year= 1990
Normals=  -8.4  -3.3   5.8  14.0  20.3  24.1  25.8  24.8  18.9  10.9   1.5  -6.5 
Standard deviations source= Data
Standard deviations source start year= 1957
Standard deviations source end year= 1990
Standard deviations=   1.7   2.0   1.3   1.3   1.3   0.9   0.8   0.7   0.8   1.1   1.5   1.9 
Obs:
1957  -8.0  -4.5   7.2  12.6  17.3  23.8  25.2  24.5  18.2  10.2   2.1  -3.4   506   506   506   506   506   506   506   506   506   506   506   506 
1958  -7.6  -0.8   7.2  15.2  18.8  22.9  26.8  23.8  19.5  10.2   1.0  -4.2   506   506   506   506   506   506   506   506   506   506   506   506 
1959  -7.0  -1.4   5.3  16.0  17.2  22.5  26.1  24.1  20.4  12.7   0.4  -6.7   506   506   506   506   506   506   506   506   506   506   506   506 
1960  -8.6   1.3   6.4  12.0  18.2  22.7  25.9  24.3  19.0   9.2  -0.7  -6.7   506   506   506   506   506   506   506   506   506   506   506   506 
1961  -8.9  -3.2   5.5  14.8  18.7  24.0  25.6  23.4  18.6   9.3   0.9  -6.5   506   506   506   506   506   506   506   506   506   506   506   506 
1962  -9.6  -3.5   5.2  12.4  20.7  23.8  25.4  24.8  18.6  11.3  -0.4  -8.5   506   506   506   506   506   506   506   506   506   506   506   506 
1963  -8.8  -1.9   8.9  12.0  20.3  23.6  25.3  24.3  18.5  11.4   3.0  -7.7   506   506   506   506   506   506   506   506   506   506   506   506 
1964  -9.3  -6.6   6.9  15.4  18.8  23.7  25.2  25.3  18.9  10.2   0.8  -6.7   506   506   506   506   506   506   506   506   506   506   506   506 
1965  -6.4  -2.9   5.7  15.5  20.9  24.8  25.1  24.6  18.8  12.0   2.6  -8.0   506   506   506   506   506   506   506   506   506   506   506   506 
1966  -8.1  -1.0   7.2  13.2  17.9  25.0  24.9  25.4  19.6  10.5   0.1  -8.7   506   506   506   506   506   506   506   506   506   506   506   506 
1967 -14.3  -4.9   5.3  13.6  21.2  24.0  25.5  23.8  18.7  10.5  -1.8  -7.9   506   506   506   506   506   506   506   506   506   506   506   506 
1968  -8.3  -4.7   7.0  12.6  20.3  24.8  25.5  23.3  17.4  10.6   1.7  -5.7   506   506   506   506   506   506   506   506   506   506   506   506 
1969 -11.1  -7.5   7.0  14.3  21.8  23.5  26.4  24.0  17.7  11.9   1.8  -5.6   506   506   506   506   506   506   506   506   506   506   506   506 
1970  -7.9  -1.9   2.6  13.1  20.6  23.0  26.0  25.4  18.5  10.3   0.8  -5.8   506   506   506   506   506   506   506   506   506   506   506   506 
1971  -8.2  -1.9   6.9  14.4  19.6  23.8  25.9  25.6  18.2  10.2   3.0  -3.3   506   506   506   506   506   506   506   506   506   506   506   506 
1972  -6.4  -6.4   6.6  14.0  21.7  24.0  24.4  25.8  18.5   9.7   1.5  -6.4   506   506   506   506   506   506   506   506   506   506   506   506 
1973  -8.5  -1.9   6.5  15.6  19.4  23.3  26.8  25.4  20.2  10.4   3.1  -5.4   506   506   506   506   506   506   506   506   506   506   506   506 
1974  -7.3  -4.8   4.4  16.3  21.5  24.4  26.7  24.7  18.6  10.2   2.8 -10.7   506   506   506   506   506   506   506   506   506   506   506   506 
1975  -8.1  -2.3   6.9  13.2  17.9  23.6  26.0  25.5  20.1  12.0   1.2  -9.3   506   506   506   506   506   506   506   506   506   506   506   506 
1976  -7.9  -1.2   3.8  12.9  20.5  24.2  25.2  23.4  19.6  11.5  -0.9  -8.0   506   506   506   506   506   506   506   506   506   506   506   506 
1977 -10.6  -4.0   5.6  13.1  19.1  25.4  25.6  26.0  20.6  12.1   3.9  -4.4   506   506   506   506   506   506   506   506   506   506   506   506 
1978 -11.8  -5.7   6.1  16.1  21.9  25.6  26.7  24.7  19.2  11.2   2.8  -4.2   506   506   506   506   506   506   506   506   506   506   506   506 
1979  -7.5  -1.3   4.3  13.4  19.1  24.7  24.5  24.4  18.9  12.5   0.2  -4.8   506   506   506   506   506   506   506   506   506   506   506   506 
1980  -7.6  -3.5   4.6  14.0  21.1  23.6  26.7  25.1  19.0  12.0   4.8  -4.4   506   506   506   506   506   506   506   506   506   506   506   506 
1981  -7.6  -2.6   7.2  16.2  20.8  25.9  25.9  23.5  18.2   8.1  -0.9  -8.4   506   506   506   506   506   506   506   506   506   506   506   506 
1982  -6.1  -2.3   6.4  13.6  20.6  24.7  26.1  24.2  18.1  12.5   0.4  -7.0   506   506   506   506   506   506   506   506   506   506   506   506 
1983  -8.4  -2.7   5.8  12.8  20.2  23.4  24.8  25.4  18.7  10.4   2.2  -6.2   506   506   506   506   506   506   506   506   506   506   506   506 
1984  -9.8  -6.2   5.5  13.3  21.0  23.9  24.7  24.8  18.2   9.2   2.2 -10.1   506   506   506   506   506   506   506   506   506   506   506   506 
1985  -9.2  -2.6   4.1  15.9  20.0  23.9  26.0  25.5  17.9  10.9   0.9  -5.9   506   506   506   506   506   506   506   506   506   506   506   506 
1986  -6.8  -2.6   4.6  12.7  21.1  23.7  28.2  25.3  18.5  11.3   0.9  -6.8   506   506   506   506   506   506   506   506   506   506   506   506 
1987  -7.4   0.1   6.4  14.5  19.9  22.6  26.8  25.1  19.5   9.8   0.4  -5.4   506   506   506   506   506   506   506   506   506   506   506   506 
1988  -6.7  -4.5   3.6  14.3  18.9  24.5  26.7  25.5  20.3  10.2   2.4  -4.6   506   506   506   506   506   506   506   506   506   506   506   506 
1989  -7.2  -3.3   5.3  13.9  21.4  23.1  25.7  24.3  19.0  12.2   1.3  -2.7   506   506   506   506   506   506   506   506   506   506   506   506 
1990  -6.5  -1.8   6.6  13.4  20.9  25.8  25.1  25.0  20.6  11.9   2.8  -5.7   506   506   506   506   506   506   506   506   506   506   506   506 
1991  -7.0  -2.6   6.0  14.5  19.8  25.3  27.3  24.3  20.0  11.3   1.8  -4.4   506   506   506   506   506   506   506   506   506   506   506   506 
1992 -10.1  -2.1   5.9  15.9  19.9  24.5  25.9  24.5  18.1  10.2   1.1  -4.7   506   506   506   506   506   506   506   506   506   506   506   506 
1993  -7.5   1.0   7.7  14.5  18.3  24.4  26.4  23.7  19.8  10.0   1.0  -5.7   506   506   506   506   506   506   506   506   506   506   506   506 
1994  -7.6  -2.2   4.6  14.5  20.6  25.0  27.9  25.6  17.7   9.6   5.2  -3.8   506   506   506   506   506   506   506   506   506   506   506   506 
1995  -9.7  -1.3   5.2  13.1  21.7  25.2  25.9  25.4  20.5  11.0   2.6  -6.3   506   506   506   506   506   506   506   506   506   506   506   506 
1996  -9.0  -2.6   5.6  13.2  21.1  24.4  26.4  25.2  19.7  11.1   1.7  -6.8   506   506   506   506   506   506   506   506   506   506   506   506 
1997  -5.6  -2.5   8.5  16.3  23.0  24.4  26.9  25.1  19.1  11.8  -0.4  -7.9   506   506   506   506   506   506   506   506   506   506   506   506 
1998  -8.3   0.0   5.3  15.9  19.8  26.4  27.3  25.5  20.3  11.7   4.1  -3.0   506   506   506   506   506   506   506   506   506   506   506   506 
1999  -7.3  -0.1   5.6  15.3  21.6  26.1  28.0  26.4  21.0  12.0   2.1  -4.8   506   506   506   506   506   506   506   506   506   506   506   506 
2000  -7.7  -3.1   6.3  15.0  22.7  24.9  27.8  25.3  19.7   9.4   0.7  -4.9   506   506   506   506   506   506   506   506   506   506   506   506 
2001  -8.0  -0.9   7.7  14.8  21.4  26.2  27.1  26.3  20.3  11.3   3.9  -8.6   506   506   506   506   506   506   506   506   506   506   506   506 
2002  -5.4  -0.4   7.7  14.5  20.5  26.7  28.0  27.7  18.4  12.2   3.8  -7.6   506   506   506   506   506   506   506   506   506   506   506   506 
2003  -8.2  -0.6   6.7  13.5  19.7  26.1  25.9  25.4  19.8  10.6   2.0  -6.0   506   506   506   506   506   506   506   506   506   506   506   506 
2004  -7.9  -0.8   7.8  17.1  20.0  25.2  28.3  25.0  19.4  10.2   2.3  -4.2   506   506   506   506   506   506   506   506   506   506   506   506 
2005  -7.4  -3.4   9.2  15.8  21.4  26.2  27.5  25.5  21.8  11.4   2.8  -7.3   506   506   506   506   506   506   506   506   506   506   506   506 
2006  -8.6   0.2   7.3  16.0  20.3  25.7  27.3  27.4  20.7  14.4   4.8  -6.5   506   506   506   506   506   506   506   506   506   506   506   506 
2007  -7.8   1.9   7.7  17.4  22.4  26.5  27.4  27.1  20.8  10.8   3.4  -4.9   506   506   506   506   506   506   506   506   506   506   506   506 
2008 -10.2  -5.1   9.7  15.0  23.4  27.4  27.8  25.9  21.1  13.0   3.1  -4.6   506   506   506   506   506   506   506   506   506   506   506   506 
2009  -7.2   0.9   8.2  17.8  20.5  26.0  27.2  25.4  21.2  12.6   0.9  -5.7   506   506   506   506   506   506   506   506   506   506   506   506 
2010  -6.6  -2.1   6.8  13.4  19.8  26.9  28.5  27.2  20.0  12.5   3.3  -6.5   506   506   506   506   506   506   506   506   506   506   506   506 
2011 -13.0  -0.7   3.4  17.1  21.2  25.9  28.4  27.2  20.8  12.3   3.9  -6.7   506   506   506   506   506   506   506   506   506   506   506   506 
2012 -10.8  -3.7   7.0  16.8  21.8  26.1  27.7  27.1  20.5  10.3   0.1  -7.2   506   506   506   506   506   506   506   506   506   506   506   506 
2013  -8.4  -0.8  11.0  17.5  21.7  24.7  26.8  27.0  20.4  14.0   2.0  -4.7   506   506   506   506   506   506   506   506   506   506   506   506 
2014  -7.1  -2.8   7.7  15.9  20.6  25.4  28.2  27.0  20.9  13.5   2.4  -8.8   506   506   506   506   506   506   506   506   506   506   506   506 
2015  -7.1  -0.1   8.8  17.1  23.0  25.0  30.0  28.1  19.5  12.7   4.4  -5.5   506   506   506   506   506   506   506   506   506   506   506   506 
2016  -7.6  -2.1  10.2  18.3  21.1  28.2  29.3  27.1  23.5  12.1   2.9  -2.9   506   506   506   506   506   506   506   506   506   506   506   506 
