Number= 100330
Name= GLUCKSBURG-MEIERWIK
Country= GERMANY
Lat=   54.8
Long=   -9.5
Height= 27
Start year= 1941
End year= 2014
First Good year= 1941
Source ID= 73
Source file= Jones
Jones data to= 2014
Normals source start year= 1961
Normals source end year= 1990
Normals= -99.0 -99.0 -99.0 -99.0 -99.0 -99.0 -99.0 -99.0 -99.0 -99.0 -99.0 -99.0 
Standard deviations source= Data
Standard deviations source start year= 1941
Standard deviations source end year= 1990
Obs:
1941  -5.5  -2.9   1.0   4.0   9.1  14.9  18.9  14.3  11.9   7.7   2.8   3.1   506   506   506   506   506   506   506   506   506   506   506   506 
1942  -6.8  -5.9  -2.1   5.5  10.4  12.6  15.1  17.2  13.3  10.1   4.6   3.1   506   506   506   506   506   506   506   506   506   506   506   506 
1943  -1.3   3.9   4.4   7.7  11.3  14.4  16.5  15.7  13.2   9.4   3.5   1.7   506   506   506   506   506   506   506   506   506   506   506   506 
1944   3.6   0.8   1.6   6.5   9.8  13.2  17.0  18.4  12.2   8.8   4.6   1.0   506   506   506   506   506   506   506   506   506   506   506   506 
1945 -99.0 -99.0 -99.0 -99.0 -99.0 -99.0 -99.0 -99.0 -99.0 -99.0 -99.0 -99.0   -99   -99   -99   -99   -99   -99   -99   -99   -99   -99   -99   -99 
1946  -0.7   1.3   1.5   7.9  11.3  13.3  17.1  15.0  13.4   6.8   4.6  -0.5   506   506   506   506   506   506   506   506   506   506   506   506 
1947  -3.9  -6.5  -1.5   5.9  13.0  16.4  16.9  18.1  15.2   8.4   4.6   2.2   506   506   506   506   506   506   506   506   506   506   506   506 
1948   1.5   0.6   4.0   8.6  11.6  14.2  16.2  15.8  13.5   8.8   5.0   2.8   506   506   506   506   506   506   506   506   506   506   506   506 
1949   2.1   3.0   1.4   8.0  11.0  13.6  16.1  15.1  15.6  11.0   5.3   3.7   506   506   506   506   506   506   506   506   506   506   506   506 
1950   0.2   2.3   4.6   6.5  12.1  15.4  16.1  17.2  13.1   8.7   5.0   0.0   506   506   506   506   506   506   506   506   506   506   506   506 
1951   1.3   1.6   1.3   6.3  10.3  14.6  15.1  16.5  14.5   8.8   7.3   5.2   506   506   506   506   506   506   506   506   506   506   506   506 
1952   1.3   1.8   1.5   8.6  11.2  13.1  15.4  16.0  10.8   7.6   2.5   0.9   506   506   506   506   506   506   506   506   506   506   506   506 
1953   1.2   0.1   3.7   7.7  11.9  16.3  16.6  15.5  13.1  11.2   7.5   3.8   506   506   506   506   506   506   506   506   506   506   506   506 
1954   0.3  -2.8   2.7   5.3  12.2  15.0  14.1  14.9  13.0  10.4   5.0   4.2   506   506   506   506   506   506   506   506   506   506   506   506 
1955  -0.7  -1.8  -0.1   5.6   9.0  13.0  18.2  18.3  14.4   9.1   5.8   2.8   506   506   506   506   506   506   506   506   506   506   506   506 
1956   1.0  -6.0   1.6   4.4  11.3  13.0  16.4  13.3  13.5   9.0   4.4   4.1   506   506   506   506   506   506   506   506   506   506   506   506 
1957 -99.0 -99.0 -99.0 -99.0 -99.0 -99.0 -99.0 -99.0 -99.0 -99.0 -99.0 -99.0   -99   -99   -99   -99   -99   -99   -99   -99   -99   -99   -99   -99 
1958 -99.0 -99.0 -99.0 -99.0 -99.0 -99.0 -99.0 -99.0 -99.0 -99.0 -99.0 -99.0   -99   -99   -99   -99   -99   -99   -99   -99   -99   -99   -99   -99 
1959 -99.0 -99.0 -99.0 -99.0 -99.0 -99.0 -99.0 -99.0 -99.0 -99.0 -99.0 -99.0   -99   -99   -99   -99   -99   -99   -99   -99   -99   -99   -99   -99 
1960 -99.0 -99.0 -99.0 -99.0 -99.0 -99.0 -99.0 -99.0 -99.0 -99.0 -99.0 -99.0   -99   -99   -99   -99   -99   -99   -99   -99   -99   -99   -99   -99 
1961 -99.0 -99.0 -99.0 -99.0 -99.0 -99.0 -99.0 -99.0 -99.0 -99.0 -99.0 -99.0   -99   -99   -99   -99   -99   -99   -99   -99   -99   -99   -99   -99 
1962 -99.0 -99.0 -99.0 -99.0 -99.0 -99.0 -99.0 -99.0 -99.0 -99.0 -99.0 -99.0   -99   -99   -99   -99   -99   -99   -99   -99   -99   -99   -99   -99 
1963 -99.0 -99.0 -99.0 -99.0 -99.0 -99.0 -99.0 -99.0 -99.0 -99.0 -99.0 -99.0   -99   -99   -99   -99   -99   -99   -99   -99   -99   -99   -99   -99 
1964 -99.0 -99.0 -99.0 -99.0 -99.0 -99.0 -99.0 -99.0 -99.0 -99.0 -99.0 -99.0   -99   -99   -99   -99   -99   -99   -99   -99   -99   -99   -99   -99 
1965 -99.0 -99.0 -99.0 -99.0 -99.0 -99.0 -99.0 -99.0 -99.0 -99.0 -99.0 -99.0   -99   -99   -99   -99   -99   -99   -99   -99   -99   -99   -99   -99 
1966 -99.0 -99.0 -99.0 -99.0 -99.0 -99.0 -99.0 -99.0 -99.0 -99.0 -99.0 -99.0   -99   -99   -99   -99   -99   -99   -99   -99   -99   -99   -99   -99 
1967 -99.0 -99.0 -99.0 -99.0 -99.0 -99.0 -99.0 -99.0 -99.0 -99.0 -99.0 -99.0   -99   -99   -99   -99   -99   -99   -99   -99   -99   -99   -99   -99 
1968 -99.0 -99.0 -99.0 -99.0 -99.0 -99.0 -99.0 -99.0 -99.0 -99.0 -99.0 -99.0   -99   -99   -99   -99   -99   -99   -99   -99   -99   -99   -99   -99 
1969 -99.0 -99.0 -99.0 -99.0 -99.0 -99.0 -99.0 -99.0 -99.0 -99.0 -99.0 -99.0   -99   -99   -99   -99   -99   -99   -99   -99   -99   -99   -99   -99 
1970 -99.0 -99.0 -99.0 -99.0 -99.0 -99.0 -99.0 -99.0 -99.0 -99.0 -99.0 -99.0   -99   -99   -99   -99   -99   -99   -99   -99   -99   -99   -99   -99 
1971 -99.0 -99.0 -99.0 -99.0 -99.0 -99.0 -99.0 -99.0 -99.0 -99.0 -99.0 -99.0   -99   -99   -99   -99   -99   -99   -99   -99   -99   -99   -99   -99 
1972 -99.0 -99.0 -99.0 -99.0 -99.0 -99.0 -99.0 -99.0 -99.0 -99.0 -99.0 -99.0   -99   -99   -99   -99   -99   -99   -99   -99   -99   -99   -99   -99 
1973 -99.0 -99.0 -99.0 -99.0 -99.0 -99.0 -99.0 -99.0 -99.0 -99.0 -99.0 -99.0   -99   -99   -99   -99   -99   -99   -99   -99   -99   -99   -99   -99 
1974 -99.0 -99.0 -99.0 -99.0 -99.0 -99.0 -99.0 -99.0 -99.0 -99.0 -99.0 -99.0   -99   -99   -99   -99   -99   -99   -99   -99   -99   -99   -99   -99 
1975 -99.0 -99.0 -99.0 -99.0 -99.0 -99.0 -99.0 -99.0 -99.0 -99.0 -99.0 -99.0   -99   -99   -99   -99   -99   -99   -99   -99   -99   -99   -99   -99 
1976 -99.0 -99.0 -99.0 -99.0 -99.0 -99.0 -99.0 -99.0 -99.0 -99.0 -99.0 -99.0   -99   -99   -99   -99   -99   -99   -99   -99   -99   -99   -99   -99 
1977 -99.0 -99.0 -99.0 -99.0 -99.0 -99.0 -99.0 -99.0 -99.0 -99.0 -99.0 -99.0   -99   -99   -99   -99   -99   -99   -99   -99   -99   -99   -99   -99 
1978 -99.0 -99.0 -99.0 -99.0 -99.0 -99.0 -99.0 -99.0 -99.0 -99.0 -99.0 -99.0   -99   -99   -99   -99   -99   -99   -99   -99   -99   -99   -99   -99 
1979 -99.0 -99.0 -99.0 -99.0 -99.0 -99.0 -99.0 -99.0 -99.0 -99.0 -99.0 -99.0   -99   -99   -99   -99   -99   -99   -99   -99   -99   -99   -99   -99 
1980 -99.0 -99.0 -99.0 -99.0 -99.0 -99.0 -99.0 -99.0 -99.0 -99.0 -99.0 -99.0   -99   -99   -99   -99   -99   -99   -99   -99   -99   -99   -99   -99 
1981 -99.0 -99.0 -99.0 -99.0 -99.0 -99.0 -99.0 -99.0 -99.0 -99.0 -99.0 -99.0   -99   -99   -99   -99   -99   -99   -99   -99   -99   -99   -99   -99 
1982 -99.0 -99.0 -99.0 -99.0 -99.0 -99.0 -99.0 -99.0 -99.0 -99.0 -99.0 -99.0   -99   -99   -99   -99   -99   -99   -99   -99   -99   -99   -99   -99 
1983 -99.0 -99.0 -99.0 -99.0 -99.0 -99.0 -99.0 -99.0 -99.0 -99.0 -99.0 -99.0   -99   -99   -99   -99   -99   -99   -99   -99   -99   -99   -99   -99 
1984 -99.0 -99.0 -99.0 -99.0 -99.0 -99.0 -99.0 -99.0 -99.0 -99.0 -99.0 -99.0   -99   -99   -99   -99   -99   -99   -99   -99   -99   -99   -99   -99 
1985 -99.0 -99.0 -99.0 -99.0 -99.0 -99.0 -99.0 -99.0 -99.0 -99.0 -99.0 -99.0   -99   -99   -99   -99   -99   -99   -99   -99   -99   -99   -99   -99 
1986 -99.0 -99.0 -99.0 -99.0 -99.0 -99.0 -99.0 -99.0 -99.0 -99.0 -99.0 -99.0   -99   -99   -99   -99   -99   -99   -99   -99   -99   -99   -99   -99 
1987 -99.0 -99.0 -99.0 -99.0 -99.0 -99.0 -99.0 -99.0 -99.0 -99.0 -99.0 -99.0   -99   -99   -99   -99   -99   -99   -99   -99   -99   -99   -99   -99 
1988 -99.0 -99.0 -99.0 -99.0 -99.0 -99.0 -99.0 -99.0 -99.0 -99.0 -99.0 -99.0   -99   -99   -99   -99   -99   -99   -99   -99   -99   -99   -99   -99 
1989 -99.0 -99.0 -99.0 -99.0 -99.0 -99.0 -99.0 -99.0 -99.0 -99.0 -99.0 -99.0   -99   -99   -99   -99   -99   -99   -99   -99   -99   -99   -99   -99 
1990 -99.0 -99.0 -99.0 -99.0 -99.0 -99.0 -99.0 -99.0 -99.0 -99.0 -99.0 -99.0   -99   -99   -99   -99   -99   -99   -99   -99   -99   -99   -99   -99 
1991 -99.0 -99.0 -99.0 -99.0 -99.0 -99.0 -99.0 -99.0 -99.0 -99.0 -99.0 -99.0   -99   -99   -99   -99   -99   -99   -99   -99   -99   -99   -99   -99 
1992 -99.0 -99.0 -99.0 -99.0 -99.0 -99.0 -99.0 -99.0 -99.0 -99.0 -99.0 -99.0   -99   -99   -99   -99   -99   -99   -99   -99   -99   -99   -99   -99 
1993 -99.0 -99.0   3.6   8.1  13.0  14.4  14.7  14.5  11.7   7.8   2.4   3.1   -99   -99   506   506   506   506   506   506   506   506   506   506 
1994   3.6  -0.4   4.1   7.7  11.7  13.3  20.3  17.1  13.0   8.2   7.2   4.2   506   506   506   506   506   506   506   506   506   506   506   506 
1995   1.1   4.4   3.2   7.0  10.9  14.1  18.2  18.9  13.6  12.1   4.5  -1.3   506   506   506   506   506   506   506   506   506   506   506   506 
1996  -1.6  -2.6   0.0   7.4   9.3  13.7  14.9  18.1  12.6  10.1   4.9   0.1   506   506   506   506   506   506   506   506   506   506   506   506 
1997  -1.0   3.6   4.6   6.2  10.5  15.5  18.0  20.9  13.9   8.5   4.9   3.2   506   506   506   506   506   506   506   506   506   506   506   506 
1998   3.4   5.3   4.8   7.5  12.8  15.0  14.7  15.1  13.7   9.1   2.5   1.6   506   506   506   506   506   506   506   506   506   506   506   506 
1999   3.3   1.5   4.7   8.0  11.9  14.0  18.1  16.9  16.7   9.9   5.9   2.9   506   506   506   506   506   506   506   506   506   506   506   506 
2000   3.4   4.2   4.6   8.7  13.3  14.2  14.8  15.9  13.8  11.0   7.1   4.5   506   506   506   506   506   506   506   506   506   506   506   506 
2001   2.0   1.7   2.3   6.3  12.3  13.2  17.7  17.3  12.7  12.8   6.1   1.4   506   506   506   506   506   506   506   506   506   506   506   506 
2002   3.4   5.2   4.8   7.7  12.9  15.9  17.0  19.6  15.1   8.1   5.0   0.7   506   506   506   506   506   506   506   506   506   506   506   506 
2003   0.7  -1.2   4.1   7.4  12.0  16.4  18.6  18.7  14.6   6.9   6.6   3.6   506   506   506   506   506   506   506   506   506   506   506   506 
2004   0.2   2.5   4.0   8.3  11.4  13.7  15.2  17.9  14.1  10.0   5.5   3.6   506   506   506   506   506   506   506   506   506   506   506   506 
2005   3.6   0.4   1.8   7.9  11.4  14.5  17.6  15.4  15.0  11.9   6.3   2.6   506   506   506   506   506   506   506   506   506   506   506   506 
2006  -0.9   1.1   0.5   6.5  11.8  15.8  20.7  17.1  16.6  12.7   8.1   6.9   506   506   506   506   506   506   506   506   506   506   506   506 
2007   5.4   3.1   6.5   9.9  12.2  16.2  15.8  17.0  13.3   9.4   5.4   3.7   506   506   506   506   506   506   506   506   506   506   506   506 
2008   4.4   4.5   4.1   7.5  13.4  15.3  17.2  16.5  13.3   9.6   6.4   2.9   506   506   506   506   506   506   506   506   506   506   506   506 
2009   0.8   1.2   4.3   9.8  12.1  13.9  17.6  17.5  14.5   8.3   8.1   1.2   506   506   506   506   506   506   506   506   506   506   506   506 
2010  -2.6  -1.2   3.5   7.7   9.6  14.7  19.5  16.5  13.0   9.2   4.0  -3.6   506   506   506   506   506   506   506   506   506   506   506   506 
2011   0.7   0.7   3.5  10.2  12.0  15.6  16.2  16.3  14.3  10.1   6.3   4.7   506   506   506   506   506   506   506   506   506   506   506   506 
2012   3.1  -0.4   6.1   6.8  12.4  13.4  16.3  17.2  13.3   9.3   6.1   1.1   506   506   506   506   506   506   506   506   506   506   506   506 
2013   1.1   0.2  -0.3   6.1  12.0  14.5  17.9  17.4  13.3  11.4   6.2   5.4   506   506   506   506   506   506   506   506   506   506   506   506 
2014   2.5   5.2   6.3   9.3 -99.0  15.4  19.9  16.2 -99.0 -99.0 -99.0 -99.0   506   506   506   506   -99   506   506   506   -99   -99   -99   -99 
