Number= 101308
Name= EUTIN
Country= GERMANY
Lat=   54.1
Long=  -10.6
Height= 49
Start year= 1856
End year= 2003
First Good year= 1856
Source ID= 10
Source file= Jones
Jones data to= 2003
Normals source= Data
Normals source start year= 1961
Normals source end year= 1990
Normals=   0.0   0.4   3.0   6.6  11.4  15.0  16.3  16.2  13.1   9.3   4.8   1.5 
Standard deviations source= Data
Standard deviations source start year= 1941
Standard deviations source end year= 1990
Standard deviations=   2.7   2.9   2.1   1.4   1.1   1.1   1.2   1.2   1.2   1.1   1.2   2.0 
Obs:
1856 -99.0 -99.0 -99.0 -99.0 -99.0 -99.0 -99.0  15.3  12.2   9.9   1.3   2.6   -99   -99   -99   -99   -99   -99   -99   506   506   506   506   506 
1857  -1.9   0.6   2.7   5.7  11.9  16.6  16.8  19.9  15.5  11.2   4.0   4.9   506   506   506   506   506   506   506   506   506   506   506   506 
1858  -0.2  -2.7   1.6   6.3  10.8  18.5  17.4  18.1  15.3   9.6   0.4   1.5   506   506   506   506   506   506   506   506   506   506   506   506 
1859   1.9   3.4   5.5   6.0  12.6  17.2  19.1  18.9  13.6   9.5   3.5  -1.0   506   506   506   506   506   506   506   506   506   506   506   506 
1860   1.9  -1.3   0.9   5.9  12.3  15.3  16.3  14.9  13.0   8.0   2.4  -1.7   506   506   506   506   506   506   506   506   506   506   506   506 
1861  -4.5   2.7   4.6   5.7   8.8  17.2  17.8  16.8  12.4   9.7   4.1   1.8   506   506   506   506   506   506   506   506   506   506   506   506 
1862  -1.5  -0.7   2.7   7.4  12.9  14.1  14.7  15.6  14.0  10.0   3.5   1.2   506   506   506   506   506   506   506   506   506   506   506   506 
1863   3.2   3.2   3.0   7.3  11.2  15.0  15.6  16.4  11.9  10.5   4.4   3.3   506   506   506   506   506   506   506   506   506   506   506   506 
1864  -4.2  -0.8   3.0   5.3   8.8  14.2  15.1  13.3  12.8   8.1   1.8  -0.7   506   506   506   506   506   506   506   506   506   506   506   506 
1865  -0.8  -4.7  -0.7   7.8  15.2  13.2  19.0  15.8  14.9   8.9   5.5   2.4   506   506   506   506   506   506   506   506   506   506   506   506 
1866   4.0   3.4   1.3   7.5   9.2  16.7  15.5  15.1  14.4   7.8   4.1   2.2   506   506   506   506   506   506   506   506   506   506   506   506 
1867  -1.7   3.8   0.2   6.2   9.3  14.3  14.9  16.5  13.6   8.7   3.8  -1.3   506   506   506   506   506   506   506   506   506   506   506   506 
1868  -0.5   4.0   4.1   6.1  14.8  16.3  18.9  19.1  14.1   8.1   2.8   4.2   506   506   506   506   506   506   506   506   506   506   506   506 
1869 -99.0 -99.0 -99.0 -99.0 -99.0 -99.0 -99.0 -99.0 -99.0 -99.0 -99.0 -99.0   -99   -99   -99   -99   -99   -99   -99   -99   -99   -99   -99   -99 
1870 -99.0 -99.0 -99.0 -99.0 -99.0 -99.0 -99.0 -99.0 -99.0 -99.0 -99.0 -99.0   -99   -99   -99   -99   -99   -99   -99   -99   -99   -99   -99   -99 
1871 -99.0 -99.0 -99.0 -99.0 -99.0 -99.0 -99.0 -99.0 -99.0 -99.0 -99.0 -99.0   -99   -99   -99   -99   -99   -99   -99   -99   -99   -99   -99   -99 
1872 -99.0 -99.0 -99.0 -99.0 -99.0 -99.0 -99.0 -99.0 -99.0 -99.0 -99.0 -99.0   -99   -99   -99   -99   -99   -99   -99   -99   -99   -99   -99   -99 
1873 -99.0 -99.0 -99.0 -99.0 -99.0 -99.0 -99.0 -99.0 -99.0 -99.0 -99.0 -99.0   -99   -99   -99   -99   -99   -99   -99   -99   -99   -99   -99   -99 
1874 -99.0 -99.0 -99.0 -99.0 -99.0 -99.0 -99.0 -99.0 -99.0 -99.0 -99.0 -99.0   -99   -99   -99   -99   -99   -99   -99   -99   -99   -99   -99   -99 
1875 -99.0 -99.0 -99.0 -99.0 -99.0 -99.0 -99.0 -99.0 -99.0 -99.0 -99.0 -99.0   -99   -99   -99   -99   -99   -99   -99   -99   -99   -99   -99   -99 
1876 -99.0 -99.0 -99.0 -99.0 -99.0 -99.0 -99.0 -99.0 -99.0 -99.0 -99.0 -99.0   -99   -99   -99   -99   -99   -99   -99   -99   -99   -99   -99   -99 
1877 -99.0 -99.0 -99.0 -99.0 -99.0 -99.0 -99.0 -99.0 -99.0 -99.0 -99.0 -99.0   -99   -99   -99   -99   -99   -99   -99   -99   -99   -99   -99   -99 
1878 -99.0 -99.0 -99.0 -99.0 -99.0 -99.0 -99.0 -99.0 -99.0 -99.0 -99.0 -99.0   -99   -99   -99   -99   -99   -99   -99   -99   -99   -99   -99   -99 
1879 -99.0 -99.0 -99.0 -99.0 -99.0 -99.0 -99.0 -99.0 -99.0 -99.0 -99.0 -99.0   -99   -99   -99   -99   -99   -99   -99   -99   -99   -99   -99   -99 
1880 -99.0 -99.0 -99.0 -99.0 -99.0 -99.0 -99.0 -99.0 -99.0 -99.0 -99.0 -99.0   -99   -99   -99   -99   -99   -99   -99   -99   -99   -99   -99   -99 
1881 -99.0 -99.0 -99.0 -99.0 -99.0 -99.0 -99.0 -99.0 -99.0 -99.0 -99.0 -99.0   -99   -99   -99   -99   -99   -99   -99   -99   -99   -99   -99   -99 
1882 -99.0 -99.0 -99.0 -99.0 -99.0 -99.0 -99.0 -99.0 -99.0 -99.0 -99.0 -99.0   -99   -99   -99   -99   -99   -99   -99   -99   -99   -99   -99   -99 
1883 -99.0 -99.0 -99.0 -99.0 -99.0 -99.0 -99.0 -99.0 -99.0 -99.0 -99.0 -99.0   -99   -99   -99   -99   -99   -99   -99   -99   -99   -99   -99   -99 
1884 -99.0 -99.0 -99.0 -99.0 -99.0 -99.0 -99.0 -99.0 -99.0 -99.0 -99.0 -99.0   -99   -99   -99   -99   -99   -99   -99   -99   -99   -99   -99   -99 
1885 -99.0 -99.0 -99.0 -99.0 -99.0 -99.0 -99.0 -99.0 -99.0 -99.0 -99.0 -99.0   -99   -99   -99   -99   -99   -99   -99   -99   -99   -99   -99   -99 
1886 -99.0 -99.0 -99.0 -99.0 -99.0 -99.0 -99.0 -99.0 -99.0 -99.0 -99.0 -99.0   -99   -99   -99   -99   -99   -99   -99   -99   -99   -99   -99   -99 
1887 -99.0 -99.0 -99.0 -99.0 -99.0 -99.0 -99.0 -99.0 -99.0 -99.0 -99.0 -99.0   -99   -99   -99   -99   -99   -99   -99   -99   -99   -99   -99   -99 
1888 -99.0 -99.0 -99.0 -99.0 -99.0 -99.0 -99.0 -99.0 -99.0 -99.0 -99.0 -99.0   -99   -99   -99   -99   -99   -99   -99   -99   -99   -99   -99   -99 
1889 -99.0 -99.0 -99.0 -99.0 -99.0 -99.0 -99.0 -99.0 -99.0 -99.0 -99.0 -99.0   -99   -99   -99   -99   -99   -99   -99   -99   -99   -99   -99   -99 
1890 -99.0 -99.0 -99.0 -99.0 -99.0 -99.0 -99.0 -99.0 -99.0 -99.0 -99.0 -99.0   -99   -99   -99   -99   -99   -99   -99   -99   -99   -99   -99   -99 
1891 -99.0 -99.0 -99.0 -99.0 -99.0 -99.0 -99.0 -99.0 -99.0 -99.0 -99.0 -99.0   -99   -99   -99   -99   -99   -99   -99   -99   -99   -99   -99   -99 
1892 -99.0 -99.0 -99.0 -99.0 -99.0 -99.0 -99.0 -99.0 -99.0 -99.0 -99.0 -99.0   -99   -99   -99   -99   -99   -99   -99   -99   -99   -99   -99   -99 
1893 -99.0 -99.0 -99.0 -99.0 -99.0 -99.0 -99.0 -99.0 -99.0 -99.0 -99.0 -99.0   -99   -99   -99   -99   -99   -99   -99   -99   -99   -99   -99   -99 
1894 -99.0 -99.0 -99.0 -99.0 -99.0 -99.0 -99.0 -99.0 -99.0 -99.0 -99.0 -99.0   -99   -99   -99   -99   -99   -99   -99   -99   -99   -99   -99   -99 
1895 -99.0 -99.0 -99.0 -99.0 -99.0 -99.0 -99.0 -99.0 -99.0 -99.0 -99.0 -99.0   -99   -99   -99   -99   -99   -99   -99   -99   -99   -99   -99   -99 
1896 -99.0 -99.0 -99.0 -99.0 -99.0 -99.0 -99.0 -99.0 -99.0 -99.0 -99.0 -99.0   -99   -99   -99   -99   -99   -99   -99   -99   -99   -99   -99   -99 
1897 -99.0 -99.0 -99.0 -99.0 -99.0 -99.0 -99.0 -99.0 -99.0 -99.0 -99.0 -99.0   -99   -99   -99   -99   -99   -99   -99   -99   -99   -99   -99   -99 
1898 -99.0 -99.0 -99.0 -99.0 -99.0 -99.0 -99.0 -99.0 -99.0 -99.0 -99.0 -99.0   -99   -99   -99   -99   -99   -99   -99   -99   -99   -99   -99   -99 
1899 -99.0 -99.0 -99.0 -99.0 -99.0 -99.0 -99.0 -99.0 -99.0 -99.0 -99.0 -99.0   -99   -99   -99   -99   -99   -99   -99   -99   -99   -99   -99   -99 
1900 -99.0 -99.0 -99.0 -99.0 -99.0 -99.0 -99.0 -99.0 -99.0 -99.0 -99.0 -99.0   -99   -99   -99   -99   -99   -99   -99   -99   -99   -99   -99   -99 
1901 -99.0 -99.0 -99.0 -99.0 -99.0 -99.0 -99.0 -99.0 -99.0 -99.0 -99.0 -99.0   -99   -99   -99   -99   -99   -99   -99   -99   -99   -99   -99   -99 
1902 -99.0 -99.0 -99.0 -99.0 -99.0 -99.0 -99.0 -99.0 -99.0 -99.0 -99.0 -99.0   -99   -99   -99   -99   -99   -99   -99   -99   -99   -99   -99   -99 
1903 -99.0 -99.0 -99.0 -99.0 -99.0 -99.0 -99.0 -99.0 -99.0 -99.0 -99.0 -99.0   -99   -99   -99   -99   -99   -99   -99   -99   -99   -99   -99   -99 
1904 -99.0 -99.0 -99.0 -99.0 -99.0 -99.0 -99.0 -99.0 -99.0 -99.0 -99.0 -99.0   -99   -99   -99   -99   -99   -99   -99   -99   -99   -99   -99   -99 
1905 -99.0 -99.0 -99.0 -99.0 -99.0 -99.0 -99.0 -99.0 -99.0 -99.0 -99.0 -99.0   -99   -99   -99   -99   -99   -99   -99   -99   -99   -99   -99   -99 
1906 -99.0 -99.0 -99.0 -99.0 -99.0 -99.0 -99.0 -99.0 -99.0 -99.0 -99.0 -99.0   -99   -99   -99   -99   -99   -99   -99   -99   -99   -99   -99   -99 
1907 -99.0 -99.0 -99.0 -99.0 -99.0 -99.0 -99.0 -99.0 -99.0 -99.0 -99.0 -99.0   -99   -99   -99   -99   -99   -99   -99   -99   -99   -99   -99   -99 
1908 -99.0 -99.0 -99.0 -99.0 -99.0 -99.0 -99.0 -99.0 -99.0 -99.0 -99.0 -99.0   -99   -99   -99   -99   -99   -99   -99   -99   -99   -99   -99   -99 
1909 -99.0 -99.0 -99.0 -99.0 -99.0 -99.0 -99.0 -99.0 -99.0 -99.0 -99.0 -99.0   -99   -99   -99   -99   -99   -99   -99   -99   -99   -99   -99   -99 
1910 -99.0 -99.0 -99.0 -99.0 -99.0 -99.0 -99.0 -99.0 -99.0 -99.0 -99.0 -99.0   -99   -99   -99   -99   -99   -99   -99   -99   -99   -99   -99   -99 
1911 -99.0 -99.0 -99.0 -99.0 -99.0 -99.0 -99.0 -99.0 -99.0 -99.0 -99.0 -99.0   -99   -99   -99   -99   -99   -99   -99   -99   -99   -99   -99   -99 
1912 -99.0 -99.0 -99.0 -99.0 -99.0 -99.0 -99.0 -99.0 -99.0 -99.0 -99.0 -99.0   -99   -99   -99   -99   -99   -99   -99   -99   -99   -99   -99   -99 
1913 -99.0 -99.0 -99.0 -99.0 -99.0 -99.0 -99.0 -99.0 -99.0 -99.0 -99.0 -99.0   -99   -99   -99   -99   -99   -99   -99   -99   -99   -99   -99   -99 
1914 -99.0 -99.0 -99.0 -99.0 -99.0 -99.0 -99.0 -99.0 -99.0 -99.0 -99.0 -99.0   -99   -99   -99   -99   -99   -99   -99   -99   -99   -99   -99   -99 
1915 -99.0 -99.0 -99.0 -99.0 -99.0 -99.0 -99.0 -99.0 -99.0 -99.0 -99.0 -99.0   -99   -99   -99   -99   -99   -99   -99   -99   -99   -99   -99   -99 
1916 -99.0 -99.0 -99.0 -99.0 -99.0 -99.0 -99.0 -99.0 -99.0 -99.0 -99.0 -99.0   -99   -99   -99   -99   -99   -99   -99   -99   -99   -99   -99   -99 
1917 -99.0 -99.0 -99.0 -99.0 -99.0 -99.0 -99.0 -99.0 -99.0 -99.0 -99.0 -99.0   -99   -99   -99   -99   -99   -99   -99   -99   -99   -99   -99   -99 
1918 -99.0 -99.0 -99.0 -99.0 -99.0 -99.0 -99.0 -99.0 -99.0 -99.0 -99.0 -99.0   -99   -99   -99   -99   -99   -99   -99   -99   -99   -99   -99   -99 
1919 -99.0 -99.0 -99.0 -99.0 -99.0 -99.0 -99.0 -99.0 -99.0 -99.0 -99.0 -99.0   -99   -99   -99   -99   -99   -99   -99   -99   -99   -99   -99   -99 
1920 -99.0 -99.0 -99.0 -99.0 -99.0 -99.0 -99.0 -99.0 -99.0 -99.0 -99.0 -99.0   -99   -99   -99   -99   -99   -99   -99   -99   -99   -99   -99   -99 
1921 -99.0 -99.0 -99.0 -99.0 -99.0 -99.0 -99.0 -99.0 -99.0 -99.0 -99.0 -99.0   -99   -99   -99   -99   -99   -99   -99   -99   -99   -99   -99   -99 
1922 -99.0 -99.0 -99.0 -99.0 -99.0 -99.0 -99.0 -99.0 -99.0 -99.0 -99.0 -99.0   -99   -99   -99   -99   -99   -99   -99   -99   -99   -99   -99   -99 
1923 -99.0 -99.0 -99.0 -99.0 -99.0 -99.0 -99.0 -99.0 -99.0 -99.0 -99.0 -99.0   -99   -99   -99   -99   -99   -99   -99   -99   -99   -99   -99   -99 
1924 -99.0 -99.0 -99.0 -99.0 -99.0 -99.0 -99.0 -99.0 -99.0 -99.0 -99.0 -99.0   -99   -99   -99   -99   -99   -99   -99   -99   -99   -99   -99   -99 
1925 -99.0 -99.0 -99.0 -99.0 -99.0 -99.0 -99.0 -99.0 -99.0 -99.0 -99.0 -99.0   -99   -99   -99   -99   -99   -99   -99   -99   -99   -99   -99   -99 
1926 -99.0 -99.0 -99.0 -99.0 -99.0 -99.0 -99.0 -99.0 -99.0 -99.0 -99.0 -99.0   -99   -99   -99   -99   -99   -99   -99   -99   -99   -99   -99   -99 
1927 -99.0 -99.0 -99.0 -99.0 -99.0 -99.0 -99.0 -99.0 -99.0 -99.0 -99.0 -99.0   -99   -99   -99   -99   -99   -99   -99   -99   -99   -99   -99   -99 
1928 -99.0 -99.0 -99.0 -99.0 -99.0 -99.0 -99.0 -99.0 -99.0 -99.0 -99.0 -99.0   -99   -99   -99   -99   -99   -99   -99   -99   -99   -99   -99   -99 
1929 -99.0 -99.0 -99.0 -99.0 -99.0 -99.0 -99.0 -99.0 -99.0 -99.0 -99.0 -99.0   -99   -99   -99   -99   -99   -99   -99   -99   -99   -99   -99   -99 
1930 -99.0 -99.0 -99.0 -99.0 -99.0 -99.0 -99.0 -99.0 -99.0 -99.0 -99.0 -99.0   -99   -99   -99   -99   -99   -99   -99   -99   -99   -99   -99   -99 
1931 -99.0 -99.0 -99.0 -99.0 -99.0 -99.0 -99.0 -99.0 -99.0 -99.0 -99.0 -99.0   -99   -99   -99   -99   -99   -99   -99   -99   -99   -99   -99   -99 
1932 -99.0 -99.0 -99.0 -99.0 -99.0 -99.0 -99.0 -99.0 -99.0 -99.0 -99.0 -99.0   -99   -99   -99   -99   -99   -99   -99   -99   -99   -99   -99   -99 
1933 -99.0 -99.0 -99.0 -99.0 -99.0 -99.0 -99.0 -99.0 -99.0 -99.0 -99.0 -99.0   -99   -99   -99   -99   -99   -99   -99   -99   -99   -99   -99   -99 
1934 -99.0 -99.0 -99.0 -99.0 -99.0 -99.0 -99.0 -99.0 -99.0 -99.0 -99.0 -99.0   -99   -99   -99   -99   -99   -99   -99   -99   -99   -99   -99   -99 
1935 -99.0 -99.0 -99.0 -99.0 -99.0 -99.0 -99.0 -99.0 -99.0 -99.0 -99.0 -99.0   -99   -99   -99   -99   -99   -99   -99   -99   -99   -99   -99   -99 
1936   2.8  -0.5   3.5   5.9  10.4  16.3  16.7  15.9  12.4   7.1   4.1   2.2   506   506   506   506   506   506   506   506   506   506   506   506 
1937  -1.9   1.3   1.3   7.5  13.4  16.0  17.4  18.2  13.4  10.2   3.4  -0.2   506   506   506   506   506   506   506   506   506   506   506   506 
1938   2.4   1.9   6.8   6.2  10.5  14.7  16.2  18.8  14.0   8.9   7.2  -0.6   506   506   506   506   506   506   506   506   506   506   506   506 
1939   2.4   2.6   2.2   7.7  10.9  16.3  17.3  18.0  13.6   6.5   5.0  -1.2   506   506   506   506   506   506   506   506   506   506   506   506 
1940  -8.2  -7.1   1.5   6.0  11.7  17.4  16.3  14.6  11.7   7.8   5.5  -0.7   506   506   506   506   506   506   506   506   506   506   506   506 
1941 -99.0 -99.0 -99.0 -99.0 -99.0 -99.0 -99.0 -99.0 -99.0 -99.0 -99.0 -99.0   -99   -99   -99   -99   -99   -99   -99   -99   -99   -99   -99   -99 
1942 -99.0 -99.0 -99.0 -99.0 -99.0 -99.0 -99.0 -99.0 -99.0 -99.0 -99.0 -99.0   -99   -99   -99   -99   -99   -99   -99   -99   -99   -99   -99   -99 
1943  -0.5   4.1   5.4   9.2  12.0  14.2  16.7  16.0  13.5   9.3   3.2   1.3   506   506   506   506   506   506   506   506   506   506   506   506 
1944   3.8   1.2   1.9   7.4  10.3  13.6  17.0  18.6  12.5   8.9   4.7  -0.2   506   506   506   506   506   506   506   506   506   506   506   506 
1945 -99.0 -99.0 -99.0 -99.0 -99.0 -99.0 -99.0 -99.0 -99.0 -99.0 -99.0 -99.0   -99   -99   -99   -99   -99   -99   -99   -99   -99   -99   -99   -99 
1946 -99.0 -99.0 -99.0 -99.0 -99.0 -99.0 -99.0 -99.0 -99.0 -99.0 -99.0 -99.0   -99   -99   -99   -99   -99   -99   -99   -99   -99   -99   -99   -99 
1947  -4.6  -7.3  -0.2   7.8  13.7  17.7  18.1  18.8  16.4   8.1   4.8   2.3   506   506   506   506   506   506   506   506   506   506   506   506 
1948   1.8   0.6   4.9   9.0  11.9  15.2  16.9  16.6  14.2   8.9   4.9   1.9   506   506   506   506   506   506   506   506   506   506   506   506 
1949   2.2   2.9   2.1   8.2  11.2  13.5  16.4  15.5  15.5  10.4   4.3   2.9   506   506   506   506   506   506   506   506   506   506   506   506 
1950  -0.8   1.8   4.2   6.3  11.9  16.2  16.4  17.1  12.7   7.9   4.6  -0.5   506   506   506   506   506   506   506   506   506   506   506   506 
1951   1.0   1.2   1.5   7.1  10.4  15.2  16.4  17.1  14.5   7.7   6.6   4.3   506   506   506   506   506   506   506   506   506   506   506   506 
1952   0.8   1.3   1.4   9.9  11.6  13.8  16.3  16.6  10.5   7.4   1.9  -0.1   506   506   506   506   506   506   506   506   506   506   506   506 
1953   0.7   0.0   4.6   8.2  12.6  16.0  17.1  16.3  12.8  10.7   6.4   2.7   506   506   506   506   506   506   506   506   506   506   506   506 
1954  -1.3  -4.3   3.0   5.3  12.6  15.8  14.6  15.5  13.0  10.2   4.1   3.8   506   506   506   506   506   506   506   506   506   506   506   506 
1955  -1.4  -2.0  -0.2   6.5   9.5  13.4  17.9  18.1  14.0   8.7   5.0   2.6   506   506   506   506   506   506   506   506   506   506   506   506 
1956   0.4  -6.8   2.3   4.4  12.4  13.6  16.9  13.1  13.7   8.8   3.5   3.2   506   506   506   506   506   506   506   506   506   506   506   506 
1957   2.1   3.5   4.7   6.5   9.5  15.8  17.5  15.1  11.1   9.6   5.3   1.3   506   506   506   506   506   506   506   506   506   506   506   506 
1958  -0.5   0.7  -0.5   4.5  11.7  13.8  16.2  16.1  14.6  10.2   4.6   2.8   506   506   506   506   506   506   506   506   506   506   506   506 
1959   0.1   0.2   5.5   8.9  11.9  15.4  18.7  17.7  13.3   9.5   3.9   2.1   506   506   506   506   506   506   506   506   506   506   506   506 
1960   0.8  -0.5   2.7   6.3  12.1  15.5  15.4  15.6  13.1   9.0   5.9   2.1   506   506   506   506   506   506   506   506   506   506   506   506 
1961  -0.4   4.2   6.0   9.6  10.6  16.2  15.0  15.1  15.3  11.0   4.2  -1.0   506   506   506   506   506   506   506   506   506   506   506   506 
1962   2.4   1.2   0.1   6.7   9.7  14.0  14.1  14.2  12.1   9.9   4.0  -1.8   506   506   506   506   506   506   506   506   506   506   506   506 
1963  -5.7  -5.2   1.4   6.3  11.7  15.7  17.0  15.8  13.0   8.6   7.3  -1.4   506   506   506   506   506   506   506   506   506   506   506   506 
1964  -0.5   0.4  -0.5   8.0  12.4  15.7  16.3  15.3  13.4   7.3   5.2   1.1   506   506   506   506   506   506   506   506   506   506   506   506 
1965   1.9  -0.2   2.0   6.2  10.0  14.7  13.9  14.4  13.2   8.8   1.4   1.7   506   506   506   506   506   506   506   506   506   506   506   506 
1966  -1.4   0.7   3.4   5.4  12.7  16.6  15.7  15.4  13.0  10.3   3.3   2.0   506   506   506   506   506   506   506   506   506   506   506   506 
1967   1.1   2.8   5.5   5.8  12.3  14.4  17.3  16.0  13.9  10.7   4.8   1.8   506   506   506   506   506   506   506   506   506   506   506   506 
1968  -0.6   0.2   4.7   8.6  10.0  16.0  15.7  17.0  14.0  10.2   5.5  -1.5   506   506   506   506   506   506   506   506   506   506   506   506 
1969   0.1  -1.9  -0.6   6.5  11.0  15.5  17.9  17.2  14.0  10.3   5.0  -3.9   506   506   506   506   506   506   506   506   506   506   506   506 
1970  -3.3  -2.2   0.9   4.1  10.2  17.0  15.6  16.3  12.4   8.9   5.2   2.1   506   506   506   506   506   506   506   506   506   506   506   506 
1971  -0.3   2.4   1.1   6.1  12.4  13.6  16.9  17.0  12.1   9.1   4.3   5.0   506   506   506   506   506   506   506   506   506   506   506   506 
1972  -3.1   0.7   4.3   6.6  10.7  14.2  17.1  15.4  10.6   7.4   4.9   2.6   506   506   506   506   506   506   506   506   506   506   506   506 
1973   1.0   2.3   4.5   4.9  11.4  15.8  17.5  16.6  13.9   7.8   4.0   1.5   506   506   506   506   506   506   506   506   506   506   506   506 
1974   3.7   3.9   4.7   7.8  10.5  14.4  14.7  16.5  13.5   7.0   5.7   5.6   506   506   506   506   506   506   506   506   506   506   506   506 
1975   5.6   1.4   3.4   6.3  11.0  14.6  18.2  19.6  15.2   8.3   3.8   3.3   506   506   506   506   506   506   506   506   506   506   506   506 
1976   0.7   0.5   0.6   6.4  12.1  16.3  18.8  17.0  13.0  10.0   5.7   0.0   506   506   506   506   506   506   506   506   506   506   506   506 
1977  -0.3   1.4   5.1   5.6  11.4  15.5  16.0  16.0  12.1  10.3   5.6   3.6   506   506   506   506   506   506   506   506   506   506   506   506 
1978   1.3  -1.6   4.1   4.7  12.1  15.6  15.2  15.9  11.6  10.1   6.6  -0.2   506   506   506   506   506   506   506   506   506   506   506   506 
1979  -3.8  -3.2   2.2   6.0  12.0  15.2  14.2  15.7  12.9   8.3   4.6   3.2   506   506   506   506   506   506   506   506   506   506   506   506 
1980  -3.0   0.5   1.5   6.3   9.8  14.9  15.3  15.6  13.6   8.4   4.6   2.3   506   506   506   506   506   506   506   506   506   506   506   506 
1981  -0.4   0.9   5.4   6.7  13.3  14.3  15.9  15.9  13.8   7.8   5.2  -3.1   506   506   506   506   506   506   506   506   506   506   506   506 
1982  -3.3   0.1   4.1   6.6  11.2  15.3  18.0  17.2  14.5   9.9   6.3   2.5   506   506   506   506   506   506   506   506   506   506   506   506 
1983   4.9  -0.7   4.1   7.7  11.3  15.1  18.9  18.2  13.6   9.6   4.7   1.1   506   506   506   506   506   506   506   506   506   506   506   506 
1984   1.5   0.3   1.8   7.2  11.2  13.0  15.1  17.1  12.3  10.8   5.0   1.5   506   506   506   506   506   506   506   506   506   506   506   506 
1985  -4.5  -3.4   2.4   6.7  11.9  13.6  16.5  15.8  12.7  10.0   1.7   3.9   506   506   506   506   506   506   506   506   506   506   506   506 
1986  -0.5  -5.1   2.5   5.2  13.0  15.6  16.7  15.3  10.7   9.6   7.0   2.7   506   506   506   506   506   506   506   506   506   506   506   506 
1987  -4.8  -0.3  -0.5   8.0   9.2  12.9  15.3  14.8  12.8   9.4   6.0   2.4   506   506   506   506   506   506   506   506   506   506   506   506 
1988   3.8   2.7   2.8   6.8  12.8  15.1  16.2  15.7  13.1   9.1   3.9   4.2   506   506   506   506   506   506   506   506   506   506   506   506 
1989   4.2   4.2   6.5   6.4  12.3  15.0  16.9  16.2  14.3  10.4   3.7   2.3   506   506   506   506   506   506   506   506   506   506   506   506 
1990   4.2   6.1   6.6   7.6  12.7  14.6  15.9  17.6  11.8  10.6   4.9   2.2   506   506   506   506   506   506   506   506   506   506   506   506 
1991   2.3  -1.3   5.7   6.8   9.6  12.2  18.1  17.1  14.0   8.5   4.5   2.3   506   506   506   506   506   506   506   506   506   506   506   506 
1992   2.2   3.9   4.7   7.1  13.6  17.7  18.4  17.3  13.3   6.3   5.1   2.4   506   506   506   506   506   506   506   506   506   506   506   506 
1993   2.4   0.9   3.6   8.7  13.3  14.1  15.0  14.2  11.8   7.4   0.9   2.9   506   506   506   506   506   506   506   506   506   506   506   506 
1994   3.4  -1.3   4.4   8.1  11.9  14.0  20.7  17.3  13.2   7.9   7.2   3.8   506   506   506   506   506   506   506   506   506   506   506   506 
1995   0.6   4.4   3.2   7.2  11.4  14.3  18.7  19.1  13.6  11.5   3.5  -2.7   506   506   506   506   506   506   506   506   506   506   506   506 
1996  -3.0  -3.3  -0.1   7.9   9.5  14.3  15.3  17.8  11.2   9.1   4.4  -1.2   506   506   506   506   506   506   506   506   506   506   506   506 
1997  -1.9   4.4   4.5   5.9  10.8  15.6  17.5  20.7  12.9   7.8   3.6   2.6   506   506   506   506   506   506   506   506   506   506   506   506 
1998   3.1   5.3   4.8   7.9  12.4  15.0  15.1  15.3  13.0   8.6   1.8   1.0   506   506   506   506   506   506   506   506   506   506   506   506 
1999   3.2   1.0   4.8   8.3  12.2  14.2  18.2  17.0  16.9   9.3   4.9   2.8   506   506   506   506   506   506   506   506   506   506   506   506 
2000   2.8   4.2   4.5   9.4  13.7  15.3  15.2  16.1  13.9  11.1   6.6   3.7   506   506   506   506   506   506   506   506   506   506   506   506 
2001   1.1   1.7   2.3   6.7  13.1  13.9  18.3  17.7  12.7  12.5   5.0   0.6   506   506   506   506   506   506   506   506   506   506   506   506 
2002   3.0   5.0   4.7   7.7  13.3  16.2  17.3  19.9  14.6   7.5   4.2  -0.3   506   506   506   506   506   506   506   506   506   506   506   506 
2003   0.4  -1.3   4.4   8.0  12.7  17.0  19.1  18.6  14.3   6.0   6.7 -99.0   506   506   506   506   506   506   506   506   506   506   506   -99 
