Number= 105370
Name= NEU-ULRICHSTEIN
Country= GERMANY
Lat=   50.8
Long=   -9.0
Height= 350
Start year= 2011
End year= 2018
First Good year= 2011
Source ID= 73
Source file= Jones
Jones data to= 2017
Normals source start year= 2011
Normals source end year= 1990
Normals= -99.0 -99.0 -99.0 -99.0 -99.0 -99.0 -99.0 -99.0 -99.0 -99.0 -99.0 -99.0 
Standard deviations source= Data
Standard deviations source start year= 2011
Standard deviations source end year= 1990
Obs:
2011 -99.0   0.6   5.5  11.9  13.9  15.8  15.3  17.3  15.1   9.1   3.7   2.9   -99   506   506   506   506   506   506   506   506   506   506   506 
2012   1.3  -3.0   7.2   7.6  13.8  14.4  16.6  18.2  13.2   8.1   4.6   1.7   506   506   506   506   506   506   506   506   506   506   506   506 
2013  -0.6  -1.5  -0.4   7.8  10.7  15.0  18.9  17.8  12.9  10.0   3.5   3.2   506   506   506   506   506   506   506   506   506   506   506   506 
2014   2.7 -99.0   7.2  10.9  11.7  15.3  18.9  15.2  14.4  11.4   5.7   1.8   506   -99   506   506   506   506   506   506   506   506   506   506 
2015   1.1   0.3   4.7   8.7  12.2  15.4  19.3  19.4  12.2   8.0   6.9   6.0   506   506   506   506   506   506   506   506   506   506   506   506 
2016   1.1   2.5   3.3   7.3  13.0  16.2  18.2  17.6  17.2   7.9   3.6   1.0   506   506   506   506   506   506   506   506   506   506   506   506 
2017  -2.9   2.9   7.3   7.2  13.8  17.2  17.6  17.3  12.3  10.6   4.4   2.1   506   506   902   902   902   902   902   902   902   902   902   902 
2018   3.4  -2.5   2.3  12.6  15.3  17.0  20.3  19.6  14.7  10.5   5.0   3.0   902   902   902   902   902   902   902   902   902   902   902   902 
