Number= 107650
Name= ROTH
Country= GERMANY
Lat=   49.2
Long=  -11.1
Height= 385
Start year= 2000
End year= 2017
First Good year= 2000
Source ID= 73
Source file= Jones
Jones data to= 2017
Normals source start year= 2000
Normals source end year= 1990
Normals= -99.0 -99.0 -99.0 -99.0 -99.0 -99.0 -99.0 -99.0 -99.0 -99.0 -99.0 -99.0 
Standard deviations source= Data
Standard deviations source start year= 2000
Standard deviations source end year= 1990
Obs:
2000 -99.0 -99.0 -99.0 -99.0 -99.0 -99.0  16.2  18.8  13.8   9.9   4.9 -99.0   -99   -99   -99   -99   -99   -99   506   506   506   506   506   -99 
2001  -0.3   1.7   5.4   7.6  15.3  15.2  18.7  19.1  11.3  11.9   2.0  -1.5   506   506   506   506   506   506   506   506   506   506   506   506 
2002  -0.9   4.8   5.1   8.3  14.0  18.7  17.9  18.5  12.5   8.4   5.8   0.9   506   506   506   506   506   506   506   506   506   506   506   506 
2003  -1.0  -3.5   5.1   8.5  15.3  21.1  19.5  22.3  13.5   5.7   4.6   0.9   506   506   506   506   506   506   506   506   506   506   506   506 
2004  -0.4   2.0   3.5   9.3  11.6  16.0  17.8  18.6  13.9   9.7   3.4  -0.5   506   506   506   506   506   506   506   506   506   506   506   506 
2005   0.4  -2.4   3.0   9.5  13.4  17.9  18.5  15.9  14.6   9.9   2.7  -0.5   506   506   506   506   506   506   506   506   506   506   506   506 
2006  -3.6  -0.9   2.0   8.5  13.4  17.5  22.3  15.2  16.5  11.7   5.9   2.4   506   506   506   506   506   506   506   506   506   506   506   506 
2007   4.1   4.1   5.6  11.9  15.1  18.1  18.3  17.2  12.2   7.8   2.6   0.5   506   506   506   506   506   506   506   506   506   506   506   506 
2008   3.0   3.0   4.3   8.2  15.1  17.9  18.7  17.8  12.2   8.6   4.3   0.6   506   506   506   506   506   506   506   506   506   506   506   506 
2009  -4.0  -0.1   4.0  11.8  14.4  15.9  18.4  19.3  15.0   8.2   6.6 -99.0   506   506   506   506   506   506   506   506   506   506   506   -99 
2010  -3.1  -0.3   3.9   8.8  11.4  17.2  20.6  16.8  11.8   7.3   5.0  -3.4   506   506   506   506   506   506   506   506   506   506   506   506 
2011   0.3   0.5   5.1  11.5  14.9  17.1  16.2  18.6  15.4   8.4   3.0   3.4   506   506   506   506   506   506   506   506   506   506   506   506 
2012   1.2  -4.1   6.4   9.3  15.1 -99.0  18.3  19.6  13.7   8.0   4.8   0.6   506   506   506   506   506   -99   506   506   506   506   506   506 
2013   0.3  -1.0   1.1   9.2  11.8  16.3  20.4  17.8  13.5   9.9 -99.0 -99.0   506   506   506   506   506   506   506   506   506   506   -99   -99 
2014   2.5   3.7   6.5  10.8  12.8  17.1  19.3  16.3  14.4  11.4   5.5   2.6   506   506   506   506   506   506   506   506   506   506   506   506 
2015   1.8  -0.8   5.1   8.7  13.4  17.1  21.4  21.1  13.1   8.0   6.9   5.2   506   506   506   506   506   506   506   506   506   506   506   506 
2016   1.2   3.4   3.9   8.2  13.4  17.2  19.4  18.2  16.7   8.0   3.4   0.5   506   506   506   506   506   506   506   506   506   506   506   506 
2017  -4.3   3.1 -99.0 -99.0 -99.0 -99.0 -99.0 -99.0 -99.0 -99.0 -99.0 -99.0   506   506   -99   -99   -99   -99   -99   -99   -99   -99   -99   -99 
