Number= 560040
Name= TUOTUOHE
Country= CHINA
Lat=   34.2
Long=  -92.4
Height= 4533
Start year= 1956
End year= 2020
First Good year= 1956
Source ID= 68
Source file= Jones
Jones data to= 2016
Normals source= Data
Normals source start year= 1961
Normals source end year= 1990
Normals= -15.8 -13.4  -8.7  -3.5   1.3   5.5   8.0   7.7   4.4  -3.2 -11.4 -14.8 
Standard deviations source= Data
Standard deviations source start year= 1956
Standard deviations source end year= 1990
Standard deviations=   2.7   2.0   1.2   1.0   0.8   1.0   0.9   0.7   1.0   2.0   3.5   2.5 
Obs:
1956 -99.0 -99.0 -99.0 -99.0 -99.0 -99.0 -99.0 -99.0 -99.0  -4.1 -11.5 -99.0   -99   -99   -99   -99   -99   -99   -99   -99   -99   506   506   -99 
1957 -99.0 -14.5 -10.5  -6.0  -1.3   3.6   7.6   6.5   3.5  -4.6  -9.9 -13.2   -99   506   506   506   506   506   506   506   506   506   506   506 
1958 -13.4 -16.0  -9.2  -3.5 -99.0   4.9   8.4   7.3   4.7  -1.4  -7.2 -12.2   506   506   506   506   -99   506   506   506   506   506   506   506 
1959 -14.8 -15.7  -9.1  -3.3   1.1   5.4   9.1   6.9   1.3  -3.2  -9.9 -13.1   506   506   506   506   506   506   506   506   506   506   506   506 
1960 -16.8 -11.9  -8.5  -4.1   1.7   5.7   8.8   7.7   4.8  -3.3 -10.1 -12.9   506   506   506   506   506   506   506   506   506   506   506   506 
1961 -14.3 -14.1  -9.9  -3.2   0.4   6.8   8.8   8.6   4.2  -0.2 -12.0 -17.7   506   506   506   506   506   506   506   506   506   506   506   506 
1962 -17.1 -14.7 -10.5  -3.4   0.3   5.7   8.1   7.4   5.1  -2.9 -10.2 -15.7   506   506   506   506   506   506   506   506   506   506   506   506 
1963 -17.7 -14.4  -9.0  -3.2   1.5   4.7   8.0   8.0   5.6  -3.0 -11.4 -15.4   506   506   506   506   506   506   506   506   506   506   506   506 
1964 -15.6 -13.7  -8.5  -2.0   0.5   5.1   8.1   7.5   4.8  -1.2 -10.3 -13.6   506   506   506   506   506   506   506   506   506   506   506   506 
1965 -15.3 -13.5 -11.2  -3.8   1.6   5.1   6.9   6.6   3.3  -3.7 -11.3 -14.1   506   506   506   506   506   506   506   506   506   506   506   506 
1966 -15.1 -10.9  -7.1  -3.5   2.0   4.5   9.2   8.7   3.7  -4.8 -10.4 -14.6   506   506   506   506   506   506   506   506   506   506   506   506 
1967 -16.0 -13.2 -10.3  -5.0   1.8   4.5   7.9   8.0   4.8  -5.9 -14.5 -15.1   506   506   506   506   506   506   506   506   506   506   506   506 
1968 -15.9 -14.8  -7.8  -3.8   1.1   5.5   7.3   6.8   4.9  -7.6 -13.3 -13.8   506   506   506   506   506   506   506   506   506   506   506   506 
1969 -14.1 -10.8  -6.0  -2.4   2.6   5.9   8.0   7.2   4.5  -3.5  -9.6 -14.1   506   506   506   506   506   506   506   506   506   506   506   506 
1970 -15.8 -15.0  -9.5  -4.6   0.7   4.7   8.9   7.7   5.1  -3.8 -11.0 -13.2   506   506   506   506   506   506   506   506   506   506   506   506 
1971 -16.9 -14.2  -8.6  -1.6   1.1   5.4   8.6   7.4   5.4  -1.8  -9.8 -14.1   506   506   506   506   506   506   506   506   506   506   506   506 
1972 -12.4 -12.2  -6.9  -4.3   2.7   6.1  10.2   9.1   3.7  -3.3 -17.8 -14.4   506   506   506   506   506   506   506   506   506   506   506   506 
1973 -13.5 -12.2  -8.1  -2.9   2.0   4.3   8.3   7.5   5.2  -5.9 -14.9 -15.8   506   506   506   506   506   506   506   506   506   506   506   506 
1974 -14.7 -11.3  -8.5  -2.5   1.5   6.1   7.8   8.3   4.4   0.6  -8.6 -14.3   506   506   506   506   506   506   506   506   506   506   506   506 
1975 -15.5 -13.3  -8.9  -3.2   0.5   7.1   7.4   8.1   5.8  -0.5 -10.1 -15.3   506   506   506   506   506   506   506   506   506   506   506   506 
1976 -15.3 -11.9  -8.5  -3.4   1.1   4.6   5.8   6.7   3.9  -3.2  -8.7 -14.0   506   506   506   506   506   506   506   506   506   506   506   506 
1977 -14.0 -13.2  -8.5  -3.5  -0.5   4.1   8.2   7.4   5.1  -3.9 -10.0 -14.6   506   506   506   506   506   506   506   506   506   506   506   506 
1978 -18.7 -12.9  -8.4  -3.2   1.7   5.8   8.3   8.0   3.5  -1.9 -10.7 -13.3   506   506   506   506   506   506   506   506   506   506   506   506 
1979 -13.6 -13.1 -10.1  -1.6   3.2   5.4   6.2   8.5   2.2  -3.9  -9.5 -14.2   506   506   506   506   506   506   506   506   506   506   506   506 
1980 -16.4 -12.3  -8.3  -3.6   1.2   5.0   8.0   7.5   5.0  -4.1  -9.3 -12.8   506   506   506   506   506   506   506   506   506   506   506   506 
1981 -15.9 -12.3  -9.0  -3.6   2.1   6.9   9.4   9.1   4.8  -1.5 -10.9 -14.9   506   506   506   506   506   506   506   506   506   506   506   506 
1982 -13.2 -14.6  -8.7  -4.4   1.1   5.1   8.0   8.0   4.6  -1.7  -9.2 -14.3   506   506   506   506   506   506   506   506   506   506   506   506 
1983 -16.2 -17.4  -9.6  -5.7   1.2   4.0   7.7   6.9   5.2  -1.5 -10.7 -14.4   506   506   506   506   506   506   506   506   506   506   506   506 
1984 -16.3 -12.0  -7.1  -3.0   1.2   6.0   7.4   6.0   3.9  -2.5 -10.8 -12.8   506   506   506   506   506   506   506   506   506   506   506   506 
1985 -16.7 -14.6  -7.1  -3.7   1.5   5.0   6.9   8.7   3.5  -8.9 -28.1 -26.9   506   506   506   506   506   506   506   506   506   506   506   506 
1986 -28.3 -20.8 -10.7  -3.1   1.3   5.1   7.9   7.3   3.1  -4.5  -9.7 -14.2   506   506   506   506   506   506   506   506   506   506   506   506 
1987 -15.0 -11.4  -8.1  -3.5   1.2   8.4   8.3   6.8   3.5  -4.3  -9.3 -17.5   506   506   506   506   506   506   506   506   506   506   506   506 
1988 -16.1 -10.6  -8.4  -3.3   1.2   6.3   8.7   8.4   4.4  -1.6 -10.0 -13.2   506   506   506   506   506   506   506   506   506   506   506   506 
1989 -17.1 -14.0  -8.2  -5.6   1.4   5.9   8.4   7.6   6.1  -1.3 -10.1 -13.7   506   506   506   506   506   506   506   506   506   506   506   506 
1990 -12.6 -12.8  -9.7  -4.5   0.8   5.5   8.2   7.5   4.0  -2.8  -9.5 -13.0   506   506   506   506   506   506   506   506   506   506   506   506 
1991 -16.4 -10.9  -7.4  -3.5   1.9   7.1   8.8   7.7   4.0  -2.8 -10.4 -13.8   506   506   506   506   506   506   506   506   506   506   506   506 
1992 -14.1 -15.3  -8.2  -3.0   1.6   4.9   6.3   7.7   5.5  -3.9 -10.6 -15.0   506   506   506   506   506   506   506   506   506   506   506   506 
1993 -16.4 -10.7  -9.4  -3.6   1.5   4.8   8.2   7.7   3.7  -2.7  -9.3 -13.3   506   506   506   506   506   506   506   506   506   506   506   506 
1994 -12.8 -13.5  -9.2  -4.1   2.6   6.1   8.0   8.8   7.0  -3.0 -10.0 -14.1   506   506   506   506   506   506   506   506   506   506   506   506 
1995 -17.6 -13.7  -8.0  -4.1   3.7   7.7   8.1   8.1   5.5  -1.8  -8.3 -16.3   506   506   506   506   506   506   506   506   506   506   506   506 
1996 -18.7 -12.2  -6.2  -2.2   2.2   5.3   9.0   9.3   3.8  -1.7  -9.5 -13.4   506   506   506   506   506   506   506   506   506   506   506   506 
1997 -15.9 -15.8  -7.6  -4.6   1.5   5.5   8.1   7.9   3.4  -4.5 -11.4 -18.0   506   506   506   506   506   506   506   506   506   506   506   506 
1998 -15.2 -12.7  -8.6  -2.6   3.7   8.5   8.4   8.7   5.9  -0.6  -8.2 -13.9   506   506   506   506   506   506   506   506   506   506   506   506 
1999 -14.4  -9.6  -6.4  -1.1   2.8   7.0   8.5   8.3   5.5  -5.5 -17.4 -20.1   506   506   506   506   506   506   506   506   506   506   506   506 
2000 -18.1 -17.9  -9.3  -3.3   2.2   7.6  10.1   7.6   4.2  -1.7  -9.3 -13.3   506   506   506   506   506   506   506   506   506   506   506   506 
2001 -15.0 -12.1  -9.8  -3.7   0.9   5.3   9.9   8.0   5.9  -1.2  -7.6 -13.3   506   506   506   506   506   506   506   506   506   506   506   506 
2002 -15.4 -11.2  -8.5  -1.9   1.1   6.5  10.2   8.6   4.9  -2.8  -9.6 -12.0   506   506   506   506   506   506   506   506   506   506   506   506 
2003 -13.2 -12.2  -7.2  -2.1   0.9   6.0   8.0   8.9   5.4  -0.7  -8.5 -13.0   506   506   506   506   506   506   506   506   506   506   506   506 
2004 -14.2 -12.4  -5.8  -2.2   2.6   5.9   8.5   8.7   5.8  -2.3 -11.0 -12.4   506   506   506   506   506   506   506   506   506   506   506   506 
2005 -13.3 -11.6  -5.9  -3.3   1.8   6.2   9.2   9.1   6.0  -1.1  -8.9 -13.2   506   506   506   506   506   506   506   506   506   506   506   506 
2006  -9.5  -8.0  -7.8  -3.1   2.2   7.1  10.5   9.1   5.5  -2.0  -9.1 -12.5   506   506   506   506   506   506   506   506   506   506   506   506 
2007 -14.4 -13.4  -6.9  -1.9   3.0   4.7   8.6   9.7   5.4   0.3  -9.3 -12.1   506   506   506   506   506   506   506   506   506   506   506   506 
2008 -13.1 -14.0  -8.5  -3.2   3.1   6.1   8.6   7.3   5.3  -2.5  -9.2 -11.0   506   506   506   506   506   506   506   506   506   506   506   506 
2009 -12.1 -10.7  -6.8  -0.7   1.7   7.4   9.6   8.3   6.7  -1.0  -7.2 -12.1   506   506   506   506   506   506   506   506   506   506   506   506 
2010 -12.6 -10.2  -5.5  -1.1   3.7   6.7  10.5  10.3   6.3  -1.1  -7.9 -13.8   506   506   506   506   506   506   506   506   506   506   506   506 
2011 -15.3 -10.7  -8.9  -2.5   2.4   6.0   8.7   8.8   6.1  -0.6  -7.9 -11.6   506   506   506   506   506   506   506   506   506   506   506   506 
2012 -15.8 -11.8  -8.3  -2.6   2.6   7.1   9.7   9.5   5.7  -2.6  -9.1 -12.8   506   506   506   506   506   506   506   506   506   506   506   506 
2013 -13.7  -9.6  -6.3  -2.6   2.4   8.1   9.7   9.8   3.9  -1.5 -10.5 -13.1   506   506   506   506   506   506   506   506   506   506   506   506 
2014 -14.1 -11.7  -7.9  -3.3   1.9   6.6   9.5   7.7   5.4  -0.5  -8.3 -13.3   506   506   506   506   506   506   506   506   506   506   506   506 
2015 -15.6 -10.5  -6.3  -2.0   2.2   6.2   7.5   8.0   6.9  -1.1  -6.9 -13.6   506   506   506   506   506   506   506   506   506   506   506   506 
2016 -14.5 -11.5  -6.4  -2.4   2.8   7.4  10.2  11.2   4.8  -0.6  -7.0 -10.1   506   506   506   506   506   506   506   506   506   506   506   506 
2017 -14.3  -9.9  -8.8  -1.8   1.5   5.3   9.5   9.0   5.1  -0.7  -9.9 -10.5   900   900   900   900   900   900   900   900   900   900   900   900 
2018 -13.3 -10.6  -7.1  -2.0   2.5   6.3   9.6   9.3   5.3  -4.1  -9.0 -14.4   900   900   900   900   900   900   900   900   900   900   900   900 
2019 -14.8 -11.1  -9.2  -2.5   2.0   5.8   7.5   8.5   5.1  -1.9  -6.8 -99.0   900   900   900   900   900   900   900   900   900   900   900   -99 
2020 -15.1 -13.2  -7.5  -4.0   0.8   6.1   8.2   8.4   6.6  -0.5  -7.9 -13.1   900   900   900   900   900   900   900   900   900   900   900   900 
