Number= 617050
Name= SIBANOR
Country= GAMBIA
Lat=   13.2
Long=   16.2
Height= -9999
Start year= 1991
End year= 2012
First Good year= 1991
Source ID= 98
Source file= Jones
Jones data to= 2012
Normals source start year= 1991
Normals source end year= 1990
Normals= -99.0 -99.0 -99.0 -99.0 -99.0 -99.0 -99.0 -99.0 -99.0 -99.0 -99.0 -99.0 
Standard deviations source= Data
Standard deviations source start year= 1991
Standard deviations source end year= 1990
Obs:
1991  25.1  25.8  27.5  28.1  28.1  30.1  28.1  27.6  27.8  27.7  26.8  25.3   506   506   506   506   506   506   506   506   506   506   506   506 
1992  24.5  25.5  26.8  29.0  29.4  30.0  27.9  27.3  27.1  27.8  26.2  24.5   506   506   506   506   506   506   506   506   506   506   506   506 
1993  24.5  26.3  28.0  29.0  30.2  29.7  28.0  27.7  27.7  27.9  25.5  23.5   506   506   506   506   506   506   506   506   506   506   506   506 
1994  22.5  26.0  28.1  28.6  29.2  29.6  28.1  27.0  28.0  28.3  27.0 -99.0   506   506   506   506   506   506   506   506   506   506   506   -99 
1995 -99.0 -99.0 -99.0 -99.0 -99.0 -99.0 -99.0 -99.0 -99.0 -99.0 -99.0 -99.0   -99   -99   -99   -99   -99   -99   -99   -99   -99   -99   -99   -99 
1996 -99.0 -99.0 -99.0 -99.0 -99.0 -99.0 -99.0 -99.0 -99.0 -99.0 -99.0 -99.0   -99   -99   -99   -99   -99   -99   -99   -99   -99   -99   -99   -99 
1997 -99.0 -99.0 -99.0 -99.0 -99.0  30.5 -99.0 -99.0 -99.0 -99.0 -99.0 -99.0   -99   -99   -99   -99   -99   506   -99   -99   -99   -99   -99   -99 
1998 -99.0 -99.0 -99.0 -99.0  30.4  30.0  28.8  28.4  28.2  28.8  27.1  24.6   -99   -99   -99   -99   506   506   506   506   506   506   506   506 
1999  23.8 -99.0 -99.0 -99.0 -99.0 -99.0  27.6 -99.0 -99.0 -99.0 -99.0 -99.0   506   -99   -99   -99   -99   -99   506   -99   -99   -99   -99   -99 
2000 -99.0 -99.0 -99.0 -99.0 -99.0 -99.0 -99.0 -99.0 -99.0 -99.0 -99.0 -99.0   -99   -99   -99   -99   -99   -99   -99   -99   -99   -99   -99   -99 
2001 -99.0 -99.0 -99.0 -99.0 -99.0 -99.0 -99.0 -99.0  28.0 -99.0 -99.0  26.2   -99   -99   -99   -99   -99   -99   -99   -99   506   -99   -99   506 
2002  24.9  26.6  28.7  29.4  30.5  30.0  29.8 -99.0 -99.0 -99.0 -99.0 -99.0   506   506   506   506   506   506   506   -99   -99   -99   -99   -99 
2003 -99.0 -99.0 -99.0 -99.0 -99.0 -99.0 -99.0 -99.0 -99.0 -99.0 -99.0 -99.0   -99   -99   -99   -99   -99   -99   -99   -99   -99   -99   -99   -99 
2004 -99.0 -99.0 -99.0 -99.0 -99.0 -99.0  27.0  28.3  28.4  29.7  28.7  27.3   -99   -99   -99   -99   -99   -99   506   506   506   506   506   506 
2005  26.3  27.6  30.6  30.5  31.8  31.3  28.7  28.6  28.5  29.2  27.9  27.5   506   506   506   506   506   506   506   506   506   506   506   506 
2006  25.1  27.2  29.6  30.3  30.4  31.2  29.1  28.3  28.6  29.7  29.5  24.8   506   506   506   506   506   506   506   506   506   506   506   506 
2007  26.2  28.1  29.7  29.5  30.4  30.2  29.1  27.6  27.6  28.3  25.6  23.1   506   506   506   506   506   506   506   506   506   506   506   506 
2008  21.5  25.6  27.7  28.4  29.0  28.7  27.2  27.1  27.4  27.4  25.9  23.5   506   506   506   506   506   506   506   506   506   506   506   506 
2009  22.3  24.7  26.4  28.3  29.3  29.7  28.3  27.6  27.5  28.6  26.0  24.6   506   506   506   506   506   506   506   506   506   506   506   506 
2010  24.7  27.1  29.1  30.3  30.3  30.0  27.9  27.7  27.5  28.3  26.6  25.7   506   506   506   506   506   506   506   506   506   506   506   506 
2011  23.9  25.3  27.5  29.3  28.8  29.8  28.5  27.6  28.0  28.6  26.7  23.3   506   506   506   506   506   506   506   506   506   506   506   506 
2012  23.5  24.8  27.5  28.8  29.4  29.4 -99.0 -99.0 -99.0  28.6  27.6  25.0   506   506   506   506   506   506   -99   -99   -99   506   506   506 
