Number= 588260
Name= SHAXIAN
Country= CHINA
Lat=   26.4
Long= -117.8
Height= 121
Start year= 1956
End year= 2016
First Good year= 1956
Source ID= 68
Source file= Jones
Jones data to= 2016
Normals source= Data
Normals source start year= 1961
Normals source end year= 1990
Normals=  10.3  11.7  15.5  20.3  24.0  26.6  29.4  28.9  26.3  21.6  16.4  11.6 
Standard deviations source= Data
Standard deviations source start year= 1956
Standard deviations source end year= 1990
Standard deviations=   1.5   2.1   1.6   1.2   1.1   1.1   0.6   0.5   1.0   1.1   1.4   1.7 
Obs:
1956 -99.0 -99.0 -99.0 -99.0 -99.0 -99.0 -99.0 -99.0 -99.0 -99.0  13.9  10.8   -99   -99   -99   -99   -99   -99   -99   -99   -99   -99   506   506 
1957  12.2   7.6  13.8  21.0  23.6  26.1  29.7  29.4  25.3  19.7  16.7  13.5   506   506   506   506   506   506   506   506   506   506   506   506 
1958   9.2  10.4  17.2  22.3  23.7  26.9  28.8  28.7  26.5  20.1  15.1  11.4   506   506   506   506   506   506   506   506   506   506   506   506 
1959   8.7  12.8  17.0  20.8  24.5  25.6  29.2  28.6  25.6  20.2  17.6  14.0   506   506   506   506   506   506   506   506   506   506   506   506 
1960  10.6  14.0  19.4  19.3  22.5  26.8  29.5  28.3  27.5  21.0  17.1  10.6   506   506   506   506   506   506   506   506   506   506   506   506 
1961   8.9  10.5  15.9  20.4  24.2  28.8  29.4  28.7  27.2  22.7  18.3  13.2   506   506   506   506   506   506   506   506   506   506   506   506 
1962   7.5  13.3  14.5  19.7  23.7  25.6  29.7  28.8  27.1  21.6  15.3  11.3   506   506   506   506   506   506   506   506   506   506   506   506 
1963 -99.0  10.3  15.7  21.7  27.6  26.5  28.8  29.5  28.1  21.1  18.0  11.6   -99   506   506   506   506   506   506   506   506   506   506   506 
1964  11.1   9.9  16.3  23.7  24.8  25.6  30.1  29.2  27.6  22.7  15.5  10.8   506   506   506   506   506   506   506   506   506   506   506   506 
1965  11.4  14.8  14.4  19.6  23.2  25.1  28.8  27.8  24.9  21.3  19.0  11.0   506   506   506   506   506   506   506   506   506   506   506   506 
1966  12.0  14.1  17.4  21.4  23.1  25.5  29.0  29.1  23.7  21.7  17.3  13.0   506   506   506   506   506   506   506   506   506   506   506   506 
1967   9.1  10.1  16.6  21.2  26.2  27.2  30.0  29.1  24.9  20.3  18.5   8.0   506   506   506   506   506   506   506   506   506   506   506   506 
1968  10.5   7.3  15.8  20.1  24.6  24.7  29.0  29.0  26.6  20.9  17.4  16.6   506   506   506   506   506   506   506   506   506   506   506   506 
1969  11.5   9.8  14.8  21.3  25.1  24.8  30.1  29.2  27.1  20.6  14.2  10.6   506   506   506   506   506   506   506   506   506   506   506   506 
1970   8.6  13.7  12.1  18.2  23.8  26.7  29.1  29.1  27.2  21.5  16.1  12.7   506   506   506   506   506   506   506   506   506   506   506   506 
1971   8.0  12.7  15.5  21.4  23.4  28.3  30.3  29.3  26.2  20.4  15.5  11.8   506   506   506   506   506   506   506   506   506   506   506   506 
1972  12.1  11.0  16.9  18.3  24.4  27.8  28.7  28.3  25.6  22.0  17.6  11.3   506   506   506   506   506   506   506   506   506   506   506   506 
1973  10.4  16.2  17.7  21.3  23.0  26.1  28.3  28.4  26.7  21.0  15.3   9.0   506   506   506   506   506   506   506   506   506   506   506   506 
1974   9.6  10.1  14.9  20.7  24.4  26.4  29.3  27.6  26.7  22.4  16.6  13.0   506   506   506   506   506   506   506   506   506   506   506   506 
1975  11.0  13.1  15.3  20.9  22.3  27.0  29.2  28.5  27.9  22.6  15.3   8.8   506   506   506   506   506   506   506   506   506   506   506   506 
1976   9.7  13.2  15.1  19.3  24.2  25.1  28.4  29.2  25.2  21.1  13.0  12.0   506   506   506   506   506   506   506   506   506   506   506   506 
1977   7.5   9.6  17.5  21.3  25.2  27.1  29.4  28.6  26.2  21.9  15.6  14.5   506   506   506   506   506   506   506   506   506   506   506   506 
1978  10.1  12.1  15.0  19.9  23.1  26.7  29.8  28.4  27.0  21.0  16.6  12.7   506   506   506   506   506   506   506   506   506   506   506   506 
1979  11.8  13.9  14.6  20.2  22.5  26.5  30.2  29.0  26.1  19.3  14.4  14.3   506   506   506   506   506   506   506   506   506   506   506   506 
1980  10.9   9.6  17.3  18.7  23.4  28.4  29.8  28.6  25.1  22.2  17.4  11.4   506   506   506   506   506   506   506   506   506   506   506   506 
1981  10.4  12.7  16.8  21.3  22.6  25.8  28.8  30.2  26.4  21.7  16.0  10.1   506   506   506   506   506   506   506   506   506   506   506   506 
1982  11.9  11.6  16.7  19.5  24.0  23.9  28.5  28.9  25.8  22.4  17.8   9.4   506   506   506   506   506   506   506   506   506   506   506   506 
1983   9.8  10.6  13.9  21.3  24.7  28.0  30.1  29.6  27.8  24.3  15.4   9.5   506   506   506   506   506   506   506   506   506   506   506   506 
1984   7.3   8.8  15.2  19.2  22.9  27.7  29.4  28.3  25.7  20.5  17.8  11.0   506   506   506   506   506   506   506   506   506   506   506   506 
1985  10.2  11.4  13.1  19.1  25.7  26.3  28.7  28.6  26.1  23.5  16.5  10.6   506   506   506   506   506   506   506   506   506   506   506   506 
1986   9.7   9.7  14.2  21.5  24.6  27.4  29.3  28.8  25.9  21.3  16.4  12.3   506   506   506   506   506   506   506   506   506   506   506   506 
1987  12.1  14.5  17.4  20.6  23.4  26.6  29.8  29.2  24.9  22.4  17.8  10.9   506   506   506   506   506   506   506   506   506   506   506   506 
1988  12.6  11.4  12.9  18.1  24.0  27.6  30.4  29.1  25.1  21.7  14.6  11.3   506   506   506   506   506   506   506   506   506   506   506   506 
1989  10.7  12.2  15.4  20.3  22.7  26.6  29.0  29.1  27.0  21.7  16.2  11.7   506   506   506   506   506   506   506   506   506   506   506   506 
1990  11.3  12.7  16.8  19.1  23.0  27.2  29.8  28.4  26.0  20.3  17.8  12.7   506   506   506   506   506   506   506   506   506   506   506   506 
1991  11.0  12.7  17.0  20.7  24.4  27.8  30.2  29.0  26.3  20.0  15.2  12.3   506   506   506   506   506   506   506   506   506   506   506   506 
1992  10.2  10.7  14.3  21.1  23.2  26.1  28.7  28.6  26.8  19.7  14.8  13.9   506   506   506   506   506   506   506   506   506   506   506   506 
1993   9.2  13.1  15.5  20.1  23.9  26.5  28.9  29.4  26.4  20.4  18.0  11.5   506   506   506   506   506   506   506   506   506   506   506   506 
1994  12.3  11.7  13.1  22.7  24.6  26.8  29.7  29.1  25.3  20.8  18.6  14.4   506   506   506   506   506   506   506   506   506   506   506   506 
1995  10.3  10.2  15.1  21.0  24.0  26.6  29.0  28.2  26.7  23.2  15.3  10.9   506   506   506   506   506   506   506   506   506   506   506   506 
1996  10.3   9.5  15.6  17.1  22.8  27.9  29.2  28.2  26.1  22.2  18.6  10.9   506   506   506   506   506   506   506   506   506   506   506   506 
1997  10.8  12.4  17.3  21.0  23.8  26.0  27.7  28.1  24.2  21.7  17.5  13.0   506   506   506   506   506   506   506   506   506   506   506   506 
1998  10.4  13.2  16.4  23.6  25.4  27.0  29.9  29.8  26.1  23.3  18.0  13.8   506   506   506   506   506   506   506   506   506   506   506   506 
1999  12.2  13.7  15.9  20.8  22.6  28.4  28.9  28.5  27.3  23.0  17.5  10.8   506   506   506   506   506   506   506   506   506   506   506   506 
2000  11.9  11.3  15.7  19.9  25.1  26.7  29.2  28.6  26.2  23.4  16.8  13.9   506   506   506   506   506   506   506   506   506   506   506   506 
2001  12.2  13.5  17.2  19.1  24.7  27.1  29.4  28.9  26.5  22.9  15.8  12.7   506   506   506   506   506   506   506   506   506   506   506   506 
2002  11.4  14.6  18.5  22.7  25.3  27.9  29.1  28.7  25.6  21.3  16.5  13.1   506   506   506   506   506   506   506   506   506   506   506   506 
2003  10.1  15.1  16.1  22.5  24.5  26.3  31.8  31.0  28.1  22.1  18.0  10.9   506   506   506   506   506   506   506   506   506   506   506   506 
2004  10.2  13.5  15.6  21.0  24.7  27.4  29.4  30.0  26.1  19.8  17.4  12.0   506   506   506   506   506   506   506   506   506   506   506   506 
2005   8.8  12.2  14.5  21.4  24.7  27.4  29.8  29.3  27.9  22.9  18.8  10.5   506   506   506   506   506   506   506   506   506   506   506   506 
2006  13.0  13.3  15.2  20.6  23.5  27.2  30.1  29.6  25.3  24.7  17.9  12.1   506   506   506   506   506   506   506   506   506   506   506   506 
2007  10.7  15.5  16.9  19.3  25.4  27.9  31.0  28.7  26.0  22.6  16.4  14.2   506   506   506   506   506   506   506   506   506   506   506   506 
2008  10.4   9.0  16.8  21.1  23.9  27.0  29.5  29.8  28.7  24.0  17.0  11.9   506   506   506   506   506   506   506   506   506   506   506   506 
2009   9.2  19.4  15.5  20.6  24.5  27.3  29.6  29.7  28.4  22.4  15.1  12.0   506   506   506   506   506   506   506   506   506   506   506   506 
2010  12.5  14.4  17.0  18.0  24.2  25.4  30.0  30.4  28.6  21.3  17.0  11.4   506   506   506   506   506   506   506   506   506   506   506   506 
2011   7.0  12.6  14.1  21.9  23.5  29.0  30.6  30.0  27.4  22.1  19.5  11.3   506   506   506   506   506   506   506   506   506   506   506   506 
2012   9.6  12.4  16.7  21.5  25.4  27.4  29.9  29.4  26.2  22.8  16.3  12.0   506   506   506   506   506   506   506   506   506   506   506   506 
2013  10.8  15.2  18.7  19.8  25.7  28.1  29.6  30.0  27.4  21.9  16.8  10.1   506   506   506   506   506   506   506   506   506   506   506   506 
2014  10.7  11.8  15.6  21.9  24.8  28.2  30.6  29.6  28.8  22.9  18.7  10.7   506   506   506   506   506   506   506   506   506   506   506   506 
2015  11.7  13.9  16.3  21.0  24.6  29.1  28.6  28.8  26.4  23.4  19.7  13.5   506   506   506   506   506   506   506   506   506   506   506   506 
2016  11.2  11.5  15.0  22.9  25.6  28.6  30.0  29.8  26.7  24.5  18.0  14.3   506   506   506   506   506   506   506   506   506   506   506   506 
