Number= 020320
Name= TORNETRASK
Country= SWEDEN
Lat=   68.2
Long=  -19.7
Height= 393
Start year= 1971
End year= 1995
First Good year= 1971
Source ID= 73
Source file= Jones
Jones data to= 1995
Normals source start year= 1971
Normals source end year= 1990
Normals= -99.0 -99.0 -99.0 -99.0 -99.0 -99.0 -99.0 -99.0 -99.0 -99.0 -99.0 -99.0 
Standard deviations source= Data
Standard deviations source start year= 1971
Standard deviations source end year= 1990
Obs:
1971 -99.0 -99.0 -99.0 -99.0 -99.0 -99.0 -99.0 -99.0   5.0  -0.5  -8.9  -6.9   -99   -99   -99   -99   -99   -99   -99   -99   506   506   506   506 
1972 -10.6 -11.7  -6.5  -2.5   3.3  12.5  14.5  11.3   5.1   0.1  -7.7  -5.3   506   506   506   506   506   506   506   506   506   506   506   506 
1973  -8.0 -11.9  -5.6  -3.8   2.7   9.6  15.4   8.8   3.6  -2.5  -7.3 -14.9   506   506   506   506   506   506   506   506   506   506   506   506 
1974  -8.7  -8.2  -5.5  -0.5   4.5  10.8  12.3  10.5   7.1  -1.1  -6.5  -8.8   506   506   506   506   506   506   506   506   506   506   506   506 
1975 -11.5  -4.6  -5.2  -2.6   3.5   6.3   9.5   8.5   5.8   0.8  -3.5  -8.5   506   506   506   506   506   506   506   506   506   506   506   506 
1976 -17.3  -8.2  -8.6  -3.1   5.8   8.4  11.1  10.5   3.5  -2.7  -7.1 -11.2   506   506   506   506   506   506   506   506   506   506   506   506 
1977 -14.9 -13.1  -7.3  -5.7   1.6   6.7  11.6  10.7   4.3  -0.8  -4.0  -8.0   506   506   506   506   506   506   506   506   506   506   506   506 
1978 -14.9 -12.8  -8.5  -3.5   3.5  10.1  13.0   9.8   4.3  -1.2  -5.0 -15.0   506   506   506   506   506   506   506   506   506   506   506   506 
1979 -15.4 -12.7  -7.1  -2.6   3.3   9.6 -99.0  11.0   5.1  -2.2  -5.9  -8.1   506   506   506   506   506   506   -99   506   506   506   506   506 
1980 -14.3 -15.4  -8.7  -0.1   3.9  12.1  14.4  11.5   6.4  -0.6  -8.4 -13.0   506   506   506   506   506   506   506   506   506   506   506   506 
1981 -12.4 -14.5 -12.9  -2.2   4.9   5.8  11.4   9.6   5.3  -0.7  -6.2 -15.9   506   506   506   506   506   506   506   506   506   506   506   506 
1982 -11.9  -7.7  -6.3  -2.0   2.7   5.3  11.5  10.0 -99.0 -99.0 -99.0 -99.0   506   506   506   506   506   506   506   506   -99   -99   -99   -99 
1983 -99.0 -99.0 -99.0  -1.1   5.2   8.0  11.2   8.0   6.5  -0.6  -7.2 -12.2   -99   -99   -99   506   506   506   506   506   506   506   506   506 
1984 -14.3  -6.9  -8.7  -1.2   7.1 -99.0  10.2   9.4 -99.0  -0.5  -7.3  -7.2   506   506   506   506   506   -99   506   506   -99   506   506   506 
1985 -15.0 -20.2  -7.6  -5.3   2.0   9.2 -99.0 -99.0   5.3   1.2  -7.4 -99.0   506   506   506   506   506   506   -99   -99   506   506   506   -99 
1986 -99.0  -9.6  -4.9  -3.1   5.1  11.0  12.3 -99.0 -99.0   1.2  -3.5 -15.8   -99   506   506   506   506   506   506   -99   -99   506   506   506 
1987 -15.9 -12.3 -99.0  -3.2   2.4 -99.0  10.4 -99.0   5.2   4.4  -7.9 -99.0   506   506   -99   506   506   -99   506   -99   506   506   506   -99 
1988 -99.0 -99.0 -99.0 -99.0 -99.0 -99.0 -99.0 -99.0 -99.0 -99.0 -99.0 -99.0   -99   -99   -99   -99   -99   -99   -99   -99   -99   -99   -99   -99 
1989  -6.4  -8.0  -4.7   0.2   3.8   9.9 -99.0  10.1   6.3  -1.4  -2.5  -9.6   506   506   506   506   506   506   -99   506   506   506   506   506 
1990 -12.4  -4.4  -5.5  -0.5   2.8  10.2 -99.0 -99.0   6.2   1.8  -6.0  -3.6   506   506   506   506   506   506   -99   -99   506   506   506   506 
1991  -8.2 -15.8  -8.4  -1.0   2.7   9.7 -99.0 -99.0   3.9   0.5  -5.7  -3.9   506   506   506   506   506   506   -99   -99   506   506   506   506 
1992  -5.2  -5.9  -4.6  -4.2   4.9 -99.0 -99.0 -99.0   7.0  -4.9  -8.4  -4.9   506   506   506   506   506   -99   -99   -99   506   506   506   506 
1993  -7.5  -7.0  -6.8  -3.4   3.6 -99.0 -99.0 -99.0   4.0  -1.8  -5.0 -12.3   506   506   506   506   506   -99   -99   -99   506   506   506   506 
1994 -15.8 -11.1  -7.5  -0.1   2.6 -99.0 -99.0 -99.0   5.0   0.0  -4.6  -5.9   506   506   506   506   506   -99   -99   -99   506   506   506   506 
1995  -8.4  -9.3  -5.1 -99.0 -99.0 -99.0 -99.0 -99.0 -99.0 -99.0 -99.0 -99.0   506   506   506   -99   -99   -99   -99   -99   -99   -99   -99   -99 
