Number= 022600
Name= VASTMARKUM A
Country= SWEDEN
Lat=   63.1
Long=  -18.3
Height= 141
Start year= 1996
End year= 2017
First Good year= 1996
Source ID= 98
Source file= Jones
Jones data to= 2017
Normals source start year= 1996
Normals source end year= 1990
Normals= -99.0 -99.0 -99.0 -99.0 -99.0 -99.0 -99.0 -99.0 -99.0 -99.0 -99.0 -99.0 
Standard deviations source= Data
Standard deviations source start year= 1996
Standard deviations source end year= 1990
Obs:
1996  -5.4 -10.7  -3.9   1.8   5.6  11.3  13.1  14.6   7.5   3.9  -3.8  -7.5   506   506   506   506   506   506   506   506   506   506   506   506 
1997  -4.9  -5.2  -1.3   0.2   5.5  13.6  17.0  15.3   9.7   1.7  -2.5  -4.6   506   506   506   506   506   506   506   506   506   506   506   506 
1998  -4.4  -4.7  -5.1  -0.5   7.0  11.3  14.0  12.0   9.0   2.9  -5.3  -5.2   506   506   506   506   506   506   506   506   506   506   506   506 
1999  -9.0  -7.3  -3.4   2.8   6.2  13.2  15.1  12.1  10.4   3.8   1.1  -8.2   506   506   506   506   506   506   506   506   506   506   506   506 
2000  -4.8  -4.7  -2.7   1.8   8.5  11.6  14.5  12.7   7.8   6.4   2.6  -2.4   506   506   506   506   506   506   506   506   506   506   506   506 
2001  -3.4  -9.8  -6.9   1.9   7.3  12.7  15.1  13.3   9.6   4.3  -0.8  -6.0   506   506   506   506   506   506   506   506   506   506   506   506 
2002  -5.2  -3.1  -2.1   3.6   9.5  14.9  16.3  16.5   8.6  -0.2  -5.1  -9.3   506   506   506   506   506   506   506   506   506   506   506   506 
2003  -9.8  -5.0   0.1   0.9   7.3  12.1  17.7  13.9   8.6   1.5  -2.0  -4.5   506   506   506   506   506   506   506   506   506   506   506   506 
2004  -8.1  -5.0  -1.9   2.5   7.7  11.1  14.0  14.1   9.4   3.1  -3.1  -3.4   506   506   506   506   506   506   506   506   506   506   506   506 
2005  -4.0  -6.8  -5.8   3.2   6.6  12.0  16.1  13.1   8.8   4.2   0.3  -4.3   506   506   506   506   506   506   506   506   506   506   506   506 
2006  -5.7  -5.9  -7.7   1.4   7.7  13.6  15.9  16.6  11.4   3.6   0.6   0.4   506   506   506   506   506   506   506   506   506   506   506   506 
2007  -6.4  -9.0  -0.5   4.1   7.7  13.0  14.7  13.6   7.2   4.3 -99.0 -99.0   506   506   506   506   506   506   506   506   506   506   -99   -99 
2008  -2.1  -2.1  -2.9   2.5   8.1  12.6  14.8  12.0   7.3   3.6  -2.0  -2.9   506   506   506   506   506   506   506   506   506   506   506   506 
2009  -5.1 -10.8  -2.8   2.7   9.5  12.1  14.1  13.7   9.8   1.0   1.7  -7.0   506   506   506   506   506   506   506   506   506   506   506   506 
2010 -10.7 -12.2  -3.8   2.4   8.9  11.0  16.7  12.8   8.1   3.1  -6.0 -12.1   506   506   506   506   506   506   506   506   506   506   506   506 
2011  -6.6 -10.7  -2.6   5.1   7.7 -99.0  16.3  13.8  10.8   3.6   2.2  -2.5   506   506   506   506   506   -99   506   506   506   506   506   506 
2012  -5.4  -8.3   0.8   0.7   7.3  10.9  14.6  12.8   7.6   2.3   0.7  -7.6   506   506   506   506   506   506   506   506   506   506   506   506 
2013  -9.0  -4.6  -7.1   1.0  10.3  13.8  15.1  14.0  10.1   3.9  -0.4  -1.5   506   506   506   506   506   506   506   506   506   506   506   506 
2014  -7.3  -0.6   0.5   3.3   8.0  11.3  18.3  14.4   9.4   4.0  -0.6  -4.1   506   506   506   506   506   506   506   506   506   506   506   506 
2015  -5.3  -2.4  -0.8   3.4   6.6  10.8  13.7  13.7  10.2   3.1   0.8  -2.7   506   506   506   506   506   506   506   506   506   506   506   506 
2016 -99.0  -5.2  -0.7   2.2   8.7  12.7  15.6  12.6  10.3   3.2  -1.9  -3.0   -99   506   506   506   506   506   506   506   506   506   506   506 
2017  -5.2  -4.9  -1.8 -99.0 -99.0 -99.0 -99.0 -99.0 -99.0 -99.0 -99.0 -99.0   506   506   506   -99   -99   -99   -99   -99   -99   -99   -99   -99 
