Number= 023490
Name= SILLRE V
Country= SWEDEN
Lat=   62.8
Long=  -16.7
Height= 205
Start year= 1996
End year= 2015
First Good year= 1996
Source ID= 98
Source file= Jones
Jones data to= 2015
Normals source start year= 1996
Normals source end year= 1990
Normals= -99.0 -99.0 -99.0 -99.0 -99.0 -99.0 -99.0 -99.0 -99.0 -99.0 -99.0 -99.0 
Standard deviations source= Data
Standard deviations source start year= 1996
Standard deviations source end year= 1990
Obs:
1996 -99.0 -99.0 -99.0   2.1   5.8  11.5  12.8 -99.0   6.6   3.7  -5.9 -10.8   -99   -99   -99   506   506   506   506   -99   506   506   506   506 
1997  -6.3  -5.5  -1.1   0.3   5.5  13.5 -99.0 -99.0 -99.0   1.1  -3.1  -5.6   506   506   506   506   506   506   -99   -99   -99   506   506   506 
1998  -4.9  -3.9  -4.6  -0.2   6.9  11.3  13.4  11.2   9.1   2.5  -4.6  -5.9   506   506   506   506   506   506   506   506   506   506   506   506 
1999 -10.6  -7.9  -3.3   2.9 -99.0  13.2  14.4  11.2  10.5   2.8   0.8 -10.9   506   506   506   506   -99   506   506   506   506   506   506   506 
2000  -6.3  -5.5  -3.1   2.0   9.0  11.6  13.8  12.0   7.8   6.1   2.1  -4.1   506   506   506   506   506   506   506   506   506   506   506   506 
2001  -5.6 -11.6  -7.3   1.5   7.4  12.2  14.8  12.8   8.9   4.1  -1.2  -8.7   506   506   506   506   506   506   506   506   506   506   506   506 
2002  -7.8  -3.9  -2.8   3.8   9.9  14.1 -99.0 -99.0   8.3  -0.5  -6.0 -10.6   506   506   506   506   506   506   -99   -99   506   506   506   506 
2003 -10.9  -7.6  -0.2   1.0   7.7  11.8  17.5 -99.0   8.3   0.6  -2.6  -5.0   506   506   506   506   506   506   506   -99   506   506   506   506 
2004  -9.6  -5.8  -2.1   4.0   8.3  11.5  13.8  14.5   9.5   3.1  -4.3  -4.6   506   506   506   506   506   506   506   506   506   506   506   506 
2005  -4.4  -7.2  -6.3   3.5   6.9  11.8  16.0  12.9   9.4   3.9   0.0  -5.3   506   506   506   506   506   506   506   506   506   506   506   506 
2006  -6.6  -6.7  -8.2   2.0   8.0  13.8 -99.0  15.8  11.1 -99.0  -0.3   0.8   506   506   506   506   506   506   -99   506   506   -99   506   506 
2007  -7.3  -9.1   0.1   4.4   8.3  13.5  14.1 -99.0   7.2   3.7  -2.8  -4.5   506   506   506   506   506   506   506   -99   506   506   506   506 
2008  -3.0  -2.6  -2.8   3.1   8.2  12.9  15.1  11.7   7.1   3.5  -2.8  -6.3   506   506   506   506   506   506   506   506   506   506   506   506 
2009  -7.1 -13.3  -3.1   3.6   9.6 -99.0  14.2  13.4   9.4   0.2   1.3  -9.2   506   506   506   506   506   -99   506   506   506   506   506   506 
2010 -14.9 -13.0  -4.1   2.8   8.8  11.5  16.7 -99.0 -99.0 -99.0  -7.9 -15.5   506   506   506   506   506   506   506   -99   -99   -99   506   506 
2011  -8.7 -10.6  -2.6   5.3   8.2 -99.0  16.2  13.7  10.2   3.4   1.2  -3.6   506   506   506   506   506   -99   506   506   506   506   506   506 
2012  -6.3  -8.1   1.3   1.7   8.2  11.3  14.6  12.8   7.3   2.0  -0.1  -9.0   506   506   506   506   506   506   506   506   506   506   506   506 
2013 -11.6  -6.3  -7.1   1.8  10.7  13.6  14.9 -99.0   9.5   3.5  -0.8  -2.4   506   506   506   506   506   506   506   -99   506   506   506   506 
2014  -7.6  -0.5   0.9   3.7   8.6  11.5  17.8  13.9   9.0   4.3  -0.7  -5.9   506   506   506   506   506   506   506   506   506   506   506   506 
2015  -5.8  -2.4   0.2   3.5   7.1  10.7  13.3  13.5   9.8   2.9  -0.7  -3.3   506   506   506   506   506   506   506   506   506   506   506   506 
