Number= 023660
Name= SUNDSVALLS FLYGPLATS
Country= SWEDEN
Lat=   62.4
Long=  -17.4
Height= 4
Start year= 1944
End year= 2020
First Good year= 1944
Source ID= 73
Source file= Jones
Jones data to= 2017
Normals source= Data
Normals source start year= 1961
Normals source end year= 1990
Normals=  -8.9  -7.8  -3.1   2.0   7.8  13.4  15.3  14.0   9.4   4.4  -1.9  -6.7 
Standard deviations source= Data
Standard deviations source start year= 1944
Standard deviations source end year= 1990
Standard deviations=   3.8   4.0   2.7   1.3   1.2   1.4   1.1   1.1   1.3   1.4   2.0   3.1 
Obs:
1944  -8.3  -5.0  -2.9   0.7   6.2  10.4  16.0  15.2   9.7   5.1   0.3  -1.4   506   506   506   506   506   506   506   506   506   506   506   506 
1945  -8.8  -5.0  -2.5   3.7   6.9  12.2  16.7  16.1   8.4   2.9  -1.4  -5.0   506   506   506   506   506   506   506   506   506   506   506   506 
1946  -5.5  -8.6  -4.8   3.2   7.8  11.5  17.3  14.7  10.8   3.3  -0.9  -2.3   506   506   506   506   506   506   506   506   506   506   506   506 
1947  -5.1 -14.9  -8.8   1.6   9.1  14.9  17.3  15.9  11.5   4.0  -2.6  -6.7   506   506   506   506   506   506   506   506   506   506   506   506 
1948 -11.5  -7.0   0.7   4.4   8.5  12.6  16.9  13.8  10.1   2.5  -1.1  -1.5   506   506   506   506   506   506   506   506   506   506   506   506 
1949  -4.7  -3.1  -2.9   3.1   9.2  12.2  15.0  13.3  12.3   3.8   1.2  -2.8   506   506   506   506   506   506   506   506   506   506   506   506 
1950  -9.7  -6.4  -0.6   3.4   8.1  13.2  14.7  15.3   9.8   5.5  -1.1  -7.5   506   506   506   506   506   506   506   506   506   506   506   506 
1951 -10.6  -5.1  -6.5   1.9   5.7  10.7  13.7  14.8  11.0   5.0   0.1  -3.0   506   506   506   506   506   506   506   506   506   506   506   506 
1952  -8.6  -7.0  -5.4   3.8   6.7  11.1  14.6  12.3   7.0   2.0  -3.4  -8.6   506   506   506   506   506   506   506   506   506   506   506   506 
1953 -11.8  -9.6   2.1   3.4   7.6  14.9  15.6  14.2   9.2   5.4  -0.1  -2.7   506   506   506   506   506   506   506   506   506   506   506   506 
1954  -9.0 -10.2  -2.6   1.2   8.8  12.1  15.3  14.7   9.6   2.4  -1.4  -2.2   506   506   506   506   506   506   506   506   506   506   506   506 
1955  -9.0 -10.0  -5.0  -0.2   5.0  11.0  16.7  16.5  11.5   2.5  -1.0  -7.1   506   506   506   506   506   506   506   506   506   506   506   506 
1956  -6.3  -7.3  -2.5  -1.2   8.4  12.9  14.9  11.9   9.7   4.3  -2.7  -2.4   506   506   506   506   506   506   506   506   506   506   506   506 
1957  -0.2  -5.2  -2.9   2.8   7.0  10.8  16.0  13.9   9.0   4.2   1.5  -1.7   506   506   506   506   506   506   506   506   506   506   506   506 
1958  -6.0  -8.0  -3.8   1.8   7.3  11.8  14.4  14.0  11.4   6.5   3.0  -6.4   506   506   506   506   506   506   506   506   506   506   506   506 
1959  -9.3  -1.5   0.5   2.5   8.0  13.9  16.0  15.2  10.5   5.3   1.1  -1.8   506   506   506   506   506   506   506   506   506   506   506   506 
1960  -9.1  -9.5  -1.9   1.6   8.6  14.9  15.2  13.9   9.7   1.1  -0.3  -3.2   506   506   506   506   506   506   506   506   506   506   506   506 
1961  -7.7  -2.6   1.5   2.7   8.3  14.3  14.9  13.5  10.4   8.3   0.9  -7.1   506   506   506   506   506   506   506   506   506   506   506   506 
1962  -7.7  -6.7  -8.6   2.5   6.8  12.1  13.7  12.7   9.2   5.6  -1.7  -7.1   506   506   506   506   506   506   506   506   506   506   506   506 
1963 -11.2 -12.9  -5.9   1.9   9.4  12.9  15.1  15.0  10.3   4.6  -1.7  -4.5   506   506   506   506   506   506   506   506   506   506   506   506 
1964  -5.0  -7.4  -3.4   2.6   8.4  12.0  13.9  12.7   8.9   5.3  -1.7  -6.1   506   506   506   506   506   506   506   506   506   506   506   506 
1965  -6.6  -5.0  -3.5   2.5   5.6  12.3  14.2  12.6  11.3   5.2  -5.0 -12.1   506   506   506   506   506   506   506   506   506   506   506   506 
1966 -15.6 -16.8  -5.3  -0.8   6.8  15.6  16.4  13.7   8.5   3.4  -0.8  -3.2   506   506   506   506   506   506   506   506   506   506   506   506 
1967 -13.6  -4.2   0.5   2.2   6.7  12.7  15.1  14.5  10.6   5.4   2.2  -9.4   506   506   506   506   506   506   506   506   506   506   506   506 
1968 -12.7  -9.2  -1.1   4.2   5.9  14.9  15.1  14.2   9.6   1.6  -7.2  -5.2   506   506   506   506   506   506   506   506   506   506   506   506 
1969  -6.6 -12.3  -6.0   1.9   6.2  14.9  15.5  16.1   9.0   4.5  -3.8 -10.4   506   506   506   506   506   506   506   506   506   506   506   506 
1970 -12.0 -15.4  -3.3   0.4   7.3  15.1  14.5  14.6   8.9   4.2  -2.3  -4.0   506   506   506   506   506   506   506   506   506   506   506   506 
1971  -5.8  -5.4  -5.8   0.8   7.6  12.6  15.4  14.3   9.3   4.2  -3.7  -3.6   506   506   506   506   506   506   506   506   506   506   506   506 
1972 -10.1  -5.4  -1.7   2.0   6.5  13.5  17.7  14.2   9.0   4.1  -1.2  -1.7   506   506   506   506   506   506   506   506   506   506   506   506 
1973  -0.2  -4.8   1.3   2.1   7.7  14.3  18.2  13.6   7.6   2.1  -4.9  -9.3   506   506   506   506   506   506   506   506   506   506   506   506 
1974  -3.2  -3.3  -1.7   3.5   7.2  14.0  14.6  14.2  10.6   3.6  -1.0  -4.6   506   506   506   506   506   506   506   506   506   506   506   506 
1975  -3.9  -2.0  -0.3   2.1   8.2  12.2  16.0  15.3  10.6   4.6  -0.6  -3.8   506   506   506   506   506   506   506   506   506   506   506   506 
1976 -12.0  -5.6  -5.3   1.7   8.6  12.2  14.2  14.8   6.4   3.3  -2.0  -7.2   506   506   506   506   506   506   506   506   506   506   506   506 
1977  -7.3  -9.6  -1.5   0.1   7.0  12.6  13.7  13.5   8.6   4.4  -0.7  -3.0   506   506   506   506   506   506   506   506   506   506   506   506 
1978  -7.3 -12.2  -3.6   0.7   8.2  13.1  14.2  13.3   8.5   3.8  -1.1 -13.0   506   506   506   506   506   506   506   506   506   506   506   506 
1979 -14.5 -10.8  -2.0   1.2   8.0  14.8  15.0  14.2   8.9   2.9  -1.0  -7.4   506   506   506   506   506   506   506   506   506   506   506   506 
1980 -11.0 -12.4  -7.0   3.9   7.6  14.7  16.3  14.5  11.5   3.0  -5.4  -6.9   506   506   506   506   506   506   506   506   506   506   506   506 
1981  -8.0  -6.0  -6.5   2.9   8.4  12.1  15.5  13.6   9.8   3.8  -2.2 -11.4   506   506   506   506   506   506   506   506   506   506   506   506 
1982 -11.9  -7.7  -0.6   2.9   7.6  11.1  15.8  14.3   9.4   3.4   0.3  -6.1   506   506   506   506   506   506   506   506   506   506   506   506 
1983  -5.4  -7.3  -2.9   1.7   8.6  12.9  15.7  13.7  10.5   5.3  -3.2  -5.8   506   506   506   506   506   506   506   506   506   506   506   506 
1984 -11.4  -4.9  -5.3   3.6  10.0  13.3  15.3  14.6   8.7   5.6  -1.2  -2.0   506   506   506   506   506   506   506   506   506   506   506   506 
1985 -14.1 -16.5  -3.7   0.1   6.9  12.7  15.1  14.6   8.4   5.5  -4.3 -13.2   506   506   506   506   506   506   506   506   506   506   506   506 
1986 -11.7 -11.2  -1.2   0.5   8.7  15.0  14.9  11.6   6.8   4.5   0.9  -7.1   506   506   506   506   506   506   506   506   506   506   506   506 
1987 -17.9  -9.2  -6.7   2.0   6.4  10.8  14.6  11.4   8.6   6.2   0.6  -5.6   506   506   506   506   506   506   506   506   506   506   506   506 
1988  -3.1  -4.8  -3.4   1.6   9.1  14.9  17.8  14.3  11.0   3.1  -4.1  -7.4   506   506   506   506   506   506   506   506   506   506   506   506 
1989  -3.2  -1.7   0.0   2.4   9.2  14.1  16.2  14.0  11.0   4.1  -0.2  -8.2   506   506   506   506   506   506   506   506   506   506   506   506 
1990  -7.1   0.2   0.7   3.9  10.1  13.3  15.6  15.3   9.1   4.9  -1.2  -3.2   506   506   506   506   506   506   506   506   506   506   506   506 
1991  -3.9  -8.5   0.1   3.7   7.4  11.1  17.5  16.0   8.7   3.9  -0.5  -3.8   506   506   506   506   506   506   506   506   506   506   506   506 
1992  -2.8  -3.2   0.8   0.9  10.8  14.8  14.1  13.2   9.2  -0.1  -1.6  -3.7   506   506   506   506   506   506   506   506   506   506   506   506 
1993  -4.9  -2.7  -0.6   2.9   9.3  10.6  14.9  12.7   7.2   3.1  -1.9  -4.7   506   506   506   506   506   506   506   506   506   506   506   506 
1994  -8.9 -15.8  -3.6   3.4   6.9  11.7  17.8  15.1   9.1   2.9  -2.2  -2.8   506   506   506   506   506   506   506   506   506   506   506   506 
1995  -7.8  -3.2  -0.8   1.6   6.7  13.9  14.3  14.4   9.5   5.8  -3.4  -9.6   506   506   506   506   506   506   506   506   506   506   506   506 
1996  -6.1 -10.6  -2.5   2.4   6.4  12.4  14.2  15.8   9.0   5.1  -3.3  -7.6   506   506   506   506   506   506   506   506   506   506   506   506 
1997  -5.1  -4.4   0.2   1.8   6.5  14.0  17.7  17.0  11.3   3.0  -1.1  -3.7   506   506   506   506   506   506   506   506   506   506   506   506 
1998  -3.2  -3.0  -3.4   0.6   8.1  12.0  14.9  13.3  10.4   4.0  -3.6  -5.0   506   506   506   506   506   506   506   506   506   506   506   506 
1999  -8.1  -6.6  -2.0   3.2   7.2  13.9  16.0  13.3  12.0   4.4   2.0  -7.6   506   506   506   506   506   506   506   506   506   506   506   506 
2000  -5.1  -3.9  -1.4   2.8   9.4  12.5  15.2  13.6   9.3   7.2   3.3  -2.3   506   506   506   506   506   506   506   506   506   506   506   506 
2001  -3.1  -8.6  -5.3   2.7   8.4  13.6  16.4  14.4  10.6   5.5  -0.1  -5.3   506   506   506   506   506   506   506   506   506   506   506   506 
2002  -6.1  -3.3  -1.9   3.8  10.0  15.6  17.3  17.9  10.4   1.2  -3.4  -8.0   506   506   506   506   506   506   506   506   506   506   506   506 
2003 -10.0  -6.3   0.6   1.8   8.0  12.6  18.8  15.2  10.0   2.5  -1.2  -3.8   506   506   506   506   506   506   506   506   506   506   506   506 
2004  -7.8  -4.7  -1.0   3.3   8.6  12.3  15.2  15.9  10.9   4.4  -2.0  -3.6   506   506   506   506   506   506   506   506   506   506   506   506 
2005  -3.4  -6.0  -4.9   3.8   7.6  12.4  16.9  14.5   9.9   4.9   1.0  -3.1   506   506   506   506   506   506   506   506   506   506   506   506 
2006  -5.6  -4.9  -6.8   2.0   8.1  14.3  16.6  17.7  12.7   5.4   0.9   0.5   506   506   506   506   506   506   506   506   506   506   506   506 
2007  -5.4  -7.7   0.4   5.1   8.5  13.8  15.5  15.0   8.8   4.8  -1.3  -2.3   506   506   506   506   506   506   506   506   506   506   506   506 
2008  -1.4  -0.7  -1.4   3.2   8.9  13.5  16.2  13.5   8.9   4.8  -0.9  -3.7   506   506   506   506   506   506   506   506   506   506   506   506 
2009  -5.4 -11.2  -1.9   3.5  10.0  12.8  15.3  14.8  11.0   2.4   2.4  -6.4   506   506   506   506   506   506   506   506   506   506   506   506 
2010 -11.8 -11.9  -3.0   2.8   9.3  12.1  17.8  14.4   9.8   3.8  -4.5 -12.4   506   506   506   506   506   506   506   506   506   506   506   506 
2011  -7.2 -10.0  -1.8   5.5   8.4  14.5  17.0  15.2  11.8   4.6   2.2  -1.8   506   506   506   506   506   506   506   506   506   506   506   506 
2012  -5.1  -7.1   2.3   2.4   8.3  12.0  15.8  14.1   9.3   3.9   0.8  -6.5   506   506   506   506   506   506   506   506   506   506   506   506 
2013  -9.5  -4.9  -5.4   2.0  10.5  14.6  16.2  15.2  11.3   5.0   0.2  -1.5   506   506   506   506   506   506   506   506   506   506   506   506 
2014  -5.6   0.1   2.0   4.5   8.4  12.3  19.1  16.0  11.0   5.8   0.6  -4.6   506   506   506   506   506   506   506   506   506   506   506   506 
2015  -4.9  -1.7   0.7   4.7   7.7  11.8  15.0  14.9  11.6   4.6   0.8  -2.8   506   506   506   506   506   506   506   506   506   506   506   506 
2016  -9.3  -4.4   0.3   3.0   9.6  13.8  16.9  14.2  11.6   4.4  -1.0  -2.9   506   506   506   506   506   506   506   506   506   506   506   506 
2017  -6.6  -4.1  -0.5   2.2   7.8  12.6  14.6  13.9  11.0   5.5  -1.0  -4.2   506   506   506   900   900   900   900   900   900   903   900   900 
2018  -6.2  -8.7  -6.1   2.5  11.7  14.4  20.1  15.4  10.9   4.1 -99.0  -3.3   900   900   900   900   900   900   900   900   900   900   -99   900 
2019  -6.6  -4.8  -1.3   4.1   7.8  14.6  15.3  15.4   9.7   3.4  -1.0  -1.8   900   900   900   900   900   900   900   900   900   900   900   900 
2020  -0.1  -1.7   0.0   4.2   7.1  16.8  14.5  15.8  10.8   6.2   2.6   0.8   900   900   900   900   900   900   900   900   900   900   900   900 
