Number= 024430
Name= ENKOPING MO
Country= SWEDEN
Lat=   59.7
Long=  -17.1
Height= 26
Start year= 2007
End year= 2017
First Good year= 2007
Source ID= 98
Source file= Jones
Jones data to= 2017
Normals source start year= 2007
Normals source end year= 1990
Normals= -99.0 -99.0 -99.0 -99.0 -99.0 -99.0 -99.0 -99.0 -99.0 -99.0 -99.0 -99.0 
Standard deviations source= Data
Standard deviations source start year= 2007
Standard deviations source end year= 1990
Obs:
2007 -99.0 -99.0 -99.0 -99.0 -99.0 -99.0 -99.0 -99.0 -99.0   6.3   0.9   0.3   -99   -99   -99   -99   -99   -99   -99   -99   -99   506   506   506 
2008   1.5   2.1   1.1   6.6  11.4  15.7  17.9  15.0  10.2   7.3   1.8  -0.3   506   506   506   506   506   506   506   506   506   506   506   506 
2009  -2.6  -4.5  -0.1   7.8  11.2  13.4  17.3  16.6  12.6   4.0   4.8  -4.5   506   506   506   506   506   506   506   506   506   506   506   506 
2010 -10.2  -7.7  -2.4   5.3  11.1  14.9  20.2  16.4  10.8   4.7  -1.7  -9.4   506   506   506   506   506   506   506   506   506   506   506   506 
2011  -3.6  -6.6  -0.3   8.6  11.4  17.0  18.4  16.3  13.1   7.3   4.8   1.3   506   506   506   506   506   506   506   506   506   506   506   506 
2012  -2.8  -4.6   3.4   4.4  11.5  13.1  17.0  15.7  11.5   5.4   3.5  -5.3   506   506   506   506   506   506   506   506   506   506   506   506 
2013  -5.0  -3.2  -4.3   4.1  13.4  15.9  17.6  16.4  11.5   7.1   2.8   2.3   506   506   506   506   506   506   506   506   506   506   506   506 
2014  -2.8   1.6   3.7   6.9 -99.0 -99.0 -99.0 -99.0 -99.0   8.1   4.2  -1.5   506   506   506   506   -99   -99   -99   -99   -99   506   506   506 
2015  -0.4   0.3   2.8   6.5 -99.0 -99.0 -99.0 -99.0 -99.0   5.7   3.5   2.3   506   506   506   506   -99   -99   -99   -99   -99   506   506   506 
2016  -6.3  -1.1   2.1   5.6 -99.0 -99.0 -99.0 -99.0 -99.0   6.4   0.7   0.3   506   506   506   506   -99   -99   -99   -99   -99   506   506   506 
2017  -1.9  -1.6   2.3 -99.0 -99.0 -99.0 -99.0 -99.0 -99.0 -99.0 -99.0 -99.0   506   506   506   -99   -99   -99   -99   -99   -99   -99   -99   -99 
