Number= 025070
Name= HUD V
Country= SWEDEN
Lat=   58.6
Long=  -11.4
Height= 80
Start year= 1996
End year= 2015
First Good year= 1996
Source ID= 98
Source file= Jones
Jones data to= 2015
Normals source start year= 1996
Normals source end year= 1990
Normals= -99.0 -99.0 -99.0 -99.0 -99.0 -99.0 -99.0 -99.0 -99.0 -99.0 -99.0 -99.0 
Standard deviations source= Data
Standard deviations source start year= 1996
Standard deviations source end year= 1990
Obs:
1996 -99.0 -99.0 -99.0   5.7   8.5 -99.0  15.0  17.9 -99.0 -99.0   2.5  -3.3   -99   -99   -99   506   506   -99   506   506   -99   -99   506   506 
1997  -2.6   0.4   2.2   4.2   8.9  15.7  18.1  19.5  12.1   5.0   2.1  -0.3   506   506   506   506   506   506   506   506   506   506   506   506 
1998  -0.1   2.8   1.1   4.3 -99.0 -99.0 -99.0  13.9  12.5   5.9  -1.2   0.0   506   506   506   506   -99   -99   -99   506   506   506   506   506 
1999  -1.4  -1.0   1.1   6.4 -99.0  13.5  16.9  15.4  14.4   7.3   4.5  -1.2   506   506   506   506   -99   506   506   506   506   506   506   506 
2000   0.8   1.2   1.5   7.2  12.3 -99.0  15.3  14.6  11.1   9.4   5.8   1.8   506   506   506   506   506   -99   506   506   506   506   506   506 
2001  -1.3  -4.1  -1.2   3.9  10.4  13.1  16.8  15.3  10.9  10.0   2.7  -3.3   506   506   506   506   506   506   506   506   506   506   506   506 
2002   0.5   1.8   2.0   6.2  12.2  15.5  17.4  19.7  13.0   4.2   0.1  -3.9   506   506   506   506   506   506   506   506   506   506   506   506 
2003  -2.4  -2.1   1.7   5.5  10.3  15.7  18.6  16.7  12.8   4.2   4.1   1.7   506   506   506   506   506   506   506   506   506   506   506   506 
2004  -3.1  -0.3   1.7   7.0  12.0  13.8  15.2  17.5  12.5   7.5   2.4   2.6   506   506   506   506   506   506   506   506   506   506   506   506 
2005   2.1  -0.8  -0.6   6.5   9.4  14.0  18.1  15.9  13.3   8.6   4.7   0.0   506   506   506   506   506   506   506   506   506   506   506   506 
2006  -2.3  -2.7  -3.4   4.8  11.4  15.1  19.5  17.6  15.4  10.1   5.9   5.0   506   506   506   506   506   506   506   506   506   506   506   506 
2007   1.6  -1.5   4.6   7.7  10.4  16.3  15.6  16.5  11.8   7.2   2.4   2.0   506   506   506   506   506   506   506   506   506   506   506   506 
2008   2.3   3.1   1.5   7.1  12.2  15.2  18.0  15.7  11.5   8.3   3.7   0.4   506   506   506   506   506   506   506   506   506   506   506   506 
2009  -0.6  -2.6   1.7   8.7  11.5  15.3  17.6  16.8  13.0   4.8   5.2  -2.9   506   506   506   506   506   506   506   506   506   506   506   506 
2010  -7.5  -5.6  -0.1   6.0  10.5  14.3  17.7 -99.0 -99.0 -99.0  -1.5  -7.8   506   506   506   506   506   506   506   -99   -99   -99   506   506 
2011  -2.0  -3.7   1.0   9.0  10.9  15.4  17.8  16.0  13.0   8.3   5.9   2.5   506   506   506   506   506   506   506   506   506   506   506   506 
2012  -1.0  -1.9   4.5   4.9  12.1  12.9  16.1  15.8  11.7 -99.0   4.5  -4.1   506   506   506   506   506   506   506   506   506   -99   506   506 
2013  -2.9  -2.5  -2.3   4.4  12.8  14.6 -99.0  16.6 -99.0   8.3   3.7   4.0   506   506   506   506   506   506   -99   506   -99   506   506   506 
2014  -1.0   2.5   4.6   8.1  11.7  15.1  20.1  15.7 -99.0   9.7 -99.0   0.8   506   506   506   506   506   506   506   506   -99   506   -99   506 
2015   1.5   0.9   3.3 -99.0 -99.0 -99.0 -99.0 -99.0 -99.0   7.8   5.4 -99.0   506   506   506   -99   -99   -99   -99   -99   -99   506   506   -99 
