Number= 026140
Name= OSKARSGRUNDET_NO
Country= SWEDEN
Lat=   55.6
Long=  -12.9
Height= 1
Start year= 1985
End year= 1999
First Good year= 1985
Source ID= 73
Source file= Jones
Jones data to= 1999
Normals source start year= 1985
Normals source end year= 1990
Normals= -99.0 -99.0 -99.0 -99.0 -99.0 -99.0 -99.0 -99.0 -99.0 -99.0 -99.0 -99.0 
Standard deviations source= Data
Standard deviations source start year= 1985
Standard deviations source end year= 1990
Obs:
1985 -99.0 -99.0 -99.0 -99.0 -99.0 -99.0 -99.0  15.6  12.3  10.1 -99.0 -99.0   -99   -99   -99   -99   -99   -99   -99   506   506   506   -99   -99 
1986 -99.0  -4.7 -99.0 -99.0 -99.0 -99.0 -99.0 -99.0  11.4   9.6   7.4   2.9   -99   506   -99   -99   -99   -99   -99   -99   506   506   506   506 
1987  -5.1  -1.1  -2.1   4.7   8.5  11.8  14.7  14.4  13.1  10.3   6.2 -99.0   506   506   506   506   506   506   506   506   506   506   506   -99 
1988   3.6   2.6   1.7   5.0  11.5  15.9 -99.0  15.6  14.0   9.0   3.9 -99.0   506   506   506   506   506   506   -99   506   506   506   506   -99 
1989 -99.0   4.7   5.6   6.6  11.3 -99.0  17.7  16.1  14.8  11.1 -99.0   2.9   -99   506   506   506   506   -99   506   506   506   506   -99   506 
1990   4.0   5.4   6.1   8.0  12.7 -99.0  16.5  17.4  13.1  10.8   5.8   3.4   506   506   506   506   506   -99   506   506   506   506   506   506 
1991   3.0 -99.0   4.0   6.3   9.0  12.1 -99.0  17.5  14.5  10.1   5.9 -99.0   506   -99   506   506   506   506   -99   506   506   506   506   -99 
1992   3.2 -99.0   3.9   5.9  12.3  17.5  18.3  17.5  13.9   7.8   5.8   3.7   506   -99   506   506   506   506   506   506   506   506   506   506 
1993   2.7   1.6   2.7   6.9  13.0 -99.0 -99.0  14.6  11.3   8.1   3.3   3.0   506   506   506   506   506   -99   -99   506   506   506   506   506 
1994   2.9  -0.9   3.1   7.1  10.5  13.4  19.9  18.3  13.9   9.0   7.0   4.9   506   506   506   506   506   506   506   506   506   506   506   506 
1995   1.0   3.4   3.2   6.0   9.8  14.1  17.6  18.9  14.1  12.5   4.6  -0.4   506   506   506   506   506   506   506   506   506   506   506   506 
1996  -1.3  -2.6   0.1   6.4   8.6  13.5  15.2  18.6  12.8  10.9   6.2   0.7   506   506   506   506   506   506   506   506   506   506   506   506 
1997  -0.7   2.6   3.8   5.4   9.5  15.2 -99.0  21.1  15.1   9.3   5.2   3.1   506   506   506   506   506   506   -99   506   506   506   506   506 
1998   3.1   4.5   3.6   6.7  11.9  14.4  15.2  15.6  14.3   9.7   2.9 -99.0   506   506   506   506   506   506   506   506   506   506   506   -99 
1999 -99.0   1.0   3.1   7.1 -99.0 -99.0 -99.0 -99.0 -99.0 -99.0 -99.0 -99.0   -99   506   506   506   -99   -99   -99   -99   -99   -99   -99   -99 
