Number= 027070
Name= RUOTSINPYHTAA KEITAL
Country= FINLAND
Lat=   60.4
Long=  -26.4
Height= 4
Start year= 1991
End year= 2007
First Good year= 1991
Source ID= 98
Source file= Jones
Jones data to= 2007
Normals source start year= 1991
Normals source end year= 1990
Normals= -99.0 -99.0 -99.0 -99.0 -99.0 -99.0 -99.0 -99.0 -99.0 -99.0 -99.0 -99.0 
Standard deviations source= Data
Standard deviations source start year= 1991
Standard deviations source end year= 1990
Obs:
1991  -3.5  -6.5  -1.1   3.0   7.9  12.7  17.4  16.7  10.0   6.1   3.5  -1.5   506   506   506   506   506   506   506   506   506   506   506   506 
1992  -2.0  -2.2   1.0   1.7  10.3  15.9  16.4  14.8  12.2   0.8  -1.4   0.2   506   506   506   506   506   506   506   506   506   506   506   506 
1993  -1.7  -3.1  -0.8   2.9  12.2  11.9  15.7  13.7   5.9   3.7  -3.1  -3.0   506   506   506   506   506   506   506   506   506   506   506   506 
1994  -4.3 -13.9  -2.9   4.2   8.0  12.9  18.7  15.2  10.9   4.5  -1.2  -1.1   506   506   506   506   506   506   506   506   506   506   506   506 
1995  -3.3  -0.8   0.2   2.6   8.8  17.4  15.5  15.2  10.2   7.8  -2.8  -9.4   506   506   506   506   506   506   506   506   506   506   506   506 
1996  -6.7 -11.6  -5.1   1.6   8.4  13.4  14.5  16.7   8.6   6.5   3.6  -5.2   506   506   506   506   506   506   506   506   506   506   506   506 
1997  -5.3  -4.0  -1.6   1.5   7.9  16.0  18.1  17.3   9.9   2.5  -0.1  -4.1   506   506   506   506   506   506   506   506   506   506   506   506 
1998  -2.2  -6.3  -6.4   1.3   9.2  14.4  15.9  13.3  10.8   5.0  -3.4  -2.7   506   506   506   506   506   506   506   506   506   506   506   506 
1999  -6.9  -8.7  -2.7   4.3   7.1  17.7  18.4  14.6  10.8   6.4   1.7  -2.1   506   506   506   506   506   506   506   506   506   506   506   506 
2000  -3.8  -3.1  -1.3   4.8   9.2  13.7  16.7  15.0   7.9   8.3   4.3   0.8   506   506   506   506   506   506   506   506   506   506   506   506 
2001  -2.2  -8.1  -4.8   4.5   8.9  14.0  19.4  15.5  11.3   7.4  -0.5  -7.5   506   506   506   506   506   506   506   506   506   506   506   506 
2002  -4.3  -1.5  -0.6   3.6  10.6  15.7  18.4  17.6   9.5  -0.1  -3.1  -8.9   506   506   506   506   506   506   506   506   506   506   506   506 
2003 -11.0  -6.1  -2.9   1.7   9.1  12.4  19.5  15.5  10.4   3.1   2.5  -1.4   506   506   506   506   506   506   506   506   506   506   506   506 
2004  -7.8  -5.6  -1.9   2.8   9.3  12.8  16.4  16.1  12.0   5.1  -0.9  -1.0   506   506   506   506   506   506   506   506   506   506   506   506 
2005  -1.4  -6.3  -7.2   3.3   9.2  13.8  18.0  16.0  11.2   6.3   3.6  -3.3   506   506   506   506   506   506   506   506   506   506   506   506 
2006  -5.4  -9.9  -7.4   3.1   9.7  15.4  17.9  17.3  12.3   7.3   0.9   2.5   506   506   506   506   506   506   506   506   506   506   506   506 
2007  -2.9 -11.0   1.9   4.7  10.3  14.6  16.9  16.7  10.1   6.1  -0.1   1.2   506   506   506   506   506   506   506   506   506   506   506   506 
