Number= 028160
Name= SODANKYLA VUOTSO
Country= FINLAND
Lat=   68.1
Long=  -27.2
Height= 247
Start year= 1959
End year= 2017
First Good year= 1959
Source ID= 73
Source file= Jones
Jones data to= 2017
Normals source= Data
Normals source start year= 1961
Normals source end year= 1990
Normals= -15.7 -14.4  -9.6  -3.1   3.8  10.6  13.2  10.4   5.1  -1.3  -8.6 -13.9 
Standard deviations source= Data
Standard deviations source start year= 1959
Standard deviations source end year= 1990
Standard deviations=   3.8   4.5   3.9   1.7   2.0   2.0   1.8   1.2   1.5   2.6   3.3   4.7 
Obs:
1959 -15.0  -6.2  -3.8  -4.6   5.3  11.5  13.2  11.9   4.0  -1.1  -6.1 -12.3   506   506   506   506   506   506   506   506   506   506   506   506 
1960 -19.3 -17.5  -6.3  -0.7   7.6  11.5  17.6  11.9   6.1  -7.0  -9.9 -11.9   506   506   506   506   506   506   506   506   506   506   506   506 
1961 -11.6 -12.1  -7.8  -5.8   3.1  13.4  14.8  11.0   5.9   4.7  -4.5 -15.9   506   506   506   506   506   506   506   506   506   506   506   506 
1962 -15.8 -12.3 -18.2  -1.1   3.2   8.9  10.4   8.9   5.0  -1.2  -4.0 -17.9   506   506   506   506   506   506   506   506   506   506   506   506 
1963 -17.2 -17.7 -15.4  -2.0  10.2   8.3  11.9  11.6   8.0   0.3  -7.6 -12.8   506   506   506   506   506   506   506   506   506   506   506   506 
1964  -9.2 -16.9 -10.4  -3.8   4.6   9.4  13.6  10.4   4.4   2.2  -8.9 -12.7   506   506   506   506   506   506   506   506   506   506   506   506 
1965 -13.5 -12.8 -13.0  -2.9   0.6  10.0  10.9   9.6   6.2  -1.7 -12.0 -15.9   506   506   506   506   506   506   506   506   506   506   506   506 
1966 -21.9 -24.2 -17.5  -4.9   3.0  12.1  13.5   9.4   2.8  -4.1  -5.6 -10.4   506   506   506   506   506   506   506   506   506   506   506   506 
1967 -21.2  -9.8  -4.8  -1.9   3.9  10.0  13.0  13.0   7.1  -0.7  -1.7 -19.8   506   506   506   506   506   506   506   506   506   506   506   506 
1968 -18.9 -16.7  -9.1  -3.4   0.9  10.5   9.9   9.6   2.5  -7.2  -6.7  -6.4   506   506   506   506   506   506   506   506   506   506   506   506 
1969 -14.9 -17.9 -11.3  -3.6   1.9   9.7  13.0  11.6   4.6  -0.2  -7.9 -11.0   506   506   506   506   506   506   506   506   506   506   506   506 
1970 -15.2 -21.0  -6.8  -6.2   3.6  13.7  15.2  12.0   5.4  -0.7 -10.3 -11.3   506   506   506   506   506   506   506   506   506   506   506   506 
1971 -14.3 -17.2 -14.8  -5.3   2.9   9.9  12.4  10.9   3.9  -2.7 -14.4 -10.7   506   506   506   506   506   506   506   506   506   506   506   506 
1972 -10.9 -13.2  -7.0  -2.7   2.6  13.6  16.8  11.9   5.1  -1.1 -10.1  -4.4   506   506   506   506   506   506   506   506   506   506   506   506 
1973  -9.7 -14.0  -7.9  -2.2   3.1  12.5  17.3   9.9   2.4  -5.9 -12.5 -18.6   506   506   506   506   506   506   506   506   506   506   506   506 
1974 -10.8  -8.5  -5.5  -2.0   2.7  11.8  14.8  11.2   8.1  -0.7  -6.8  -5.5   506   506   506   506   506   506   506   506   506   506   506   506 
1975 -13.3 -10.2  -4.2  -2.8   5.2   8.1  11.1   8.9   6.4  -1.1  -6.5 -14.3   506   506   506   506   506   506   506   506   506   506   506   506 
1976 -19.4 -12.3 -11.3  -2.6   5.7   8.3  12.2  10.7   2.7  -3.7 -10.4 -12.9   506   506   506   506   506   506   506   506   506   506   506   506 
1977 -14.4 -14.1 -10.7  -4.2   2.4   8.5  12.9   9.8   3.8  -3.5  -5.8 -12.5   506   506   506   506   506   506   506   506   506   506   506   506 
1978 -16.5 -16.5  -9.5  -4.6   4.1  10.4  12.3   9.2   4.9  -2.6  -9.7 -20.6   506   506   506   506   506   506   506   506   506   506   506   506 
1979 -19.0 -15.6  -7.7  -4.4   4.3  11.4  14.3  11.8   5.9  -4.2  -7.0 -11.4   506   506   506   506   506   506   506   506   506   506   506   506 
1980 -17.9 -17.8 -11.8  -1.0   3.0  14.3  13.0  10.2   5.8  -2.9 -12.8 -16.8   506   506   506   506   506   506   506   506   506   506   506   506 
1981 -14.0 -16.3 -15.8  -3.9   4.1   7.4  13.5   9.6   5.2   0.5  -7.8 -20.5   506   506   506   506   506   506   506   506   506   506   506   506 
1982 -20.1 -10.2  -7.3  -1.8   3.3   6.1  14.0  10.0   5.1  -1.3  -5.3  -9.9   506   506   506   506   506   506   506   506   506   506   506   506 
1983 -12.2 -13.2  -8.1   0.2   5.2  10.0  13.5   9.5   7.3  -0.6 -15.9 -17.4   506   506   506   506   506   506   506   506   506   506   506   506 
1984 -14.2  -7.7 -10.3  -1.8   8.0  11.0  11.5  10.0   4.0  -1.7 -10.6  -7.8   506   506   506   506   506   506   506   506   506   506   506   506 
1985 -23.2 -24.2  -7.4  -5.2   1.5  10.4  14.1  11.5   5.9  -0.2  -8.3 -21.7   506   506   506   506   506   506   506   506   506   506   506   506 
1986 -18.7 -15.5  -4.8  -4.0   3.8  13.4  13.0   8.6   2.3   0.6  -4.3 -20.9   506   506   506   506   506   506   506   506   506   506   506   506 
1987 -22.9 -16.3 -10.4  -3.6   3.8   9.7  11.5   8.2   5.6   5.0  -9.5 -18.7   506   506   506   506   506   506   506   506   506   506   506   506 
1988 -13.9 -12.5  -8.0  -4.6   4.3  12.1  15.6  10.9   6.9  -1.2 -13.2 -17.4   506   506   506   506   506   506   506   506   506   506   506   506 
1989 -10.0 -10.3  -3.1   0.9   6.1  12.6  12.9  11.6   5.9  -1.9  -5.5 -13.6   506   506   506   506   506   506   506   506   506   506   506   506 
1990 -16.6  -4.3  -7.4  -0.5   3.7  10.3  13.2  11.6   4.8  -0.6 -11.5  -7.0   506   506   506   506   506   506   506   506   506   506   506   506 
1991 -12.7 -17.0 -10.4  -1.4   2.8   9.9  13.2  11.9   3.5  -0.2  -5.0 -10.0   506   506   506   506   506   506   506   506   506   506   506   506 
1992  -9.5  -7.6  -4.1  -4.9   6.4  12.7  10.9   8.6   7.8  -8.8 -10.2  -5.7   506   506   506   506   506   506   506   506   506   506   506   506 
1993 -10.2 -11.1  -8.4  -3.2   4.2   6.8  13.8  10.5   1.9  -4.9  -6.1 -10.9   506   506   506   506   506   506   506   506   506   506   506   506 
1994 -16.9 -13.8  -7.7   0.4   2.7  10.1  13.7  12.0   4.6  -2.0  -9.7  -6.6   506   506   506   506   506   506   506   506   506   506   506   506 
1995 -10.3  -8.9  -4.2  -2.3   3.1  12.2  11.7  10.7   5.2  -1.5 -13.0 -17.9   506   506   506   506   506   506   506   506   506   506   506   506 
1996  -9.8 -14.4  -6.8  -3.8   0.9   8.9  12.1  13.4   4.5   1.0  -6.5 -14.1   506   506   506   506   506   506   506   506   506   506   506   506 
1997 -14.9 -13.3  -7.5  -6.3   2.9  12.0  15.3  13.0   7.4  -1.9  -8.4 -10.8   506   506   506   506   506   506   506   506   506   506   506   506 
1998 -12.8 -20.9 -11.5  -4.8   3.0   8.8  14.9  10.2   5.1  -0.8 -10.6 -12.9   506   506   506   506   506   506   506   506   506   506   506   506 
1999 -18.3 -14.7  -7.8  -1.4   1.8  13.7  13.7   8.7   8.0   1.2 -99.0 -99.0   506   506   506   506   506   506   506   506   506   506   -99   -99 
2000 -99.0 -99.0 -99.0 -99.0 -99.0 -99.0  14.5  11.3   6.1   3.8  -2.7 -11.5   -99   -99   -99   -99   -99   -99   506   506   506   506   506   506 
2001  -7.6 -15.5 -14.5  -3.4   3.0  12.6  13.7  10.7   7.6  -1.0  -9.1 -14.1   506   506   506   506   506   506   506   506   506   506   506   506 
2002 -14.8 -11.5  -8.8   0.9   5.7  12.4  14.7  11.9   4.5  -3.2 -13.0 -16.7   506   506   506   506   506   506   506   506   506   506   506   506 
2003 -20.9  -8.0  -4.9  -2.6   5.6   9.2  16.8  10.8   5.2  -1.0  -5.1 -13.0   506   506   506   506   506   506   506   506   506   506   506   506 
2004 -12.3 -13.8  -7.2  -1.8   4.1   9.2  16.0  11.1   6.4  -1.0  -9.7  -8.1   506   506   506   506   506   506   506   506   506   506   506   506 
2005  -9.0 -10.9 -11.4  -0.9   2.8  11.9  14.9  12.6   6.3   1.4 -99.0 -11.2   506   506   506   506   506   506   506   506   506   506   -99   506 
2006 -11.8 -15.4 -12.0   0.4   5.2  12.1  13.0  13.2   5.4  -2.5  -6.7  -6.8   506   506   506   506   506   506   506   506   506   506   506   506 
2007 -14.8 -19.6  -3.6  -1.8   3.7  10.5  12.9  12.0   4.9   3.1  -6.9  -4.6   506   506   506   506   506   506   506   506   506   506   506   506 
2008  -9.2 -10.8  -9.3  -3.0   2.9   9.7  12.2   9.0   4.4   0.3  -7.4  -5.4   506   506   506   506   506   506   506   506   506   506   506   506 
2009 -12.7 -13.4  -8.0  -3.0   6.2   9.8  12.1  12.7   7.3  -3.8  -3.2 -12.3   506   506   506   506   506   506   506   506   506   506   506   506 
2010 -15.2 -17.7 -12.0   0.2   6.3   9.4  14.7  10.3   6.2   1.1 -12.4 -14.3   506   506   506   506   506   506   506   506   506   506   506   506 
2011 -14.1 -20.2  -7.4   1.5   5.3  13.1  14.9  10.7   8.0   2.1  -3.1  -4.6   506   506   506   506   506   506   506   506   506   506   506   506 
2012 -12.3 -16.2  -6.6  -3.3   4.7   9.5  12.4  10.9   5.8  -0.7  -5.3 -15.3   506   506   506   506   506   506   506   506   506   506   506   506 
2013 -11.5 -10.4 -15.1  -2.0   8.1  13.7  13.7  12.9   8.2  -0.6  -7.7  -9.7   506   506   506   506   506   506   506   506   506   506   506   506 
2014 -15.5  -4.7  -4.9  -1.3   3.2   9.5  17.0  12.7   6.3  -1.9  -7.7  -9.7   506   506   506   506   506   506   506   506   506   506   506   506 
2015 -15.5  -8.1  -3.6   0.1   5.1   9.2  10.6  12.3   8.6  -0.5  -3.6 -10.4   506   506   506   506   506   506   506   506   506   506   506   506 
2016 -18.5  -7.4  -5.1   0.2   7.6  10.6  15.6  11.0   7.4   1.0  -6.5  -9.7   506   506   506   506   506   506   506   506   506   506   506   506 
2017 -11.4 -11.3  -7.1 -99.0 -99.0 -99.0 -99.0 -99.0 -99.0 -99.0 -99.0 -99.0   506   506   506   -99   -99   -99   -99   -99   -99   -99   -99   -99 
