Number= 028290
Name= HYVINKAA HYVINKAANKY
Country= FINLAND
Lat=   60.6
Long=  -24.8
Height= 86
Start year= 1959
End year= 2017
First Good year= 1959
Source ID= 73
Source file= Jones
Jones data to= 2017
Normals source= Data
Normals source start year= 1961
Normals source end year= 1990
Normals=  -7.9  -7.8  -3.5   2.6   9.7  14.6  16.0  14.3   9.3   4.6  -0.5  -5.0 
Standard deviations source= Data
Standard deviations source start year= 1959
Standard deviations source end year= 1990
Standard deviations=   4.8   4.3   2.8   1.4   1.6   1.6   1.4   1.0   1.5   1.6   2.0   3.1 
Obs:
1959  -5.6  -3.0  -0.3   3.5   9.3  14.4  17.3  16.1   8.2   4.1   0.9  -5.7   506   506   506   506   506   506   506   506   506   506   506   506 
1960 -10.1 -10.3  -4.9   1.5  10.8  16.0  17.6  14.5   9.4   2.4  -1.5  -1.1   506   506   506   506   506   506   506   506   506   506   506   506 
1961  -4.9  -1.1  -0.5   2.0   9.9  16.8  15.4  13.3   9.1   7.8   0.9  -6.0   506   506   506   506   506   506   506   506   506   506   506   506 
1962  -4.6  -5.9  -8.7   3.7   8.5  11.6  14.1  12.3   8.9   6.1   0.8  -8.2   506   506   506   506   506   506   506   506   506   506   506   506 
1963 -10.6 -12.0  -9.7   2.3  13.0  13.9  16.5  15.7  11.9   5.0  -1.1  -4.7   506   506   506   506   506   506   506   506   506   506   506   506 
1964  -3.4 -10.6  -6.0   2.9   9.4  14.3  15.8  13.8   9.4   6.3  -1.5  -2.6   506   506   506   506   506   506   506   506   506   506   506   506 
1965  -4.0  -8.6  -4.4   3.0   6.5  14.7  13.7  13.5  11.9   4.9  -5.0  -4.7   506   506   506   506   506   506   506   506   506   506   506   506 
1966 -14.8 -14.6  -3.1   0.0   9.2  16.7  16.7  13.5   8.1   4.2   1.3  -5.0   506   506   506   506   506   506   506   506   506   506   506   506 
1967 -13.3  -5.8   0.2   2.9   9.7  13.4  15.9  15.4  11.3   7.5   2.7 -11.8   506   506   506   506   506   506   506   506   506   506   506   506 
1968 -16.1  -6.0  -1.5   3.8   7.3  16.2  14.6  15.3   9.6   1.8  -2.0  -2.6   506   506   506   506   506   506   506   506   506   506   506   506 
1969 -10.5 -10.5  -7.4   3.1   8.6  15.4  16.2  15.5   9.2   4.6  -0.8  -7.9   506   506   506   506   506   506   506   506   506   506   506   506 
1970 -11.4 -14.2  -2.5   1.1   9.5  16.6  16.0  14.7   9.2   3.5  -1.7  -3.2   506   506   506   506   506   506   506   506   506   506   506   506 
1971  -2.8  -6.8  -5.7   1.6  10.5  13.7  16.5  15.1   8.0   3.7  -2.3  -3.2   506   506   506   506   506   506   506   506   506   506   506   506 
1972 -10.3  -5.5  -3.5   1.6   9.1  16.5  19.4  15.8   9.7   4.1   0.0   1.2   506   506   506   506   506   506   506   506   506   506   506   506 
1973  -2.3  -5.9  -1.7   2.6   9.9  16.6  19.6  14.1   6.3   1.7  -4.0  -6.8   506   506   506   506   506   506   506   506   506   506   506   506 
1974  -3.5  -0.6  -2.0   2.1   7.1  14.1  15.1  14.0  11.3   5.0   1.7   0.0   506   506   506   506   506   506   506   506   506   506   506   506 
1975  -1.9  -3.7  -0.9   2.7  11.3  13.2  17.1  15.1  12.1   4.1   0.9  -2.6   506   506   506   506   506   506   506   506   506   506   506   506 
1976 -11.8  -7.7  -6.0   1.6  10.7  12.7  15.1  14.2   6.8   0.2   0.0  -4.9   506   506   506   506   506   506   506   506   506   506   506   506 
1977  -8.0  -9.9  -2.7   1.3   9.1  13.9  14.4  13.8   7.4   4.7   0.8  -4.7   506   506   506   506   506   506   506   506   506   506   506   506 
1978  -6.7 -13.0  -3.1   1.7  10.2  14.5  14.8  13.1   7.9   3.1   1.6 -13.0   506   506   506   506   506   506   506   506   506   506   506   506 
1979  -9.2 -10.8  -1.9   1.8  10.8  15.7  14.4  15.5   9.0   3.3   0.9  -4.9   506   506   506   506   506   506   506   506   506   506   506   506 
1980 -10.2  -9.0  -7.0   4.7   7.1  16.8  16.2  14.2  10.0   4.4  -3.3  -3.9   506   506   506   506   506   506   506   506   506   506   506   506 
1981  -5.0  -7.0  -7.0   1.2  11.2  13.0  16.3  13.6   9.7   5.5  -0.5  -7.5   506   506   506   506   506   506   506   506   506   506   506   506 
1982 -11.6  -6.6  -0.8   2.4   9.2  11.3  16.7  15.3   9.4   4.0   2.9  -1.1   506   506   506   506   506   506   506   506   506   506   506   506 
1983  -2.3  -9.5  -3.5   5.0  11.5  13.5  17.3  14.9  11.1   5.4  -2.3  -3.5   506   506   506   506   506   506   506   506   506   506   506   506 
1984  -4.9  -6.4  -5.3   4.4  12.8  13.3  15.1  14.0   9.5   6.6   0.7  -2.6   506   506   506   506   506   506   506   506   506   506   506   506 
1985 -16.6 -16.7  -2.6   0.9   9.2  13.4  15.6  15.7   8.8   6.4  -2.0  -7.5   506   506   506   506   506   506   506   506   506   506   506   506 
1986  -8.9 -13.0  -1.1   2.4  10.8  16.7  16.6  13.2   6.5   5.0   3.1  -9.0   506   506   506   506   506   506   506   506   506   506   506   506 
1987 -19.2  -7.9  -6.8   2.5   7.9  12.4  14.8  11.9   8.5   6.1  -1.2  -5.5   506   506   506   506   506   506   506   506   506   506   506   506 
1988  -3.4  -4.5  -3.2   1.4  12.1  17.0  19.2  14.0  10.8   4.1  -4.3  -7.3   506   506   506   506   506   506   506   506   506   506   506   506 
1989  -0.5  -0.2   1.3   5.4  10.7  16.0  16.8  13.9  10.8   4.5   0.2  -5.9   506   506   506   506   506   506   506   506   506   506   506   506 
1990  -4.8   0.9   0.9   5.8   9.3  14.2  15.4  15.2   8.1   4.7  -1.8  -1.6   506   506   506   506   506   506   506   506   506   506   506   506 
1991  -3.9  -7.3  -1.1   3.3   7.7  12.5  17.3  15.8   9.3   5.4   2.5  -2.1   506   506   506   506   506   506   506   506   506   506   506   506 
1992  -2.3  -2.8   0.6   1.4  11.3  15.9  16.5  14.4  11.3  -0.4  -2.0  -0.2   506   506   506   506   506   506   506   506   506   506   506   506 
1993  -2.4  -3.4  -0.9   3.0  13.0  11.7  15.6  13.0   5.4   2.8  -3.9  -3.6   506   506   506   506   506   506   506   506   506   506   506   506 
1994  -4.7 -14.4  -3.3   4.9   8.0  12.6  19.1  14.7  10.3   4.0  -1.2  -1.0   506   506   506   506   506   506   506   506   506   506   506   506 
1995  -3.9  -1.2  -0.2   2.6   8.9  17.6  15.6  15.5  10.1   7.5  -3.0 -10.1   506   506   506   506   506   506   506   506   506   506   506   506 
1996  -6.5 -11.4  -4.2   2.8   9.3  13.5  14.3  16.6   8.0   6.3   2.7  -6.1   506   506   506   506   506   506   506   506   506   506   506   506 
1997  -5.2  -4.2  -1.4   1.4   8.0  16.3  17.8  17.5   9.9   2.3  -0.4  -4.1   506   506   506   506   506   506   506   506   506   506   506   506 
1998  -2.4  -5.4  -5.1   2.8   9.8  14.1  15.5  13.3  10.5   4.7  -4.4  -3.0   506   506   506   506   506   506   506   506   506   506   506   506 
1999  -6.6  -8.1  -2.0   5.2   7.6  18.1  18.1  14.4  11.4   5.8   1.6  -3.2   506   506   506   506   506   506   506   506   506   506   506   506 
2000  -3.7  -3.2  -1.5   5.9  10.4  14.0  16.2  14.4   8.1   7.8   3.7   0.5   506   506   506   506   506   506   506   506   506   506   506   506 
2001  -2.7  -8.4  -4.4   5.6   9.2  13.9  19.5  15.5  11.1   7.2  -0.9  -8.5   506   506   506   506   506   506   506   506   506   506   506   506 
2002  -4.6  -1.6  -0.4   5.1  11.5  15.6  18.6  17.7   9.9  -0.5  -3.7  -9.2   506   506   506   506   506   506   506   506   506   506   506   506 
2003 -11.0  -6.3  -1.4   2.3  10.0  13.0  20.1  15.4  10.7   2.8   2.2  -1.8   506   506   506   506   506   506   506   506   506   506   506   506 
2004  -7.9  -5.5  -1.8   4.2   9.6  12.6  16.0  15.9  11.7   4.7  -0.9  -1.3   506   506   506   506   506   506   506   506   506   506   506   506 
2005  -1.8  -6.4  -7.1   4.1   9.8  13.5  18.2  15.5  11.5   6.3   3.2  -5.0   506   506   506   506   506   506   506   506   506   506   506   506 
2006  -5.6 -10.2  -7.0   3.6  10.2  15.7  18.2  17.6  13.0   6.9   0.7   2.7   506   506   506   506   506   506   506   506   506   506   506   506 
2007  -3.2 -11.1   2.3   4.8  10.6  14.8  16.6  16.4   9.9   5.7  -0.7   1.0   506   506   506   506   506   506   506   506   506   506   506   506 
2008  -1.1  -0.5  -1.2   5.9  10.1  13.9  16.3  14.2   9.0   7.2   1.5  -0.4   506   506   506   506   506   506   506   506   506   506   506   506 
2009  -5.0  -5.7  -2.4   4.0  10.9  13.5  16.5  15.2  11.9   2.4   1.6  -6.7   506   506   506   506   506   506   506   506   506   506   506   506 
2010 -13.4  -9.5  -2.9   4.3  11.5  14.4  21.7  16.7  10.6   3.8  -2.5 -10.0   506   506   506   506   506   506   506   506   506   506   506   506 
2011  -6.1 -12.3  -2.1   5.6  10.3  16.8  19.9  15.9  12.1   6.8   3.6   1.2   506   506   506   506   506   506   506   506   506   506   506   506 
2012  -6.2  -8.8  -0.6   3.4  10.8  13.0  17.3  14.5  10.9   4.9   2.5  -7.8   506   506   506   506   506   506   506   506   506   506   506   506 
2013  -6.4  -3.2  -7.5   2.2  13.1  17.2  17.0  16.0  10.8   5.7   2.7   0.7   506   506   506   506   506   506   506   506   506   506   506   506 
2014  -8.8  -0.6   1.0   4.9  10.4  13.0  19.2  16.3  11.1   5.1   1.7  -2.0   506   506   506   506   506   506   506   506   506   506   506   506 
2015  -2.9  -0.7   1.1   4.8   9.1  12.9  15.3  15.7  11.4   3.8   3.8   1.5   506   506   506   506   506   506   506   506   506   506   506   506 
2016 -11.1  -1.1  -0.4   4.2  13.0  14.9  16.7  14.9  11.4   3.7  -1.7  -1.5   506   506   506   506   506   506   506   506   506   506   506   506 
2017  -3.6  -4.1   0.3 -99.0 -99.0 -99.0 -99.0 -99.0 -99.0 -99.0 -99.0 -99.0   506   506   506   -99   -99   -99   -99   -99   -99   -99   -99   -99 
