Number= 029740
Name= HELSINKI-VANTAA AIRP
Country= FINLAND
Lat=   60.3
Long=  -25.0
Height= 53
Start year= 1829
End year= 2017
First Good year= 1829
Source ID= 54
Source file= Jones
Jones data to= 2017
Normals source= Data
Normals source start year= 1961
Normals source end year= 1990
Normals=  -6.9  -6.8  -2.9   2.9  10.0  14.9  16.6  15.0  10.0   5.3   0.2  -4.1 
Standard deviations source= Data
Standard deviations source start year= 1941
Standard deviations source end year= 1990
Standard deviations=   4.3   3.9   2.6   1.4   1.6   1.5   1.5   1.3   1.7   1.7   2.0   3.2 
Obs:
1829 -11.3 -14.0  -8.9  -1.7   7.5  14.1  17.7  14.5  12.1   4.5  -3.5  -6.6   506   506   506   506   506   506   506   506   506   506   506   506 
1830  -8.9  -8.6  -2.7   1.1   5.5  12.7  16.3  14.4  10.5   6.2   2.6  -3.1   506   506   506   506   506   506   506   506   506   506   506   506 
1831 -11.2  -5.2  -6.8   2.4   8.8  16.3  18.3  15.6   9.0   5.7   1.0  -3.8   506   506   506   506   506   506   506   506   506   506   506   506 
1832  -4.5  -1.0  -1.7   2.6   6.8  13.7  13.5  14.4   9.0   6.8   0.2  -2.5   506   506   506   506   506   506   506   506   506   506   506   506 
1833  -3.4  -5.0  -5.3   0.4   7.8  14.1  16.4  12.3  11.8   8.1   3.4  -4.4   506   506   506   506   506   506   506   506   506   506   506   506 
1834 -10.7  -3.6  -1.6   2.7   8.3  14.6  16.8  18.8   9.7   5.3  -1.1  -3.4   506   506   506   506   506   506   506   506   506   506   506   506 
1835  -3.2  -2.1  -1.6   0.9   6.3  14.7  14.9  13.0  12.1   6.0  -2.8 -10.0   506   506   506   506   506   506   506   506   506   506   506   506 
1836  -7.2  -4.1   0.6   3.2   6.7  11.7  14.4  13.7   9.0   6.7  -0.7  -4.1   506   506   506   506   506   506   506   506   506   506   506   506 
1837  -7.2  -2.5  -5.6   0.6   8.2  14.1  14.7  16.2  10.2   4.8   2.8  -4.0   506   506   506   506   506   506   506   506   506   506   506   506 
1838 -13.6 -12.3  -7.6  -0.2   6.8  13.0  16.8  14.0  13.7   4.2   0.0  -2.0   506   506   506   506   506   506   506   506   506   506   506   506 
1839  -5.3  -6.8  -8.9  -1.1  11.2  14.1  18.3  15.6  11.4   6.8  -1.1  -7.6   506   506   506   506   506   506   506   506   506   506   506   506 
1840  -7.6  -7.8  -4.8   1.0   5.6  13.1  14.0  15.5  12.6   4.9  -2.6  -7.7   506   506   506   506   506   506   506   506   506   506   506   506 
1841  -9.5  -8.2  -2.9   2.8   9.5  13.6  14.4  15.5  11.2   5.5   1.1   1.0   506   506   506   506   506   506   506   506   506   506   506   506 
1842  -5.8  -1.8  -2.5   0.4   9.1  14.0  16.0  18.0   9.8   3.8  -1.7   0.1   506   506   506   506   506   506   506   506   506   506   506   506 
1843  -1.5  -3.4  -5.2  -1.1   4.5  13.4  16.5  18.0  11.0   4.5  -0.6  -0.3   506   506   506   506   506   506   506   506   506   506   506   506 
1844  -8.5 -15.0  -5.8   0.9   9.4  11.8  14.3  16.0  11.6   5.9  -2.1  -7.3   506   506   506   506   506   506   506   506   506   506   506   506 
1845  -1.4 -12.2  -8.9  -0.3   5.8  12.8  16.5  16.2  11.0   3.9   2.6  -2.7   506   506   506   506   506   506   506   506   506   506   506   506 
1846  -8.1 -11.4  -0.2   2.1   6.5  13.1  17.2  20.6  11.2   8.4   1.6  -6.5   506   506   506   506   506   506   506   506   506   506   506   506 
1847  -4.4 -11.1  -5.4  -2.4   6.6  14.6  15.5  18.0  13.0   5.0   4.1  -0.5   506   506   506   506   506   506   506   506   506   506   506   506 
1848 -10.8  -3.6  -1.0   3.9   8.4  13.2  14.5  14.3  10.7   5.8   0.7  -2.9   506   506   506   506   506   506   506   506   506   506   506   506 
1849 -10.1  -5.3  -4.6  -0.1   8.4  11.0  14.6  15.6  10.4   4.6   0.9  -5.6   506   506   506   506   506   506   506   506   506   506   506   506 
1850 -14.4  -6.0  -6.8   1.2   9.0  13.2  16.9  16.9  10.3   5.3  -1.5  -0.7   506   506   506   506   506   506   506   506   506   506   506   506 
1851  -5.4  -7.5  -6.6   2.9   6.5  13.4  16.0  14.1  11.3   7.2   3.0  -0.9   506   506   506   506   506   506   506   506   506   506   506   506 
1852  -5.2  -9.0  -2.9  -2.4   7.6  15.4  16.5  16.2  11.4   1.4  -4.4  -3.0   506   506   506   506   506   506   506   506   506   506   506   506 
1853  -3.1  -7.6  -8.2  -1.2   8.2  15.4  17.2  14.2  11.0   6.4   2.7  -2.7   506   506   506   506   506   506   506   506   506   506   506   506 
1854  -9.0  -7.4  -2.9   1.6   9.7  15.3  18.5  18.1   8.9   6.7  -1.1  -1.1   506   506   506   506   506   506   506   506   506   506   506   506 
1855  -7.4 -12.9  -5.2   0.9   7.6  14.5  20.0  15.0  10.0   6.1  -0.8  -8.4   506   506   506   506   506   506   506   506   506   506   506   506 
1856  -6.5  -9.9  -7.1   0.9   6.8  12.0  15.1  12.1   9.6   5.2  -6.4  -4.5   506   506   506   506   506   506   506   506   506   506   506   506 
1857  -9.4  -3.2  -2.3   0.7   6.7  12.1  15.3  17.3   9.4   6.9   0.7  -0.4   506   506   506   506   506   506   506   506   506   506   506   506 
1858  -3.5  -5.6  -3.9   1.1   8.4  14.6  19.7  18.3  12.9   5.8  -3.8  -3.1   506   506   506   506   506   506   506   506   506   506   506   506 
1859  -1.9  -2.4  -2.6   1.5   9.2  15.6  16.1  14.5  11.2   4.0   1.6  -3.4   506   506   506   506   506   506   506   506   506   506   506   506 
1860  -4.6  -9.0  -5.1   2.7   7.1  14.3  17.5  16.1  11.6   4.8  -1.3  -8.0   506   506   506   506   506   506   506   506   506   506   506   506 
1861 -15.3  -4.4  -1.1   0.4   5.8  15.3  19.4  15.9   9.9   7.5  -1.8  -1.9   506   506   506   506   506   506   506   506   506   506   506   506 
1862 -14.4 -11.5  -6.2   1.2   8.0  11.6  13.1  12.9   9.9   6.0   0.2  -5.1   506   506   506   506   506   506   506   506   506   506   506   506 
1863  -1.1  -2.2  -1.6   2.4   7.0  13.7  14.3  14.7  13.0   7.9   2.8  -2.0   506   506   506   506   506   506   506   506   506   506   506   506 
1864  -5.3  -3.5  -2.8   2.0   4.5  14.0  17.6  12.6  10.0   1.5  -5.1  -2.9   506   506   506   506   506   506   506   506   506   506   506   506 
1865  -5.1 -12.4  -6.8   0.9   7.9  10.6  17.9  13.4  10.2   3.8   2.0  -2.0   506   506   506   506   506   506   506   506   506   506   506   506 
1866  -0.1  -8.7  -6.8   2.2   5.7  15.2  15.0  16.0  14.3   4.9  -1.2  -5.1   506   506   506   506   506   506   506   506   506   506   506   506 
1867 -13.6  -5.4  -7.3  -1.1   1.8  12.2  15.4  14.8   9.2   6.2  -2.6 -10.8   506   506   506   506   506   506   506   506   506   506   506   506 
1868 -10.3  -7.5  -2.8   1.5   8.4  13.1  18.4  18.9  11.1   6.7  -2.0  -3.4   506   506   506   506   506   506   506   506   506   506   506   506 
1869  -6.8  -2.7  -2.0   2.9   7.4  12.2  16.0  15.6  10.8   5.2  -0.4  -1.5   506   506   506   506   506   506   506   506   506   506   506   506 
1870  -3.8 -10.3  -4.3   3.1   7.2  13.8  17.3  14.5   9.9   3.8   1.5 -11.3   506   506   506   506   506   506   506   506   506   506   506   506 
1871  -9.1 -18.2  -0.3  -0.2   5.9  11.7  17.3  17.3   8.3   4.3  -1.7  -5.0   506   506   506   506   506   506   506   506   506   506   506   506 
1872  -1.6  -5.6  -3.2   3.5  10.0  16.2  17.5  15.3  10.2   7.2   2.6  -3.9   506   506   506   506   506   506   506   506   506   506   506   506 
1873  -2.5  -6.4  -3.2   0.5   6.9  14.9  18.2  14.9  12.8   6.8  -0.5  -1.9   506   506   506   506   506   506   506   506   506   506   506   506 
1874   0.3  -3.9  -2.5   2.1   5.7  12.4  16.3  14.1  10.8   8.8  -0.3  -5.9   506   506   506   506   506   506   506   506   506   506   506   506 
1875 -13.1  -6.7  -5.4  -0.8   7.4  13.6  17.2  14.8   9.4   1.9  -3.5 -11.9   506   506   506   506   506   506   506   506   506   506   506   506 
1876  -8.6  -8.4  -1.8   1.8   4.2  17.0  17.3  15.2  11.6   4.9  -2.9 -13.2   506   506   506   506   506   506   506   506   506   506   506   506 
1877  -8.1  -8.4  -7.0  -0.6   4.9  12.1  15.4  13.9   7.7   5.3   5.1  -0.3   506   506   506   506   506   506   506   506   506   506   506   506 
1878  -5.7  -2.9  -3.0   3.3   7.1  13.6  14.3  14.9  12.4   8.7   2.3  -2.2   506   506   506   506   506   506   506   506   506   506   506   506 
1879  -6.4  -5.8  -3.9   1.0   8.2  13.7  16.4  19.0  12.3   5.5  -2.5  -6.2   506   506   506   506   506   506   506   506   506   506   506   506 
1880  -6.9  -3.5  -3.7   1.7   7.5  12.9  16.0  13.9  12.8  -0.2  -1.4  -5.7   506   506   506   506   506   506   506   506   506   506   506   506 
1881 -10.9 -11.0  -7.4  -1.6   5.6  13.0  15.2  13.5  10.9   3.4   1.6  -1.4   506   506   506   506   506   506   506   506   506   506   506   506 
1882   0.0  -2.5  -0.5   2.6   9.1  14.0  17.1  18.2  12.7   5.0  -3.7  -7.3   506   506   506   506   506   506   506   506   506   506   506   506 
1883  -8.2  -7.4  -6.2   2.1   7.7  16.1  15.9  14.4  11.3   5.8   4.3  -1.6   506   506   506   506   506   506   506   506   506   506   506   506 
1884  -3.7  -4.6  -3.1   0.5   6.5  13.8  16.9  14.1  12.4   6.9  -0.8  -5.6   506   506   506   506   506   506   506   506   506   506   506   506 
1885  -4.2  -4.0  -3.5   1.3   6.4  12.4  18.6  15.3   9.0   4.2  -0.8  -2.5   506   506   506   506   506   506   506   506   506   506   506   506 
1886  -7.0  -8.3  -5.8   3.5   8.3  15.2  17.1  16.4  10.0   5.0   3.6  -0.9   506   506   506   506   506   506   506   506   506   506   506   506 
1887  -2.1  -1.2  -1.8   2.9   9.0  13.5  16.4  15.0  12.1   3.7  -0.1  -5.3   506   506   506   506   506   506   506   506   506   506   506   506 
1888  -8.0 -11.2  -9.7   0.5   6.3  13.0  15.6  14.7  10.4   3.7  -1.1  -3.3   506   506   506   506   506   506   506   506   506   506   506   506 
1889  -4.0 -10.1  -7.1   1.9  11.3  16.6  16.0  14.4   9.6   7.4   2.7  -1.5   506   506   506   506   506   506   506   506   506   506   506   506 
1890  -2.7  -3.6  -0.2   4.5  10.9  13.9  15.4  15.5  12.2   3.8   0.1  -3.4   506   506   506   506   506   506   506   506   506   506   506   506 
1891  -6.4  -2.0  -3.5   2.4   8.4  12.5  17.7  14.2  10.5   7.3  -1.4  -1.9   506   506   506   506   506   506   506   506   506   506   506   506 
1892  -9.3  -7.8  -4.0   0.9   7.0  11.6  14.8  14.5  11.7   5.1   1.7  -6.2   506   506   506   506   506   506   506   506   506   506   506   506 
1893 -13.2 -14.8  -3.5   1.2   6.8  13.6  16.1  14.9   8.6   6.9  -0.9  -1.7   506   506   506   506   506   506   506   506   506   506   506   506 
1894  -1.9  -2.6  -0.9   5.1  10.1  14.4  17.0  15.6   7.9   3.2   2.2  -1.7   506   506   506   506   506   506   506   506   506   506   506   506 
1895  -6.8 -13.2  -5.1   1.5  11.5  16.0  16.1  15.6  10.7   6.1   1.8  -2.6   506   506   506   506   506   506   506   506   506   506   506   506 
1896  -3.0  -4.8  -2.9   1.1   8.6  17.2  19.1  15.5  11.0   7.6  -1.1  -3.5   506   506   506   506   506   506   506   506   506   506   506   506 
1897  -8.7  -6.7  -4.1   3.3  13.3  14.7  17.5  17.2  11.6   5.6   0.6  -3.1   506   506   506   506   506   506   506   506   506   506   506   506 
1898  -1.2  -6.9  -5.3   1.0   9.1  15.3  16.3  15.8  10.3   3.9   3.2  -2.0   506   506   506   506   506   506   506   506   506   506   506   506 
1899  -6.3  -6.8  -7.1   1.7   7.0  11.2  19.4  12.9  11.1   6.2   2.2  -6.5   506   506   506   506   506   506   506   506   506   506   506   506 
1900  -6.5 -10.1  -5.0   1.1   6.9  14.3  15.6  16.1   9.2   6.4   0.7  -3.8   506   506   506   506   506   506   506   506   506   506   506   506 
1901  -2.4  -8.8  -4.7   2.6   9.2  15.5  20.0  17.6  12.1   8.7  -2.3  -7.7   506   506   506   506   506   506   506   506   506   506   506   506 
1902  -6.2  -6.7  -4.2  -0.6   6.4  12.1  13.9  13.3   9.3   3.3  -1.2  -7.4   506   506   506   506   506   506   506   506   506   506   506   506 
1903  -5.1  -1.8   0.8   3.1   9.4  15.4  16.2  14.3  12.0   2.8   1.8  -0.9   506   506   506   506   506   506   506   506   506   506   506   506 
1904  -1.2  -7.8  -4.5   1.8   6.7  12.2  14.2  14.1  10.7   6.8  -1.4  -4.8   506   506   506   506   506   506   506   506   506   506   506   506 
1905  -6.3  -3.6  -1.2   1.2   9.5  16.1  16.6  14.4  10.1   4.5   0.9  -1.8   506   506   506   506   506   506   506   506   506   506   506   506 
1906  -2.5  -2.2  -3.7   3.3  12.2  15.4  18.2  14.2   8.9   5.3   1.7  -3.1   506   506   506   506   506   506   506   506   506   506   506   506 
1907  -8.7  -5.1  -2.2   1.7   6.3  13.3  17.0  13.1   9.4   9.2   1.5 -11.4   506   506   506   506   506   506   506   506   506   506   506   506 
1908  -5.2  -4.1  -4.1   2.4   7.7  13.2  15.5  16.2   9.5   5.9  -2.3  -2.7   506   506   506   506   506   506   506   506   506   506   506   506 
1909  -1.9  -8.6  -3.7  -0.1   5.2  13.5  15.8  14.6  11.8  10.1  -2.0  -1.9   506   506   506   506   506   506   506   506   506   506   506   506 
1910  -2.9  -0.8   0.9   4.6  10.8  14.5  16.7  14.1  11.6   4.9   0.0  -0.8   506   506   506   506   506   506   506   506   506   506   506   506 
1911  -3.3  -7.7  -2.1   1.5  10.2  12.9  15.6  16.9  10.9   4.8   3.1  -0.8   506   506   506   506   506   506   506   506   506   506   506   506 
1912  -8.4  -9.5   0.0   1.6   7.2  14.7  18.1  17.4   8.9   2.5   0.6   0.2   506   506   506   506   506   506   506   506   506   506   506   506 
1913  -5.6  -3.6  -0.4   4.4   8.1  13.1  18.9  16.7  11.5   4.9   2.9  -4.6   506   506   506   506   506   506   506   506   506   506   506   506 
1914  -7.1  -1.3  -1.9   3.8   8.8  15.0  21.5  14.1  10.2   3.1   0.6   1.0   506   506   506   506   506   506   506   506   506   506   506   506 
1915  -7.0  -5.2  -7.1   1.9   7.5  11.8  17.6  15.3   9.6   3.0  -2.1 -12.3   506   506   506   506   506   506   506   506   506   506   506   506 
1916  -4.1  -3.9  -4.5   3.0   7.3  12.4  19.0  13.1   8.8   3.1   2.8  -3.2   506   506   506   506   506   506   506   506   506   506   506   506 
1917  -9.0 -11.2  -9.4   1.2   7.2  16.5  16.8  18.8  11.1   7.5   2.1  -2.3   506   506   506   506   506   506   506   506   506   506   506   506 
1918  -8.7  -5.7  -2.7   4.0   8.4  12.2  17.9  14.1  10.5   8.1   3.2  -2.4   506   506   506   506   506   506   506   506   506   506   506   506 
1919  -3.1  -7.3  -5.1   1.4  10.1  14.1  19.0  14.0  12.0   5.1  -4.0  -5.6   506   506   506   506   506   506   506   506   506   506   506   506 
1920  -7.0  -1.9   1.1   4.6  10.7  14.4  18.3  15.2  12.2   4.2   2.9  -1.3   506   506   506   506   506   506   506   506   506   506   506   506 
1921  -5.0  -6.9   1.0   6.8  11.7  14.1  14.3  15.2  10.2   5.1  -3.2  -2.8   506   506   506   506   506   506   506   506   506   506   506   506 
1922  -8.1  -6.0  -3.8   1.7   8.2  13.2  16.2  14.7  11.4   3.1   0.0  -3.6   506   506   506   506   506   506   506   506   506   506   506   506 
1923  -2.1 -11.7  -3.2   1.2   6.7  10.0  16.6  13.8  11.1   6.8   2.4  -3.6   506   506   506   506   506   506   506   506   506   506   506   506 
1924  -6.3  -8.5  -4.0   0.4   8.0  12.6  17.0  17.0  13.0   8.6   2.8   1.7   506   506   506   506   506   506   506   506   506   506   506   506 
1925   1.0   0.0  -4.0   4.8   9.5  13.7  20.1  15.4  10.7   3.2  -4.0  -6.8   506   506   506   506   506   506   506   506   506   506   506   506 
1926  -9.8  -7.0  -2.6   2.1   8.1  14.7  17.6  15.7  10.3   2.8   2.7  -5.4   506   506   506   506   506   506   506   506   506   506   506   506 
1927  -5.7  -4.5  -0.2   1.9   6.3  12.4  21.3  18.4  11.1   4.3  -2.1  -6.6   506   506   506   506   506   506   506   506   506   506   506   506 
1928  -4.3  -5.4  -2.9   2.9   8.6  11.0  13.7  14.6  10.4   5.5   3.0  -1.3   506   506   506   506   506   506   506   506   506   506   506   506 
1929  -6.9 -13.4  -2.6  -0.5   8.8  12.6  15.6  14.7  11.3   7.5   4.3   2.9   506   506   506   506   506   506   506   506   506   506   506   506 
1930   1.4  -3.3  -0.2   4.7  11.3  15.0  18.6  16.6   9.1   6.5   1.7  -2.0   506   506   506   506   506   506   506   506   506   506   506   506 
1931  -6.9  -7.4  -5.4   1.8  10.5  11.5  17.4  16.6   8.4   5.0   2.1  -3.3   506   506   506   506   506   506   506   506   506   506   506   506 
1932  -0.6  -7.9  -5.9   2.7   9.7  12.8  19.9  17.0  11.5   5.3   2.0   2.5   506   506   506   506   506   506   506   506   506   506   506   506 
1933  -4.3  -6.3  -2.1   2.7   8.1  16.1  17.9  14.7  11.6   6.2  -0.4  -4.7   506   506   506   506   506   506   506   506   506   506   506   506 
1934  -1.1  -2.7  -1.6   3.4  10.9  15.2  18.5  17.4  14.9   8.8   3.8  -0.8   506   506   506   506   506   506   506   506   506   506   506   506 
1935  -4.1  -3.7  -1.3   3.1   7.4  14.8  16.8  15.0  10.7   7.1   3.4   0.4   506   506   506   506   506   506   506   506   506   506   506   506 
1936  -2.7  -9.3  -0.5   2.8  10.6  18.8  18.9  16.6  11.1   3.3   3.5   2.4   506   506   506   506   506   506   506   506   506   506   506   506 
1937  -4.5  -5.7  -2.3   4.8  11.9  16.5  18.3  18.7  12.7   7.2   3.4  -7.1   506   506   506   506   506   506   506   506   506   506   506   506 
1938  -3.4  -1.1   1.1   3.2   8.4  13.2  18.9  18.8  14.3   8.4   5.4  -1.5   506   506   506   506   506   506   506   506   506   506   506   506 
1939  -5.5   0.4  -1.3   3.2   9.5  15.2  18.1  20.0  10.3   2.7   2.5  -4.4   506   506   506   506   506   506   506   506   506   506   506   506 
1940 -12.4 -13.7  -7.4   1.2  10.9  15.2  18.6  15.6  10.7   6.2   2.6  -4.1   506   506   506   506   506   506   506   506   506   506   506   506 
1941 -12.7  -8.3  -4.0   0.5   7.5  13.3  20.5  16.3   9.9   2.4  -2.1  -9.8   506   506   506   506   506   506   506   506   506   506   506   506 
1942 -15.9 -12.1  -8.8   2.2   7.7  13.5  15.9  16.1  11.6   7.7   0.7  -2.0   506   506   506   506   506   506   506   506   506   506   506   506 
1943  -7.3  -0.1   0.5   4.1   9.7  15.7  16.9  15.4  12.2   8.7   3.3   0.8   506   506   506   506   506   506   506   506   506   506   506   506 
1944  -2.3  -3.6  -1.9   1.5   8.0  12.9  18.7  17.4  11.8   7.7   2.2   0.9   506   506   506   506   506   506   506   506   506   506   506   506 
1945  -4.4  -3.2  -2.9   3.7   8.2  13.6  19.5  17.7   9.4   3.7   0.6  -6.0   506   506   506   506   506   506   506   506   506   506   506   506 
1946  -4.6  -7.9  -3.6   3.7   8.9  14.2  18.8  16.2  13.1   3.6   1.4  -0.6   506   506   506   506   506   506   506   506   506   506   506   506 
1947  -6.6 -12.8  -6.2   2.7  10.7  15.9  17.7  16.8  12.7   4.3   0.4  -2.7   506   506   506   506   506   506   506   506   506   506   506   506 
1948  -6.0  -6.7  -0.6   4.6  10.5  15.3  18.0  15.1  11.8   5.3   1.7   1.1   506   506   506   506   506   506   506   506   506   506   506   506 
1949  -0.7  -0.5  -1.8   3.9  11.3  13.0  17.5  15.0  14.5   7.0   3.2   0.1   506   506   506   506   506   506   506   506   506   506   506   506 
1950 -10.4  -3.8  -1.4   4.6   9.9  14.5  15.7  16.9  12.3   6.9   2.1  -0.7   506   506   506   506   506   506   506   506   506   506   506   506 
1951  -5.6  -5.7  -5.3   3.9   7.7  13.9  15.6  18.4  13.2   7.8   1.4   1.3   506   506   506   506   506   506   506   506   506   506   506   506 
1952  -1.3  -2.9  -7.0   4.2   7.3  13.8  16.3  14.5   9.4   3.5  -0.7  -1.3   506   506   506   506   506   506   506   506   506   506   506   506 
1953  -3.8  -7.2   0.1   5.0   9.2  17.0  17.1  15.8  10.9   8.6   3.2  -0.1   506   506   506   506   506   506   506   506   506   506   506   506 
1954  -5.2  -9.8  -0.6   2.2  11.3  13.6  17.7  15.8  12.5   6.6   1.4   1.2   506   506   506   506   506   506   506   506   506   506   506   506 
1955  -3.4  -6.7  -4.1  -0.3   6.3  12.6  18.3  18.8  14.4   7.2   0.2  -8.6   506   506   506   506   506   506   506   506   506   506   506   506 
1956  -6.2 -12.0  -3.1   0.9   8.9  15.6  16.0  13.6  10.1   5.8  -3.1  -1.4   506   506   506   506   506   506   506   506   506   506   506   506 
1957  -1.6  -1.6  -5.4   2.3   8.8  13.0  18.2  16.4  10.6   6.9   2.1  -0.7   506   506   506   506   506   506   506   506   506   506   506   506 
1958  -6.8  -8.4  -6.1   1.3   7.7  13.4  15.6  15.1  11.7   7.3   4.3  -4.6   506   506   506   506   506   506   506   506   506   506   506   506 
1959  -5.2  -2.4   0.5   4.2  10.1  15.2  18.2  17.1   8.5   4.4   1.0  -5.1   506   506   506   506   506   506   506   506   506   506   506   506 
1960  -9.9  -9.1  -5.0   1.9  10.8  15.7  17.7  15.4  10.6   3.7  -0.5  -0.4   506   506   506   506   506   506   506   506   506   506   506   506 
1961  -3.5  -0.4   0.2   2.4   9.8  17.0  16.0  14.0   9.6   8.5   1.7  -4.9   506   506   506   506   506   506   506   506   506   506   506   506 
1962  -3.7  -5.1  -7.8   3.7   8.8  12.0  14.7  12.9   9.3   6.7   1.5  -6.8   506   506   506   506   506   506   506   506   506   506   506   506 
1963  -9.9 -10.8  -8.9   2.7  13.2  14.7  16.8  16.4  12.5   5.8  -0.1  -4.0   506   506   506   506   506   506   506   506   506   506   506   506 
1964  -2.7  -9.2  -5.0   2.9   9.7  14.8  16.7  14.6   9.9   7.1  -0.6  -2.2   506   506   506   506   506   506   506   506   506   506   506   506 
1965  -3.5  -7.8  -3.8   3.2   6.9  15.1  14.4  14.1  12.3   5.5  -4.2  -3.5   506   506   506   506   506   506   506   506   506   506   506   506 
1966 -13.5 -13.3  -2.6  -0.1   9.5  17.2  17.9  14.6   8.7   5.0   1.9  -4.3   506   506   506   506   506   506   506   506   506   506   506   506 
1967 -11.3  -5.4   0.4   3.3   9.9  14.0  17.1  16.1  12.4   8.3   3.4  -9.9   506   506   506   506   506   506   506   506   506   506   506   506 
1968 -14.4  -5.1  -1.1   4.0   7.8  16.9  15.4  16.5  10.6   2.6  -1.4  -2.0   506   506   506   506   506   506   506   506   506   506   506   506 
1969  -9.3  -9.6  -6.4   3.4   9.0  16.2  17.1  16.9   9.9   5.3   0.2  -6.7   506   506   506   506   506   506   506   506   506   506   506   506 
1970 -10.1 -12.5  -2.2   1.5   9.9  17.2  16.6  15.8   9.9   4.1  -0.9  -2.5   506   506   506   506   506   506   506   506   506   506   506   506 
1971  -2.0  -6.3  -4.9   1.8  10.5  14.0  16.9  15.7   8.9   4.4  -1.5  -2.3   506   506   506   506   506   506   506   506   506   506   506   506 
1972  -8.7  -4.5  -2.9   2.0   9.2  16.4  19.7  16.4  10.1   4.6   0.4   1.8   506   506   506   506   506   506   506   506   506   506   506   506 
1973  -1.9  -4.5  -1.2   2.7  10.1  16.7  19.9  14.9   7.0   2.4  -2.9  -6.6   506   506   506   506   506   506   506   506   506   506   506   506 
1974  -2.8  -0.4  -1.2   2.7   7.1  14.4  15.6  14.6  12.2   5.7   2.3   0.8   506   506   506   506   506   506   506   506   506   506   506   506 
1975  -1.3  -2.9  -0.3   3.3  11.6  13.6  17.8  16.3  12.9   5.0   1.3  -1.8   506   506   506   506   506   506   506   506   506   506   506   506 
1976  -9.9  -7.1  -4.7   1.9  10.9  12.7  15.6  15.1   8.0   1.5   0.6  -4.4   506   506   506   506   506   506   506   506   506   506   506   506 
1977  -6.6  -9.0  -2.2   1.6   9.5  14.3  14.7  14.5   8.3   5.3   1.7  -3.8   506   506   506   506   506   506   506   506   506   506   506   506 
1978  -5.8 -11.4  -2.7   2.1  10.6  14.7  15.2  13.6   8.4   3.9   2.0 -12.7   506   506   506   506   506   506   506   506   506   506   506   506 
1979  -8.6  -9.8  -1.7   1.8  10.7  16.0  14.7  16.0   9.7   4.0   1.4  -3.8   506   506   506   506   506   506   506   506   506   506   506   506 
1980  -8.8  -8.3  -6.2   4.8   7.2  16.9  16.8  14.9  10.9   5.3  -2.5  -3.0   506   506   506   506   506   506   506   506   506   506   506   506 
1981  -4.1  -6.0  -5.8   1.8  11.1  13.0  16.7  14.1  10.3   6.2   0.0  -6.0   506   506   506   506   506   506   506   506   506   506   506   506 
1982 -10.3  -5.7  -0.3   2.8   9.3  11.7  17.1  15.8  10.3   4.9   3.6  -0.2   506   506   506   506   506   506   506   506   506   506   506   506 
1983  -1.5  -8.0  -2.6   5.2  11.6  13.7  17.9  15.7  11.5   5.9  -1.6  -2.7   506   506   506   506   506   506   506   506   506   506   506   506 
1984  -4.4  -5.5  -4.2   4.7  12.9  14.0  15.2  14.9   9.9   7.2   1.2  -2.0   506   506   506   506   506   506   506   506   506   506   506   506 
1985 -15.4 -15.1  -2.4   1.2   9.5  13.6  15.8  16.2   9.3   7.0  -1.3  -6.4   506   506   506   506   506   506   506   506   506   506   506   506 
1986  -7.8 -11.6  -1.0   2.2  10.9  16.8  17.1  13.8   7.1   5.8   3.6  -7.0   506   506   506   506   506   506   506   506   506   506   506   506 
1987 -17.9  -6.8  -6.2   2.6   8.4  12.6  15.3  12.5   9.1   6.9  -0.5  -4.6   506   506   506   506   506   506   506   506   506   506   506   506 
1988  -2.5  -4.1  -3.0   1.7  12.2  17.3  19.8  14.5  11.3   4.6  -3.2  -6.2   506   506   506   506   506   506   506   506   506   506   506   506 
1989  -0.2   0.5   1.5   5.5  11.1  16.1  17.4  14.3  11.4   5.3   0.5  -5.0   506   506   506   506   506   506   506   506   506   506   506   506 
1990  -3.9   1.2   1.4   6.2   9.9  14.3  15.8  15.7   8.7   5.4  -1.0  -0.9   506   506   506   506   506   506   506   506   506   506   506   506 
1991  -3.1  -6.3  -0.6   3.7   8.0  12.8  17.7  16.7   9.9   5.9   3.2  -1.2   506   506   506   506   506   506   506   506   506   506   506   506 
1992  -1.6  -2.0   0.9   2.0  11.4  15.9  16.7  14.9  12.0   0.7  -1.2   0.5   506   506   506   506   506   506   506   506   506   506   506   506 
1993  -1.8  -2.6  -0.7   3.7  13.3  12.2  16.0  13.6   6.5   3.7  -3.0  -3.0   506   506   506   506   506   506   506   506   506   506   506   506 
1994  -4.0 -13.0  -2.6   5.3   8.4  12.9  19.9  15.6  11.1   4.9  -0.5  -0.5   506   506   506   506   506   506   506   506   506   506   506   506 
1995  -3.1  -0.5   0.2   3.4   9.1  17.6  16.1  16.1  11.0   8.0  -2.2  -8.0   506   506   506   506   506   506   506   506   506   506   506   506 
1996  -6.0 -10.2  -3.2   3.3   9.3  13.5  14.7  17.6   8.8   6.8   3.4  -5.1   506   506   506   506   506   506   506   506   506   506   506   506 
1997  -4.1  -3.3  -0.7   2.0   8.4  16.5  18.7  18.5  10.5   3.0   0.2  -3.3   506   506   506   506   506   506   506   506   506   506   506   506 
1998  -1.7  -4.5  -4.2   2.9  10.4  14.4  16.2  13.6  11.5   5.8  -3.4  -2.2   506   506   506   506   506   506   506   506   506   506   506   506 
1999  -5.9  -7.2  -1.4   5.7   8.0  18.4  19.1  15.4  12.8   6.7   2.5  -2.3   506   506   506   506   506   506   506   506   506   506   506   506 
2000  -2.9  -2.6  -0.8   6.4  10.8  14.4  16.9  15.4   9.7   8.8   4.6   1.3   506   506   506   506   506   506   506   506   506   506   506   506 
2001  -1.9  -7.7  -3.4   5.7   9.9  14.3  20.5  16.4  12.1   8.0  -0.1  -7.1   506   506   506   506   506   506   506   506   506   506   506   506 
2002  -3.6  -0.9   0.3   5.7  12.0  16.4  19.3  19.3  11.2   0.6  -2.8  -8.1   506   506   506   506   506   506   506   506   506   506   506   506 
2003  -9.8  -5.7  -1.4   2.6  10.0  13.3  20.5  16.1  11.6   3.5   2.8  -1.1   506   506   506   506   506   506   506   506   506   506   506   506 
2004  -7.1  -5.0  -1.4   4.6  10.3  13.1  16.5  16.7  12.2   5.6  -0.5  -0.5   506   506   506   506   506   506   506   506   506   506   506   506 
2005  -1.2  -5.7  -6.3   4.4  10.3  14.2  19.2  16.2  12.4   7.0   3.5  -3.7   506   506   506   506   506   506   506   506   506   506   506   506 
2006  -4.9  -9.2  -6.6   3.8  10.7  16.3  19.1  18.4  13.7   7.5   1.5   3.0   506   506   506   506   506   506   506   506   506   506   506   506 
2007  -2.5  -9.6   2.9   5.3  11.0  15.8  17.4  17.4  11.0   6.4   0.0   1.5   506   506   506   506   506   506   506   506   506   506   506   506 
2008  -0.4   0.2  -0.6   6.3  11.1  14.5  17.3  14.8   9.8   8.3   2.5   0.4   506   506   506   506   506   506   506   506   506   506   506   506 
2009  -4.1  -5.0  -1.8   4.5  11.6  14.2  17.2  16.3  12.9   3.3   2.5  -5.3   506   506   506   506   506   506   506   506   506   506   506   506 
2010 -12.4  -9.1  -2.7   4.7  11.9  15.1  22.4  17.7  11.5   5.1  -1.7  -8.9   506   506   506   506   506   506   506   506   506   506   506   506 
2011  -5.4 -11.3  -1.8   6.0  10.8  17.4  20.9  16.9  12.9   7.6   4.2   2.1   506   506   506   506   506   506   506   506   506   506   506   506 
2012  -5.0  -8.1  -0.3   3.8  11.3  13.9  18.0  15.5  11.7   5.7   3.2  -6.7   506   506   506   506   506   506   506   506   506   506   506   506 
2013  -5.9  -2.8  -6.6   2.7  13.5  18.1  18.3  17.3  11.9   6.6   3.5   1.3   506   506   506   506   506   506   506   506   506   506   506   506 
2014  -7.4  -0.4   1.5   5.7  10.9  13.6  20.4  17.4  12.3   5.8   2.2  -1.3   506   506   506   506   506   506   506   506   506   506   506   506 
2015  -2.0  -0.1   1.8   5.1   9.7  13.8  16.3  17.3  12.7   5.4   4.6   2.1   506   506   506   506   506   506   506   506   506   506   506   506 
2016 -10.3  -0.6   0.0   4.9  14.3  15.7  17.7  16.0  12.7   4.6  -1.0  -0.9   506   506   506   506   506   506   506   506   506   506   506   506 
2017  -2.9  -3.3   0.7 -99.0 -99.0 -99.0 -99.0 -99.0 -99.0 -99.0 -99.0 -99.0   506   506   506   -99   -99   -99   -99   -99   -99   -99   -99   -99 
