Number= 029860
Name= HELSINKI KATAJALUOTO
Country= FINLAND
Lat=   60.1
Long=  -24.9
Height= 5
Start year= 1959
End year= 1984
First Good year= 1959
Source ID= 73
Source file= Jones
Jones data to= 1984
Normals source= Data
Normals source start year= 1961
Normals source end year= 1984
Normals=  -4.8  -6.2  -3.4   1.6   7.3  13.1  15.8  15.5  11.5   6.8   2.2  -1.9 
Standard deviations source= Data
Standard deviations source start year= 1959
Standard deviations source end year= 1984
Standard deviations=   3.5   3.6   2.8   1.1   1.2   1.4   1.6   1.2   1.5   1.6   1.6   2.7 
Obs:
1959  -3.2  -1.2   1.0   2.9   8.0  13.4  17.4  17.4   8.7   5.6   2.6  -3.4   506   506   506   506   506   506   506   506   506   506   506   506 
1960  -8.2  -9.0  -6.4  -0.5   7.7  12.3  17.1  16.4  12.4   5.8   1.3   1.0   506   506   506   506   506   506   506   506   506   506   506   506 
1961  -1.9   0.6   1.2   2.6   7.9  15.0  15.2  14.9  11.7  10.4   4.4  -2.4   506   506   506   506   506   506   506   506   506   506   506   506 
1962  -2.1  -3.8  -7.8   2.5   6.7  10.2  14.7  12.9  11.0   8.2   3.2  -3.4   506   506   506   506   506   506   506   506   506   506   506   506 
1963  -7.3 -10.3  -9.1   0.3   8.9  13.4  14.8  16.9  13.6   7.9   2.3  -1.6   506   506   506   506   506   506   506   506   506   506   506   506 
1964  -1.1  -7.6  -4.6   1.2   7.5  12.4  16.4  14.9  11.0   8.7   1.8  -0.1   506   506   506   506   506   506   506   506   506   506   506   506 
1965  -2.2  -6.8  -3.3   1.6   6.1  13.2  13.1  14.2  13.6   7.6  -1.7  -2.0   506   506   506   506   506   506   506   506   506   506   506   506 
1966 -11.0 -13.0  -2.8  -0.6   6.3  14.6  17.1  14.6  10.2   6.5   3.5  -2.6   506   506   506   506   506   506   506   506   506   506   506   506 
1967  -9.1  -4.5   0.4   2.5   7.0  11.9  15.0  16.0  14.1   9.8   4.7  -6.4   506   506   506   506   506   506   506   506   506   506   506   506 
1968 -12.7  -5.0  -1.0   3.3   6.2  13.8  14.4  16.3  12.3   4.1   0.1  -0.9   506   506   506   506   506   506   506   506   506   506   506   506 
1969  -7.7 -10.3  -8.3   1.0   5.7  14.4  15.7  17.6  10.9   6.3   1.9  -4.6   506   506   506   506   506   506   506   506   506   506   506   506 
1970  -7.9 -12.3  -2.8   0.6   6.9  15.8  14.0  16.1  11.1   5.8   1.1  -0.9   506   506   506   506   506   506   506   506   506   506   506   506 
1971  -0.8  -4.5  -4.5   1.2   6.9  12.5  16.0  14.9  10.7   6.5   0.9  -0.3   506   506   506   506   506   506   506   506   506   506   506   506 
1972  -6.5  -4.5  -4.2   1.0   6.7  14.7  19.7  16.7  11.3   6.0   2.2   3.1   506   506   506   506   506   506   506   506   506   506   506   506 
1973  -0.7  -2.6  -1.2   2.3   7.9  14.8  19.6  15.0   8.8   4.4  -0.1  -4.3   506   506   506   506   506   506   506   506   506   506   506   506 
1974  -1.6   0.0  -0.5   2.4   6.6  13.4  15.7  13.2  13.6   7.6   4.0   2.3   506   506   506   506   506   506   506   506   506   506   506   506 
1975   0.2  -1.5   0.3   2.7   9.5  12.4  16.8  17.4  12.9   6.5   2.8   0.4   506   506   506   506   506   506   506   506   506   506   506   506 
1976  -7.5  -6.2  -4.9   1.1   8.9  11.5  15.2  15.4   9.8   3.8   1.7  -2.4   506   506   506   506   506   506   506   506   506   506   506   506 
1977  -5.2  -9.0  -2.9   0.4   6.4  12.8  13.8  15.3   9.0   5.9   3.0  -1.9   506   506   506   506   506   506   506   506   506   506   506   506 
1978  -4.3 -10.4  -3.1   1.0   7.6  12.6  15.5  14.9  10.1   5.5   3.4  -9.7   506   506   506   506   506   506   506   506   506   506   506   506 
1979  -7.6  -9.6  -2.0   0.2   6.2  12.9  14.8  16.5  11.4   5.5   3.1  -1.8   506   506   506   506   506   506   506   506   506   506   506   506 
1980  -6.3  -7.3  -6.6   2.1   5.7  14.9  17.1  16.2  12.2   7.1   0.4  -1.3   506   506   506   506   506   506   506   506   506   506   506   506 
1981  -2.5  -4.4  -5.0   1.1   8.0  10.8  15.8  14.7  11.5   8.1   1.9  -3.3   506   506   506   506   506   506   506   506   506   506   506   506 
1982  -7.6  -4.9  -1.0   2.1   6.9  10.4  16.3  15.6  11.0   7.0   5.2   1.8   506   506   506   506   506   506   506   506   506   506   506   506 
1983   0.2  -6.3  -2.2   2.5   9.5  12.6  17.6  15.2  12.1   7.1   0.5  -1.2   506   506   506   506   506   506   506   506   506   506   506   506 
1984  -3.0  -4.4  -4.6   2.5   9.8  14.3  14.0  16.1 -99.0 -99.0 -99.0 -99.0   506   506   506   506   506   506   506   506   -99   -99   -99   -99 
