Number= 710431
Name= FORT NORMAN
Country= CANADA
Lat=   64.9
Long=  125.6
Height= 74
Start year= 1908
End year= 2008
First Good year= 1908
Source ID= 54
Source file= Jones
Jones data to= 2008
Normals source start year= 1961
Normals source end year= 1990
Normals= -99.0 -99.0 -99.0 -99.0 -99.0 -99.0 -99.0 -99.0 -99.0 -99.0 -99.0 -99.0 
Standard deviations source= Data
Standard deviations source start year= 1941
Standard deviations source end year= 1990
Standard deviations=   3.8   4.1   3.1   3.5   1.5   1.9   1.7   2.1   1.8   2.4   4.0   4.3 
Obs:
1908 -99.0 -99.0 -99.0 -99.0 -99.0 -99.0 -99.0  13.0   4.4  -5.1 -21.0 -27.1   -99   -99   -99   -99   -99   -99   -99   506   506   506   506   506 
1909 -31.2 -31.5 -16.1 -12.4   1.8  12.9  15.2  10.7   3.7  -5.6 -23.5 -22.3   506   506   506   506   506   506   506   506   506   506   506   506 
1910 -26.6 -30.0 -19.6  -7.9   4.0  12.2  15.3  11.0   5.3  -3.8 -15.6 -26.3   506   506   506   506   506   506   506   506   506   506   506   506 
1911 -33.2 -19.7 -18.9  -8.5   6.9  11.6  14.8  11.6   4.8   0.5 -18.7 -25.3   506   506   506   506   506   506   506   506   506   506   506   506 
1912 -26.2 -22.7 -14.8  -7.2   6.0  11.4  11.8  12.2   7.1  -0.9 -15.5 -28.0   506   506   506   506   506   506   506   506   506   506   506   506 
1913 -33.3 -23.3 -99.0  -7.9   5.5  12.7  15.3  10.9   2.0  -7.7 -18.7 -26.4   506   506   -99   506   506   506   506   506   506   506   506   506 
1914 -29.4 -31.6 -22.3  -7.8   5.5  13.2  11.7  13.3   5.3  -1.5 -18.7 -21.6   506   506   506   506   506   506   506   506   506   506   506   506 
1915 -26.2 -25.6 -17.7  -1.4   6.3  11.3  17.3  13.0   3.9  -8.0 -18.9 -25.5   506   506   506   506   506   506   506   506   506   506   506   506 
1916 -24.7 -23.2 -23.7  -1.5   7.5  14.6  14.4  10.5   6.8  -2.4 -14.7 -30.1   506   506   506   506   506   506   506   506   506   506   506   506 
1917 -29.5 -24.4 -18.5  -6.3   1.7   9.0  15.1  11.3   8.0  -5.1 -21.2 -35.7   506   506   506   506   506   506   506   506   506   506   506   506 
1918 -29.3 -25.7 -21.9  -7.8   1.5   9.5  12.5  12.9   9.8  -5.9 -21.3 -27.5   506   506   506   506   506   506   506   506   506   506   506   506 
1919 -28.7 -99.0 -99.0  -5.0   2.2  10.3  16.3  15.3   8.0  -6.4 -23.2 -23.5   506   -99   -99   506   506   506   506   506   506   506   506   506 
1920 -25.7 -16.2 -19.6  -7.9   3.0  11.5  17.7  13.5   6.1  -6.0 -15.7 -27.6   506   506   506   506   506   506   506   506   506   506   506   506 
1921 -30.0 -25.5 -20.2  -3.8   5.3  15.6  15.1  11.1   5.0  -3.4 -17.3 -20.9   506   506   506   506   506   506   506   506   506   506   506   506 
1922 -23.9 -23.4 -23.4  -7.7   2.8  11.6  14.5  12.6   3.0  -4.2 -19.1 -24.1   506   506   506   506   506   506   506   506   506   506   506   506 
1923 -99.0 -99.0 -99.0 -99.0 -99.0 -99.0 -99.0  14.6   7.4   0.2 -13.6 -30.6   -99   -99   -99   -99   -99   -99   -99   506   506   506   506   506 
1924 -29.8 -26.3 -10.8 -10.5   4.4  11.2  16.2  11.7   5.4  -5.8 -16.0 -23.9   506   506   506   506   506   506   506   506   506   506   506   506 
1925 -35.5 -33.2 -20.7  -4.4   7.2  13.9  16.8  13.0   7.4  -4.6 -20.2 -23.1   506   506   506   506   506   506   506   506   506   506   506   506 
1926 -22.7 -25.1 -12.8  -4.7   6.1  12.9  14.9  11.3   5.2  -2.4 -14.2 -26.9   506   506   506   506   506   506   506   506   506   506   506   506 
1927 -25.9 -22.8 -20.6 -11.5   3.7  13.2  17.4  13.0   2.6  -6.1 -22.7 -29.0   506   506   506   506   506   506   506   506   506   506   506   506 
1928 -23.4 -19.9 -22.9 -99.0   5.7  15.1 -99.0 -99.0 -99.0 -99.0 -99.0 -99.0   506   506   506   -99   506   506   -99   -99   -99   -99   -99   -99 
1929 -99.0 -99.0 -99.0 -99.0 -99.0 -99.0 -99.0 -99.0 -99.0 -99.0 -99.0 -99.0   -99   -99   -99   -99   -99   -99   -99   -99   -99   -99   -99   -99 
1930 -99.0 -99.0 -99.0 -99.0 -99.0 -99.0 -99.0 -99.0   7.0  -4.6 -17.7 -19.5   -99   -99   -99   -99   -99   -99   -99   -99   506   506   506   506 
1931 -25.1 -21.2 -23.6  -7.4   3.3  13.1  14.8  12.1 -99.0  -3.4 -99.0 -23.8   506   506   506   506   506   506   506   506   -99   506   -99   506 
1932 -30.5 -28.5 -20.0 -99.0   5.4  12.3  15.5 -99.0   5.8 -99.0 -99.0 -28.5   506   506   506   -99   506   506   506   -99   506   -99   -99   506 
1933 -33.6 -30.0 -19.0  -6.8   6.1 -99.0 -99.0  15.8   4.4  -7.2 -20.8 -32.3   506   506   506   506   506   -99   -99   506   506   506   506   506 
1934 -33.3 -19.6 -18.6  -5.5   6.6  11.4  14.6   9.8   3.4  -2.0 -19.5 -22.4   506   506   506   506   506   506   506   506   506   506   506   506 
1935 -31.6 -18.0 -21.9 -10.9   2.4  12.8  16.0   9.1   5.8  -5.1 -21.3 -27.3   506   506   506   506   506   506   506   506   506   506   506   506 
1936 -32.1 -31.3 -19.0  -9.2   4.0  13.4  15.3  14.4   3.3  -6.3 -17.4 -29.4   506   506   506   506   506   506   506   506   506   506   506   506 
1937 -21.6 -25.6 -16.1  -7.6   6.2  16.9  14.6  10.7   7.6  -2.2 -15.0 -25.6   506   506   506   506   506   506   506   506   506   506   506   506 
1938 -29.0 -25.9 -15.0  -6.9   7.5  13.1  17.1  12.5  11.1   1.1 -14.2 -23.1   506   506   506   506   506   506   506   506   506   506   506   506 
1939 -27.7 -99.0 -99.0 -99.0 -99.0 -99.0 -99.0 -99.0 -99.0 -99.0 -99.0 -99.0   506   -99   -99   -99   -99   -99   -99   -99   -99   -99   -99   -99 
1940 -99.0 -21.8 -99.0 -99.0 -99.0 -99.0 -99.0 -99.0 -99.0 -99.0 -18.4 -24.1   -99   506   -99   -99   -99   -99   -99   -99   -99   -99   506   506 
1941 -26.3 -21.5 -18.9  -7.3   5.3  14.3  18.5  12.9   3.7  -7.1 -19.9 -26.4   506   506   506   506   506   506   506   506   506   506   506   506 
1942 -19.8 -23.1 -18.9  -8.7   6.5  14.8  15.8  13.8   6.4  -0.7 -19.7 -32.6   506   506   506   506   506   506   506   506   506   506   506   506 
1943 -28.6 -20.7 -19.7  -3.6   7.2  12.9  14.8  11.7   6.5  -0.5 -11.4 -22.8   506   506   506   506   506   506   506   506   506   506   506   506 
1944 -23.7 -22.3 -17.2  -2.4   6.8  13.6  14.7  11.8   5.6  -0.8 -17.7 -20.2   506   506   506   506   506   506   506   506   506   506   506   506 
1945 -25.5 -22.0 -18.7 -11.2   4.2  13.3  15.1  12.6   3.7  -2.2 -22.0 -25.5   506   506   506   506   506   506   506   506   506   506   506   506 
1946 -27.4 -29.6 -17.6  -6.2   6.0  15.0  15.2  13.1   4.5  -3.3 -17.8 -31.9   506   506   506   506   506   506   506   506   506   506   506   506 
1947 -30.6 -27.9 -13.1  -8.1   3.6  10.7  15.4   9.6   5.8  -3.9 -12.5 -20.6   506   506   506   506   506   506   506   506   506   506   506   506 
1948 -23.3 -24.9 -20.5 -11.0   7.3  13.8  16.9  12.7   5.2  -4.4 -18.3 -31.1   506   506   506   506   506   506   506   506   506   506   506   506 
1949 -25.2 -28.9 -13.1  -7.2   2.8  11.0  15.1  14.6   9.8  -3.4 -10.9 -25.5   506   506   506   506   506   506   506   506   506   506   506   506 
1950 -25.3 -28.8 -16.5  -7.7   6.3  14.4  15.8  10.7   7.9  -4.3 -21.2 -23.8   506   506   506   506   506   506   506   506   506   506   506   506 
1951 -32.1 -25.3 -23.9  -8.0   6.0  10.6  16.3  15.8   7.4  -5.6 -16.5 -26.1   506   506   506   506   506   506   506   506   506   506   506   506 
1952 -33.0 -27.8 -99.0  -5.9   4.4  12.7  15.7  12.3   4.6  -1.8 -11.1 -22.4   506   506   -99   506   506   506   506   506   506   506   506   506 
1953 -31.1 -20.5 -17.7  -2.2   6.7  12.5  15.9  14.3   7.2  -2.8 -16.7 -25.7   506   506   506   506   506   506   506   506   506   506   506   506 
1954 -33.2 -23.5 -14.3 -14.5   4.0  12.3  16.5  16.9   6.4  -2.6 -13.0 -26.3   506   506   506   506   506   506   506   506   506   506   506   506 
1955 -26.3 -28.0 -22.8  -6.7   5.6  15.7  16.4  10.9   5.8  -3.2 -24.7 -29.3   506   506   506   506   506   506   506   506   506   506   506   506 
1956 -30.9 -28.2 -16.2  -6.4   4.9  12.4  16.2  11.6   4.8  -8.8 -21.8 -27.6   506   506   506   506   506   506   506   506   506   506   506   506 
1957 -99.0 -27.6 -15.8  -6.9   3.8  10.8  14.2  16.3   8.6  -3.4 -19.6 -30.4   -99   506   506   506   506   506   506   506   506   506   506   506 
1958 -26.3 -31.6 -18.1  -7.5   6.6  12.9 -99.0 -99.0 -99.0  -5.8 -20.3 -99.0   506   506   506   506   506   506   -99   -99   -99   506   506   -99 
1959 -99.0 -22.4 -22.2  -8.2   2.3 -99.0  15.1  10.1   4.3  -7.5 -19.9 -23.1   -99   506   506   506   506   -99   506   506   506   506   506   506 
1960 -29.3 -22.4 -22.0  -7.3   5.5  14.5  14.1  12.3 -99.0 -99.0 -99.0 -99.0   506   506   506   506   506   506   506   506   -99   -99   -99   -99 
1961 -26.5 -29.6 -23.0 -13.1   3.5  16.4 -99.0 -99.0 -99.0 -99.0 -99.0 -99.0   506   506   506   506   506   506   -99   -99   -99   -99   -99   -99 
1962 -99.0 -99.0 -99.0 -99.0 -99.0 -99.0 -99.0 -99.0 -99.0 -99.0 -99.0 -99.0   -99   -99   -99   -99   -99   -99   -99   -99   -99   -99   -99   -99 
1963 -99.0 -99.0 -99.0 -99.0 -99.0 -99.0 -99.0 -99.0 -99.0 -99.0 -99.0 -99.0   -99   -99   -99   -99   -99   -99   -99   -99   -99   -99   -99   -99 
1964 -99.0 -99.0 -99.0 -99.0 -99.0 -99.0 -99.0 -99.0 -99.0 -99.0 -99.0 -99.0   -99   -99   -99   -99   -99   -99   -99   -99   -99   -99   -99   -99 
1965 -99.0 -99.0 -99.0 -99.0 -99.0 -99.0 -99.0 -99.0 -99.0 -99.0 -99.0 -99.0   -99   -99   -99   -99   -99   -99   -99   -99   -99   -99   -99   -99 
1966 -99.0 -99.0 -99.0 -99.0 -99.0 -99.0 -99.0 -99.0 -99.0 -99.0 -99.0 -99.0   -99   -99   -99   -99   -99   -99   -99   -99   -99   -99   -99   -99 
1967 -99.0 -99.0 -99.0 -99.0 -99.0 -99.0 -99.0 -99.0 -99.0 -99.0 -99.0 -99.0   -99   -99   -99   -99   -99   -99   -99   -99   -99   -99   -99   -99 
1968 -99.0 -99.0 -99.0 -99.0 -99.0 -99.0 -99.0 -99.0 -99.0 -99.0 -99.0 -99.0   -99   -99   -99   -99   -99   -99   -99   -99   -99   -99   -99   -99 
1969 -99.0 -99.0 -99.0 -99.0 -99.0 -99.0 -99.0 -99.0 -99.0 -99.0 -99.0 -99.0   -99   -99   -99   -99   -99   -99   -99   -99   -99   -99   -99   -99 
1970 -99.0 -99.0 -99.0 -99.0 -99.0 -99.0 -99.0 -99.0 -99.0 -99.0 -99.0 -99.0   -99   -99   -99   -99   -99   -99   -99   -99   -99   -99   -99   -99 
1971 -99.0 -99.0 -99.0 -99.0 -99.0 -99.0 -99.0 -99.0 -99.0 -99.0 -99.0 -99.0   -99   -99   -99   -99   -99   -99   -99   -99   -99   -99   -99   -99 
1972 -99.0 -99.0 -99.0 -99.0 -99.0 -99.0 -99.0 -99.0 -99.0 -99.0 -99.0 -99.0   -99   -99   -99   -99   -99   -99   -99   -99   -99   -99   -99   -99 
1973 -99.0 -99.0 -99.0 -99.0 -99.0 -99.0 -99.0 -99.0 -99.0 -99.0 -99.0 -99.0   -99   -99   -99   -99   -99   -99   -99   -99   -99   -99   -99   -99 
1974 -99.0 -99.0 -99.0 -99.0 -99.0 -99.0  15.4  12.0 -99.0 -99.0 -99.0 -99.0   -99   -99   -99   -99   -99   -99   506   506   -99   -99   -99   -99 
1975 -99.0 -99.0 -99.0 -99.0 -99.0  15.4 -99.0 -99.0 -99.0 -99.0 -99.0 -99.0   -99   -99   -99   -99   -99   506   -99   -99   -99   -99   -99   -99 
1976 -99.0 -99.0 -99.0 -99.0 -99.0 -99.0 -99.0 -99.0 -99.0 -99.0 -99.0 -99.0   -99   -99   -99   -99   -99   -99   -99   -99   -99   -99   -99   -99 
1977 -99.0 -99.0 -99.0 -99.0 -99.0 -99.0 -99.0 -99.0 -99.0 -99.0 -99.0 -99.0   -99   -99   -99   -99   -99   -99   -99   -99   -99   -99   -99   -99 
1978 -99.0 -99.0 -99.0 -99.0 -99.0 -99.0 -99.0 -99.0 -99.0 -99.0 -99.0 -99.0   -99   -99   -99   -99   -99   -99   -99   -99   -99   -99   -99   -99 
1979 -99.0 -99.0 -99.0 -99.0 -99.0 -99.0 -99.0 -99.0 -99.0 -99.0 -99.0 -99.0   -99   -99   -99   -99   -99   -99   -99   -99   -99   -99   -99   -99 
1980 -99.0 -99.0 -99.0 -99.0 -99.0 -99.0 -99.0 -99.0 -99.0 -99.0 -99.0 -99.0   -99   -99   -99   -99   -99   -99   -99   -99   -99   -99   -99   -99 
1981 -99.0 -99.0 -99.0 -99.0 -99.0 -99.0 -99.0 -99.0 -99.0 -99.0 -99.0 -99.0   -99   -99   -99   -99   -99   -99   -99   -99   -99   -99   -99   -99 
1982 -99.0 -99.0 -99.0 -99.0 -99.0 -99.0 -99.0 -99.0 -99.0 -99.0 -99.0 -99.0   -99   -99   -99   -99   -99   -99   -99   -99   -99   -99   -99   -99 
1983 -99.0 -99.0 -99.0 -99.0 -99.0 -99.0 -99.0 -99.0 -99.0 -99.0 -13.8 -99.0   -99   -99   -99   -99   -99   -99   -99   -99   -99   -99   506   -99 
1984 -99.0 -26.9 -19.0  -2.5 -99.0 -99.0  16.2  13.4 -99.0  -7.1 -23.2 -99.0   -99   506   506   506   -99   -99   506   506   -99   506   506   -99 
1985 -19.7 -29.8 -14.7 -10.0   8.4  13.9  15.7  13.0   7.4  -5.8 -19.2 -20.7   506   506   506   506   506   506   506   506   506   506   506   506 
1986 -26.5 -19.5 -18.5  -9.9   4.9  16.4  18.6  13.5   7.8  -3.8 -22.1 -16.2   506   506   506   506   506   506   506   506   506   506   506   506 
1987 -19.6 -21.7 -18.0  -4.1   3.0  15.8  18.4  13.8 -99.0 -99.0 -99.0 -20.0   506   506   506   506   506   506   506   506   -99   -99   -99   506 
1988 -26.1 -22.6 -12.2  -1.8   5.7  18.3  17.7  16.0   5.6  -5.7 -22.1 -19.0   506   506   506   506   506   506   506   506   506   506   506   506 
1989 -28.0 -14.0 -17.9 -99.0   4.6  15.4  21.0  19.0  10.3  -7.3 -99.0 -99.0   506   506   506   -99   506   506   506   506   506   506   -99   -99 
1990 -29.0 -30.3 -14.1   0.7   6.3  14.1  20.9 -99.0 -99.0  -9.1 -22.3 -28.3   506   506   506   506   506   506   506   -99   -99   506   506   506 
1991 -22.0 -23.6 -18.2  -0.8  12.1  16.8  17.6  14.4   8.0  -5.8 -22.1 -27.5   506   506   506   506   506   506   506   506   506   506   506   506 
1992 -26.8 -26.7 -11.3  -5.2   5.8  15.3  17.3  15.6   1.2  -6.5 -13.8 -23.5   506   506   506   506   506   506   506   506   506   506   506   506 
1993 -23.8 -17.2 -10.2  -2.3   8.0  16.3  16.4  15.1   7.3  -2.2 -12.5 -22.1   506   506   506   506   506   506   506   506   506   506   506   506 
1994 -31.4 -28.6 -15.7  -5.1  10.6  17.2  21.3  17.9   5.2 -99.0 -21.8 -25.9   506   506   506   506   506   506   506   506   506   -99   506   506 
1995 -20.9 -21.9 -18.6   0.1  10.1  19.6  17.3  14.2  10.0  -2.7 -20.2 -27.4   506   506   506   506   506   506   506   506   506   506   506   506 
1996 -28.4 -22.9 -15.2  -8.0   5.8 -99.0 -99.0 -99.0 -99.0 -99.0 -99.0 -99.0   506   506   506   506   506   -99   -99   -99   -99   -99   -99   -99 
1997 -99.0 -99.0 -99.0 -99.0 -99.0 -99.0 -99.0 -99.0 -99.0 -99.0 -99.0 -99.0   -99   -99   -99   -99   -99   -99   -99   -99   -99   -99   -99   -99 
1998 -99.0 -99.0 -99.0 -99.0 -99.0 -99.0 -99.0 -99.0 -99.0  -3.2 -14.0 -22.2   -99   -99   -99   -99   -99   -99   -99   -99   -99   506   506   506 
1999 -25.7 -21.7 -14.9  -3.7   6.0  16.4  14.6  16.4   7.8  -4.9 -17.4 -23.8   506   506   506   506   506   506   506   506   506   506   506   506 
2000 -23.8 -99.0 -15.4  -8.3   8.4  17.9  19.1  12.9   7.1  -3.8 -14.2 -26.5   506   -99   506   506   506   506   506   506   506   506   506   506 
2001 -17.7 -17.6 -18.3  -4.8   4.7  15.8  18.1  15.3  10.1  -3.4 -15.5 -23.9   506   506   506   506   506   506   506   506   506   506   506   506 
2002 -19.3 -99.0 -15.2  -4.7   5.5  17.3  18.5  12.5   7.6  -2.4 -11.6 -13.3   506   -99   506   506   506   506   506   506   506   506   506   506 
2003 -26.7 -21.6 -18.4  -2.3   7.1  16.7  19.6  16.0   9.4   1.4 -16.6 -22.0   506   506   506   506   506   506   506   506   506   506   506   506 
2004 -27.4 -24.3 -20.6  -5.1   3.0  16.0  19.1  14.4   5.5  -5.4 -15.4 -99.0   506   506   506   506   506   506   506   506   506   506   506   -99 
2005 -22.8 -22.0 -14.6  -2.3   9.6  15.5  15.6  14.7   6.3  -1.7 -17.4 -17.2   506   506   506   506   506   506   506   506   506   506   506   506 
2006 -27.2 -15.1 -20.6  -5.8   8.2  18.6  18.3  16.2  10.2  -1.3 -20.6 -17.5   506   506   506   506   506   506   506   506   506   506   506   506 
2007 -23.0 -25.9 -22.3  -2.6   5.6  16.9  20.7  15.3   7.0  -6.0 -15.3 -99.0   506   506   506   506   506   506   506   506   506   506   506   -99 
2008 -23.0 -99.0 -21.0  -5.0  10.0  16.1  19.0  12.1   5.5  -2.0 -14.6 -21.9   506   -99   506   506   506   506   506   506   506   506   506   506 
