Number= 710810
Name= HALL BEACH A
Country= CANADA
Lat=   68.5
Long=   81.2
Height= 9
Start year= 1991
End year= 2010
First Good year= 1991
Source ID= 98
Source file= Jones
Jones data to= 2010
Normals source start year= 1991
Normals source end year= 1990
Normals= -99.0 -99.0 -99.0 -99.0 -99.0 -99.0 -99.0 -99.0 -99.0 -99.0 -99.0 -99.0 
Standard deviations source= Data
Standard deviations source start year= 1991
Standard deviations source end year= 1990
Obs:
1991 -33.8 -30.7 -28.1 -20.4 -10.0   2.3   6.4   6.2  -0.2  -9.4 -20.5 -29.1   506   506   506   506   506   506   506   506   506   506   506   506 
1992 -29.6 -37.4 -29.8 -22.6 -12.5  -1.9   5.7   4.8  -0.7  -7.5 -23.6 -26.7   506   506   506   506   506   506   506   506   506   506   506   506 
1993 -32.1 -35.0 -31.4 -23.7  -5.9   2.6   6.9   3.8  -0.3  -5.7 -25.6 -27.2   506   506   506   506   506   506   506   506   506   506   506   506 
1994 -33.8 -32.4 -31.2 -20.4  -6.8   1.7   7.1   5.1  -0.2  -7.0 -19.9 -25.0   506   506   506   506   506   506   506   506   506   506   506   506 
1995 -27.7 -32.6 -27.7 -12.8  -7.6   1.9   4.2   6.0  -1.1  -7.7 -14.8 -30.0   506   506   506   506   506   506   506   506   506   506   506   506 
1996 -31.6 -29.9 -30.8 -16.2  -8.2  -0.3   7.4   4.4   1.4  -6.9 -17.7 -22.6   506   506   506   506   506   506   506   506   506   506   506   506 
1997 -31.4 -34.3 -26.6 -19.7  -6.5   1.9   6.9   4.2  -2.0  -9.7 -17.2 -26.6   506   506   506   506   506   506   506   506   506   506   506   506 
1998 -36.4 -32.5 -29.4 -17.0  -7.1   2.8   7.9   6.6   2.8  -4.9 -12.6 -23.1   506   506   506   506   506   506   506   506   506   506   506   506 
1999 -31.0 -30.5 -24.8 -17.2 -10.8  -0.3   5.5   4.4   0.5  -9.6 -18.3 -25.8   506   506   506   506   506   506   506   506   506   506   506   506 
2000 -33.3 -29.8 -25.9 -17.6  -7.2   0.1   7.4   6.1   1.3  -9.2 -17.6 -24.2   506   506   506   506   506   506   506   506   506   506   506   506 
2001 -31.5 -29.8 -25.3 -21.5  -7.0   0.8   8.4   5.0   1.4  -7.9 -21.6 -20.8   506   506   506   506   506   506   506   506   506   506   506   506 
2002 -30.3 -36.9 -29.2 -19.3  -8.2   1.3   7.1   5.8   2.0  -5.4 -16.4 -25.0   506   506   506   506   506   506   506   506   506   506   506   506 
2003 -24.3 -35.0 -27.6 -20.6  -5.3   0.7   8.2   4.9   0.7  -5.6 -13.9 -24.0   506   506   506   506   506   506   506   506   506   506   506   506 
2004 -34.1 -32.8 -32.2 -17.1  -7.6  -0.7   6.0   4.0   0.3  -6.9 -24.1 -34.3   506   506   506   506   506   506   506   506   506   506   506   506 
2005 -35.9 -31.0 -24.2 -16.8 -10.1   1.4   5.3   5.7   0.6 -99.0 -14.0 -26.3   506   506   506   506   506   506   506   506   506   -99   506   506 
2006 -30.5 -26.2 -24.6 -20.2  -5.8   1.7   6.4   7.6   2.0  -2.8 -14.6 -25.9   506   506   506   506   506   506   506   506   506   506   506   506 
2007 -30.5 -24.6 -30.9 -17.8 -12.1   0.8   7.1   5.4   0.2 -99.0 -20.6 -99.0   506   506   506   506   506   506   506   506   506   -99   506   -99 
2008 -99.0 -99.0 -99.0 -99.0 -99.0 -99.0 -99.0 -99.0 -99.0 -99.0 -99.0 -99.0   -99   -99   -99   -99   -99   -99   -99   -99   -99   -99   -99   -99 
2009 -99.0 -99.0 -99.0 -99.0 -99.0 -99.0 -99.0 -99.0 -99.0 -99.0 -99.0 -99.0   -99   -99   -99   -99   -99   -99   -99   -99   -99   -99   -99   -99 
2010 -99.0 -99.0 -99.0 -99.0 -99.0 -99.0 -99.0 -99.0 -99.0 -99.0 -99.0 -99.0   -99   -99   -99   -99   -99   -99   -99   -99   -99   -99   -99   -99 
