Number= 712730
Name= LOON LAKE
Country= CANADA
Lat=   54.0
Long=  109.1
Height= 546
Start year= 1930
End year= 2016
First Good year= 1930
Source ID= 65
Source file= Jones
Jones data to= 2016
Normals source= Data
Normals source start year= 1961
Normals source end year= 1990
Normals= -18.2 -14.5  -7.8   2.9   9.8  14.2  16.5  15.1   9.3   3.8  -7.4 -16.0 
Standard deviations source= Data
Standard deviations source start year= 1941
Standard deviations source end year= 1990
Standard deviations=   5.3   4.3   3.8   2.5   1.5   1.3   1.1   1.7   2.0   1.9   3.6   4.5 
Obs:
1930 -23.1 -12.3  -6.6   3.4   7.5  13.4  16.4  14.7   8.4   1.1  -4.5 -99.0   506   506   506   506   506   506   506   506   506   506   506   -99 
1931  -9.2  -3.1  -9.7   3.9   8.5 -99.0  15.5  14.1   8.4   5.0  -7.7 -11.9   506   506   506   506   506   -99   506   506   506   506   506   506 
1932 -19.4 -19.1 -15.8   2.3  11.1  13.9  15.0  15.5 -99.0  -0.8 -10.2 -16.3   506   506   506   506   506   506   506   506   -99   506   506   506 
1933 -20.7 -19.8 -10.3   1.0  10.0  13.8  14.6  14.9   8.2   0.4  -6.3 -26.3   506   506   506   506   506   506   506   506   506   506   506   506 
1934 -13.8  -8.9  -8.6   4.9  11.5  11.4  14.8  12.9   5.2   3.8  -5.5 -99.0   506   506   506   506   506   506   506   506   506   506   506   -99 
1935 -25.0  -6.9 -12.9  -3.0   9.0  11.8  16.5  12.5   8.1   1.6 -13.4 -13.0   506   506   506   506   506   506   506   506   506   506   506   506 
1936 -25.3 -99.0  -8.2  -1.7  11.0  12.5  17.1  13.8   6.2 -99.0  -3.5 -99.0   506   -99   506   506   506   506   506   506   506   -99   506   -99 
1937 -99.0 -99.0 -99.0 -99.0   9.2 -99.0 -99.0 -99.0  10.8   3.4  -9.6 -17.5   -99   -99   -99   -99   506   -99   -99   -99   506   506   506   506 
1938 -14.1 -19.0 -99.0 -99.0 -99.0 -99.0 -99.0 -99.0 -99.0 -99.0 -99.0 -99.0   506   506   -99   -99   -99   -99   -99   -99   -99   -99   -99   -99 
1939 -99.0 -99.0 -99.0 -99.0 -99.0 -99.0 -99.0 -99.0 -99.0 -99.0 -99.0 -99.0   -99   -99   -99   -99   -99   -99   -99   -99   -99   -99   -99   -99 
1940 -20.4 -14.5  -6.2  -1.6  11.3  12.5  15.8  16.9  12.5   6.4 -11.6 -13.9   506   506   506   506   506   506   506   506   506   506   506   506 
1941 -18.7 -15.1  -8.3   5.9   9.6  14.5  19.2  15.0   7.1   4.5  -2.9 -13.3   506   506   506   506   506   506   506   506   506   506   506   506 
1942 -10.0 -99.0  -3.9   2.3   8.8  13.3  16.3  15.7   8.2   4.5 -12.1 -19.3   506   -99   506   506   506   506   506   506   506   506   506   506 
1943 -21.3 -12.1 -13.0   4.3   7.8  11.9  17.5  15.5  10.8   6.6  -3.1 -99.0   506   506   506   506   506   506   506   506   506   506   506   -99 
1944 -99.0 -15.8 -12.0   6.2  11.8  13.1  16.6  14.9  12.2   7.2  -6.8 -99.0   -99   506   506   506   506   506   506   506   506   506   506   -99 
1945 -16.3 -17.3 -99.0  -2.4   7.7  11.6  16.8 -99.0   7.6   5.8 -12.8 -99.0   506   506   -99   506   506   506   506   -99   506   506   506   -99 
1946 -15.4 -16.6  -2.4   6.2 -99.0  12.8  17.8 -99.0 -99.0 -99.0 -99.0 -99.0   506   506   506   506   -99   506   506   -99   -99   -99   -99   -99 
1947 -99.0 -99.0 -99.0 -99.0 -99.0 -99.0 -99.0 -99.0 -99.0 -99.0 -99.0 -99.0   -99   -99   -99   -99   -99   -99   -99   -99   -99   -99   -99   -99 
1948 -99.0 -99.0 -99.0 -99.0 -99.0 -99.0 -99.0 -99.0 -99.0 -99.0 -99.0 -99.0   -99   -99   -99   -99   -99   -99   -99   -99   -99   -99   -99   -99 
1949 -99.0 -99.0 -99.0 -99.0 -99.0 -99.0 -99.0 -99.0 -99.0 -99.0 -99.0 -99.0   -99   -99   -99   -99   -99   -99   -99   -99   -99   -99   -99   -99 
1950 -99.0 -99.0 -99.0 -99.0 -99.0 -99.0 -99.0 -99.0 -99.0 -99.0 -99.0 -99.0   -99   -99   -99   -99   -99   -99   -99   -99   -99   -99   -99   -99 
1951 -99.0 -99.0 -99.0 -99.0 -99.0 -99.0 -99.0 -99.0 -99.0 -99.0 -99.0 -99.0   -99   -99   -99   -99   -99   -99   -99   -99   -99   -99   -99   -99 
1952 -99.0 -99.0 -99.0 -99.0 -99.0 -99.0 -99.0 -99.0 -99.0 -99.0 -99.0 -99.0   -99   -99   -99   -99   -99   -99   -99   -99   -99   -99   -99   -99 
1953 -99.0 -99.0 -99.0 -99.0 -99.0 -99.0 -99.0 -99.0 -99.0 -99.0 -99.0 -99.0   -99   -99   -99   -99   -99   -99   -99   -99   -99   -99   -99   -99 
1954 -99.0 -99.0 -99.0 -99.0 -99.0 -99.0 -99.0 -99.0 -99.0 -99.0 -99.0 -99.0   -99   -99   -99   -99   -99   -99   -99   -99   -99   -99   -99   -99 
1955 -99.0 -99.0 -99.0 -99.0 -99.0 -99.0 -99.0 -99.0 -99.0 -99.0 -99.0 -99.0   -99   -99   -99   -99   -99   -99   -99   -99   -99   -99   -99   -99 
1956 -99.0 -99.0 -99.0 -99.0 -99.0 -99.0 -99.0 -99.0 -99.0 -99.0 -99.0 -99.0   -99   -99   -99   -99   -99   -99   -99   -99   -99   -99   -99   -99 
1957 -19.1 -15.0  -5.7   3.0   9.4  12.3  16.7  13.4  11.2   2.5  -4.1 -12.6   506   506   506   506   506   506   506   506   506   506   506   506 
1958  -9.5 -15.2  -5.5   4.7  12.4  12.3  16.5  16.2   9.1   5.5  -6.3 -12.7   506   506   506   506   506   506   506   506   506   506   506   506 
1959 -24.2 -14.1  -2.6   4.3   7.9  13.2  16.9  13.0   8.4  -0.6  -5.9  -6.1   506   506   506   506   506   506   506   506   506   506   506   506 
1960 -99.0 -99.0 -99.0   4.1 -99.0  12.6  17.4  14.6  10.6   4.7  -7.3 -10.4   -99   -99   -99   506   -99   506   506   506   506   506   506   506 
1961 -13.9 -99.0  -6.4   0.6  10.5  16.7  16.4  18.2   6.1   3.1  -8.4 -22.7   506   -99   506   506   506   506   506   506   506   506   506   506 
1962 -17.1 -20.8 -11.6   3.0   8.8  15.0  14.8  15.2   9.8   5.7  -4.6 -14.5   506   506   506   506   506   506   506   506   506   506   506   506 
1963 -22.4 -14.7  -4.9   3.3   8.3  14.5  17.7  16.1  12.7   8.3  -7.4 -15.3   506   506   506   506   506   506   506   506   506   506   506   506 
1964 -14.3  -7.7 -15.0   1.8   9.8  13.5  17.0  13.4   7.7   5.5  -7.4 -22.7   506   506   506   506   506   506   506   506   506   506   506   506 
1965 -21.2 -20.6 -12.3   2.9   9.0  13.7  17.8  16.1   4.5   5.8 -11.2 -12.5   506   506   506   506   506   506   506   506   506   506   506   506 
1966 -28.0 -16.8 -99.0   1.4  10.4  13.5 -99.0  14.3  12.1   2.5 -13.3 -13.7   506   506   -99   506   506   506   -99   506   506   506   506   506 
1967 -19.7 -16.6 -13.1  -2.0   8.0  12.2  16.6  16.9  13.8   3.1  -5.3 -14.9   506   506   506   506   506   506   506   506   506   506   506   506 
1968 -19.7 -11.7  -2.0   2.9   8.8  14.1  16.0  13.0  10.2   4.0  -2.6 -18.4   506   506   506   506   506   506   506   506   506   506   506   506 
1969 -29.0 -15.5  -9.4   6.0   9.6  12.6  15.7  16.4   9.1   0.2  -4.0 -10.4   506   506   506   506   506   506   506   506   506   506   506   506 
1970 -20.5 -12.0 -11.4   2.4   9.5  17.1  17.4  15.3   9.5   3.2  -9.5 -21.4   506   506   506   506   506   506   506   506   506   506   506   506 
1971 -24.4 -12.2  -9.8   3.4  12.2  14.6  15.6  17.4   9.2   4.0  -6.9 -19.4   506   506   506   506   506   506   506   506   506   506   506   506 
1972 -22.7 -20.0  -6.6   1.6  11.9  15.2  14.5  17.1   5.2   1.3  -6.1 -18.9   506   506   506   506   506   506   506   506   506   506   506   506 
1973 -14.1 -13.9  -3.1   1.8  11.4  14.2  16.6  15.4   9.2   4.6 -13.5 -17.9   506   506   506   506   506   506   506   506   506   506   506   506 
1974 -22.5 -13.6 -13.1   3.4   7.3  14.2  16.6  13.3   7.5   5.9  -3.7  -7.0   506   506   506   506   506   506   506   506   506   506   506   506 
1975 -15.6 -16.2 -11.8  -0.5   9.0  13.4  18.1  12.1   9.9   3.1  -5.0 -14.9   506   506   506   506   506   506   506   506   506   506   506   506 
1976 -13.6  -9.9  -7.7   6.2  11.0  12.8  17.7  16.1  11.5   1.7  -4.6 -13.5   506   506   506   506   506   506   506   506   506   506   506   506 
1977 -18.8  -4.1  -5.8   6.3  12.1  15.0  14.2  11.3   9.5   5.2  -8.2 -19.9   506   506   506   506   506   506   506   506   506   506   506   506 
1978 -22.0 -16.6  -7.2   2.4   9.8  14.2  16.0  13.8   9.0   5.7  -9.5 -16.3   506   506   506   506   506   506   506   506   506   506   506   506 
1979 -19.6 -27.3  -8.9  -2.5   7.4  12.9  18.1  14.2  10.3   5.2  -5.5 -13.0   506   506   506   506   506   506   506   506   506   506   506   506 
1980 -19.5 -13.8  -9.0   8.3  11.5  14.4  16.7  13.6   8.7   5.4  -3.1 -18.9   506   506   506   506   506   506   506   506   506   506   506   506 
1981  -9.7 -10.2  -1.9   2.9  10.8  13.1  16.6  18.3  11.2   1.6  -1.2 -15.0   506   506   506   506   506   506   506   506   506   506   506   506 
1982 -30.2 -18.6  -9.9  -1.0   8.7  13.5 -99.0  13.3  10.1 -99.0 -12.2 -14.2   506   506   506   506   506   506   -99   506   506   -99   506   506 
1983 -15.3 -12.2  -6.4   3.0   7.8  13.7  16.8  17.7   8.4   3.8  -4.3 -23.2   506   506   506   506   506   506   506   506   506   506   506   506 
1984 -12.0  -6.1  -6.5   7.3   7.6  15.3  16.9  17.4   7.1   2.2 -11.3 -21.4   506   506   506   506   506   506   506   506   506   506   506   506 
1985 -13.9 -18.1  -3.5   4.1  11.6  11.7  16.5  13.6   7.1   2.5 -16.3 -12.0   506   506   506   506   506   506   506   506   506   506   506   506 
1986 -10.3 -16.4  -2.3   2.0  10.7  14.0  15.2  15.3   7.9   4.8 -11.4  -9.0   506   506   506   506   506   506   506   506   506   506   506   506 
1987  -9.5  -7.6  -6.5   5.9  11.4  15.5  16.5  12.6  11.9   4.0  -2.4  -9.3   506   506   506   506   506   506   506   506   506   506   506   506 
1988 -18.4 -13.9  -4.3   4.3  11.8  16.3  15.9  14.1   9.5   2.6  -6.4 -12.2   506   506   506   506   506   506   506   506   506   506   506   506 
1989 -14.4 -17.5 -13.1   2.3   8.6  13.4  18.4  16.0  10.0   3.7  -7.1 -15.0   506   506   506   506   506   506   506   506   506   506   506   506 
1990 -13.7 -16.9  -3.9   2.6   9.6  14.9  15.4  15.2  11.2   1.0  -9.9 -21.1   506   506   506   506   506   506   506   506   506   506   506   506 
1991 -17.1  -7.9  -8.8   2.7   9.7  13.4  16.1  17.7   9.0  -1.7  -9.3 -13.4   506   506   506   506   506   506   506   506   506   506   506   506 
1992 -11.9 -10.3  -0.9   2.8   8.2  13.3  15.1  13.5   8.2   3.4  -3.5 -20.7   506   506   506   506   506   506   506   506   506   506   506   506 
1993 -17.6 -10.4  -0.6   4.3  10.5  12.8  15.0  14.5   8.7   3.1  -6.7  -9.8   506   506   506   506   506   506   506   506   506   506   506   506 
1994 -20.6 -21.9  -2.0   4.2  10.3  14.3  16.7  15.4  12.7   4.8  -7.4 -15.4   506   506   506   506   506   506   506   506   506   506   506   506 
1995 -14.8 -12.3  -7.0   0.6   9.8  15.4  15.7  13.6  10.4   4.0 -10.4 -16.5   506   506   506   506   506   506   506   506   506   506   506   506 
1996 -23.5 -12.5 -11.5   2.1   6.8  13.7  15.4  15.1   7.8   0.5 -13.4 -20.2   506   506   506   506   506   506   506   506   506   506   506   506 
1997 -21.5 -11.7 -10.0  -0.7   8.0  15.3  16.9  16.8  11.9   2.6  -3.9  -5.5   506   506   506   506   506   506   506   506   506   506   506   506 
1998 -20.0  -7.0  -7.7   6.4  12.0  13.9  16.7  16.0   9.7   3.2  -5.9 -14.1   506   506   506   506   506   506   506   506   506   506   506   506 
1999 -17.0 -10.6  -4.4   4.7   8.6  13.1  15.3  16.4   9.4   4.1  -2.5  -8.0   506   506   506   506   506   506   506   506   506   506   506   506 
2000 -16.9 -10.1  -3.7   3.6   8.6  12.7  17.0  14.5   9.7   4.7  -5.2 -18.7   506   506   506   506   506   506   506   506   506   506   506   506 
2001  -6.0 -14.9  -2.4   4.0  11.0  13.5  17.4  17.7  11.5   2.0  -2.4 -13.5   506   506   506   506   506   506   506   506   506   506   506   506 
2002 -15.7  -8.3 -13.4  -2.6   8.3  16.1  18.6  15.5   9.6  -0.7  -4.5  -9.4   506   506   506   506   506   506   506   506   506   506   506   506 
2003 -15.7 -15.0  -9.6   4.4  10.5  14.1  18.0  18.2  10.3   5.8  -8.9 -99.0   506   506   506   506   506   506   506   506   506   506   506   -99 
2004 -99.0  -9.2  -4.3   3.8   6.9  12.0  16.6  13.2   8.9   2.4  -2.4 -14.0   -99   506   506   506   506   506   506   506   506   506   506   506 
2005 -17.6 -99.0  -3.8 -99.0 -99.0 -99.0  16.5  14.1 -99.0   2.5 -99.0 -99.0   506   -99   506   -99   -99   -99   506   506   -99   506   -99   -99 
2006 -99.0 -99.0 -99.0 -99.0 -99.0 -99.0 -99.0 -99.0 -99.0 -99.0 -99.0 -99.0   -99   -99   -99   -99   -99   -99   -99   -99   -99   -99   -99   -99 
2007 -99.0 -99.0 -99.0 -99.0 -99.0 -99.0 -99.0 -99.0 -99.0 -99.0 -99.0 -99.0   -99   -99   -99   -99   -99   -99   -99   -99   -99   -99   -99   -99 
2008 -99.0 -99.0 -99.0 -99.0 -99.0 -99.0 -99.0 -99.0 -99.0 -99.0 -99.0 -99.0   -99   -99   -99   -99   -99   -99   -99   -99   -99   -99   -99   -99 
2009 -99.0 -99.0 -99.0 -99.0 -99.0 -99.0 -99.0 -99.0  14.1   0.7  -1.2 -20.0   -99   -99   -99   -99   -99   -99   -99   -99   506   506   506   506 
2010 -13.9 -12.1  -0.3   5.0   8.7  14.2  15.9  14.0   8.5   4.6  -7.1 -16.3   506   506   506   506   506   506   506   506   506   506   506   506 
2011 -16.3 -15.0 -11.9   2.6   9.7  13.5  16.0  15.6  12.5   5.7  -5.9  -6.0   506   506   506   506   506   506   506   506   506   506   506   506 
2012  -9.9  -9.1  -1.5   2.6   9.2  14.5  18.2  15.5  11.7   0.4  -9.7 -18.4   506   506   506   506   506   506   506   506   506   506   506   506 
2013 -15.9  -9.8 -10.5  -1.9  12.7  14.7  15.6  16.2  13.0   3.1 -10.2 -19.9   506   506   506   506   506   506   506   506   506   506   506   506 
2014 -14.0 -18.9  -9.6   1.4   9.0  14.4  17.6  16.3  10.5   5.8 -10.1  -9.7   506   506   506   506   506   506   506   506   506   506   506   506 
2015 -11.1 -16.2  -1.9   4.1   8.5  14.9  18.0  15.6   9.7   6.6  -2.7  -9.5   506   506   506   506   506   506   506   506   506   506   506   506 
2016 -12.0  -7.6  -3.1   5.0  12.3  15.4  17.4  16.0  10.1   0.8   0.9 -14.3   506   506   506   506   506   506   506   506   506   506   506   506 
