Number= 717230
Name= NICOLET
Country= CANADA
Lat=   46.2
Long=   72.6
Height= 30
Start year= 1913
End year= 2016
First Good year= 1913
Source ID= 65
Source file= Jones
Jones data to= 2016
Normals source= Data
Normals source start year= 1961
Normals source end year= 1990
Normals= -12.1 -10.6  -3.8   4.9  12.2  17.5  20.2  18.7  13.7   7.6   0.9  -8.2 
Standard deviations source= Data
Standard deviations source start year= 1941
Standard deviations source end year= 1990
Standard deviations=   2.9   2.6   2.3   1.7   1.7   1.1   1.0   1.2   1.2   1.5   1.5   3.2 
Obs:
1913 -99.0 -99.0 -99.0 -99.0 -99.0 -99.0 -99.0 -99.0 -99.0 -99.0 -99.0  -4.6   -99   -99   -99   -99   -99   -99   -99   -99   -99   -99   -99   506 
1914 -99.0 -17.2  -4.2   1.6  13.6  14.4  20.9  17.6  13.8   8.0  -2.2 -10.4   -99   506   506   506   506   506   506   506   506   506   506   506 
1915 -10.1  -8.1  -4.5   6.9  10.3  17.4  19.3  18.0  15.3   9.2   1.1  -5.1   506   506   506   506   506   506   506   506   506   506   506   506 
1916  -6.6 -11.8  -9.4   5.8  11.5  16.9  21.9  20.1  14.5   6.7  -1.4  -7.6   506   506   506   506   506   506   506   506   506   506   506   506 
1917 -14.5 -15.9  -5.8   2.5   8.4  16.3  20.7  19.6  12.6   5.8  -2.8 -13.2   506   506   506   506   506   506   506   506   506   506   506   506 
1918 -15.8 -13.9  -5.8   6.4  15.3  15.8  20.5  17.5  11.6   7.4   1.2  -7.4   506   506   506   506   506   506   506   506   506   506   506   506 
1919  -9.1  -9.2  -4.0   2.5  11.6  18.8 -99.0  17.2  13.3   6.1  -0.2 -11.7   506   506   506   506   506   506   -99   506   506   506   506   506 
1920 -15.3 -11.6  -4.0   3.9  12.5  17.6  18.7  20.5  14.9  10.1  -1.9  -7.2   506   506   506   506   506   506   506   506   506   506   506   506 
1921 -11.2 -11.4  -1.0   6.4  13.6  18.0  23.6  18.2  15.1   7.7  -2.3  -8.2   506   506   506   506   506   506   506   506   506   506   506   506 
1922 -13.5 -11.5  -2.8   5.5  13.5  17.7  20.1 -99.0  16.4   6.6   0.1 -10.9   506   506   506   506   506   506   506   -99   506   506   506   506 
1923 -14.2 -16.0 -10.1   1.6  10.9  17.2  17.9  17.0  14.0 -99.0   0.8  -2.9   506   506   506   506   506   506   506   506   506   -99   506   506 
1924 -14.7 -15.6  -2.2   3.7   9.8  16.4  19.5  18.3  13.4   8.6   1.8 -99.0   506   506   506   506   506   506   506   506   506   506   506   -99 
1925 -99.0  -7.5  -3.3   4.6   8.6  17.3 -99.0  17.7  12.7   3.9  -0.7  -8.7   -99   506   506   506   506   506   -99   506   506   506   506   506 
1926 -12.3 -11.9  -8.0   0.6   9.8  14.8  18.9  18.4  12.7   7.2   0.7 -10.3   506   506   506   506   506   506   506   506   506   506   506   506 
1927 -10.2  -9.3  -1.8   5.1  10.0  15.2  20.0  17.5  15.0   9.7   2.3  -4.3   506   506   506   506   506   506   506   506   506   506   506   506 
1928 -11.8 -12.7  -5.5   2.1  11.5  16.8  20.4  20.1  12.4   7.7   0.2  -6.0   506   506   506   506   506   506   506   506   506   506   506   506 
1929 -11.3 -11.1  -3.0   3.7  11.0  17.4  19.0  17.8  15.0   7.1   0.1 -10.0   506   506   506   506   506   506   506   506   506   506   506   506 
1930 -11.8 -11.3  -4.2   3.2  12.8  19.8  19.6  18.1  14.8   8.7   2.7  -6.1   506   506   506   506   506   506   506   506   506   506   506   506 
1931 -11.6  -9.8   0.2   7.3  13.2  17.0  21.5  19.0  15.0   9.6   4.3  -6.2   506   506   506   506   506   506   506   506   506   506   506   506 
1932  -3.5 -10.0  -6.0   3.7  12.5  17.6  19.3  20.0  15.5   8.5  -1.7  -6.1   506   506   506   506   506   506   506   506   506   506   506   506 
1933  -5.1  -7.9  -5.5   4.2  12.8  18.7  20.1  18.6  15.1   7.5  -5.0 -14.5   506   506   506   506   506   506   506   506   506   506   506   506 
1934 -12.7 -18.6  -6.8   4.6  13.0  17.6  20.7  17.6  16.8   5.9   1.6 -11.1   506   506   506   506   506   506   506   506   506   506   506   506 
1935 -15.1 -12.8  -6.2   5.1  10.3  18.0  21.6  20.3  12.5   7.0   1.5  -9.8   506   506   506   506   506   506   506   506   506   506   506   506 
1936 -12.7 -13.9  -1.6   3.3  11.9  17.4  19.5  18.0  13.9   6.2  -3.1  -7.6   506   506   506   506   506   506   506   506   506   506   506   506 
1937  -7.5  -7.5  -7.1   4.6  13.9  18.3  21.3  21.6  14.2   7.0   0.8  -8.6   506   506   506   506   506   506   506   506   506   506   506   506 
1938 -13.5 -10.7  -5.3   5.7  12.5 -99.0  20.4  20.7  12.8   9.0   1.6  -6.1   506   506   506   506   506   -99   506   506   506   506   506   506 
1939 -10.7 -10.3  -6.1   2.2  11.7  18.2  21.3  21.6  13.8   7.5  -0.7  -7.6   506   506   506   506   506   506   506   506   506   506   506   506 
1940 -14.1 -11.8  -5.6   2.6  12.1  16.7  20.4  19.8  14.7   6.1  -0.2  -8.6   506   506   506   506   506   506   506   506   506   506   506   506 
1941 -13.1  -9.1  -5.9   7.5  13.2  18.7  21.3  17.4  13.6   6.5   0.4  -6.8   506   506   506   506   506   506   506   506   506   506   506   506 
1942 -12.4 -10.8  -1.2   5.7  14.4  18.4  18.9  18.5  14.4   8.5   0.4 -10.5   506   506   506   506   506   506   506   506   506   506   506   506 
1943 -14.4 -10.3  -6.5   0.0  11.8  17.0  19.9  17.1  12.8   8.2   1.3 -11.6   506   506   506   506   506   506   506   506   506   506   506   506 
1944  -9.5 -11.6  -6.1   3.0  14.8  17.5  20.9  21.2  14.9   7.0   1.6 -12.6   506   506   506   506   506   506   506   506   506   506   506   506 
1945 -15.4  -8.3   0.4   8.2  10.6  17.4  20.6  19.7  15.0   6.5   0.7  -9.2   506   506   506   506   506   506   506   506   506   506   506   506 
1946 -10.7 -12.7   1.1   4.8  11.4  17.3  19.7  18.2  15.6   8.8   1.0  -7.2   506   506   506   506   506   506   506   506   506   506   506   506 
1947  -9.9 -11.0  -2.4   1.5   9.6  16.7  21.0  21.5  13.7  11.0   0.4  -9.9   506   506   506   506   506   506   506   506   506   506   506   506 
1948 -13.6 -14.1  -5.4   4.9  11.6  16.6  20.5  20.2  15.3   7.1   4.5  -4.1   506   506   506   506   506   506   506   506   506   506   506   506 
1949  -8.3  -8.6  -4.6   6.3  12.5  19.5  21.5  20.4  13.6   9.8  -1.6  -4.9   506   506   506   506   506   506   506   506   506   506   506   506 
1950  -7.7 -12.0  -7.4   4.3  12.4  17.5  20.4  18.2  12.0   8.1   2.4  -6.6   506   506   506   506   506   506   506   506   506   506   506   506 
1951 -10.7  -9.1  -2.2   5.9  13.1  17.3  20.4  17.6  14.1   8.5  -1.5  -7.9   506   506   506   506   506   506   506   506   506   506   506   506 
1952 -11.0  -7.0  -2.8   6.0  11.5  18.5  22.3  19.8  14.2   6.1   1.6  -5.2   506   506   506   506   506   506   506   506   506   506   506   506 
1953  -8.1  -6.8  -1.9   6.5  13.4  18.1  21.1  19.5  15.4   8.6   4.3  -3.4   506   506   506   506   506   506   506   506   506   506   506   506 
1954 -14.6  -5.8  -3.3   4.5  11.6  17.1  18.9  17.7  13.6   9.2   2.1  -6.7   506   506   506   506   506   506   506   506   506   506   506   506 
1955 -11.6  -8.8  -4.6   5.4  14.1  18.8  21.5  21.3  12.9   8.8   1.1 -11.0   506   506   506   506   506   506   506   506   506   506   506   506 
1956  -7.7  -8.9  -6.5   3.9   9.1  17.1  18.8  18.2  12.2   8.7   1.6  -7.9   506   506   506   506   506   506   506   506   506   506   506   506 
1957 -15.4  -6.7  -1.7   6.0  12.0  18.6  19.9  17.5  14.7   9.1   2.7  -4.2   506   506   506   506   506   506   506   506   506   506   506   506 
1958  -6.7 -99.0   1.3   5.5   9.8  14.4  19.5  18.3  13.7   7.0   2.3 -14.9   506   -99   506   506   506   506   506   506   506   506   506   506 
1959 -12.1 -99.0  -5.7   4.8  14.4  16.7  21.7  19.6  15.6   6.8   0.0  -6.7   506   -99   506   506   506   506   506   506   506   506   506   506 
1960 -11.3  -6.5  -5.6   4.0  15.1  17.6  19.2  18.9  14.1   6.9   2.7  -9.0   506   506   506   506   506   506   506   506   506   506   506   506 
1961 -15.5  -9.5  -5.2   4.5  10.5  16.9  20.0  19.2  17.2   8.8   2.1  -5.9   506   506   506   506   506   506   506   506   506   506   506   506 
1962 -13.0 -14.0  -2.2   4.2  12.9  18.2  18.0  19.1  13.4   8.0  -0.1  -8.7   506   506   506   506   506   506   506   506   506   506   506   506 
1963 -11.5 -14.8  -4.8   5.4  11.7  19.2  21.6  17.7  13.2  11.9   3.9 -99.0   506   506   506   506   506   506   506   506   506   506   506   -99 
1964  -7.6  -9.7  -2.7 -99.0  14.1  17.4  20.8  17.2  13.2   6.9   0.4  -6.5   506   506   506   -99   506   506   506   506   506   506   506   506 
1965 -12.9 -11.3  -2.7   4.8  13.0  17.5  18.1  18.4  14.8   7.0  -0.8  -5.8   506   506   506   506   506   506   506   506   506   506   506   506 
1966 -10.6  -8.7  -1.9   4.9  10.8  18.3 -99.0 -99.0  12.5   8.1   3.0  -6.6   506   506   506   506   506   506   -99   -99   506   506   506   506 
1967  -8.2 -15.0  -6.7   3.4   8.8  18.9  21.2  19.5  14.3   7.9  -0.4  -6.4   506   506   506   506   506   506   506   506   506   506   506   506 
1968 -14.6 -12.2  -2.0   7.7  11.8  16.0  20.4  17.0  16.7  10.5 -99.0  -9.1   506   506   506   506   506   506   506   506   506   506   -99   506 
1969 -99.0 -99.0  -2.7   3.7  11.4 -99.0 -99.0  20.3  12.7   7.1   2.1  -7.6   -99   -99   506   506   506   -99   -99   506   506   506   506   506 
1970 -16.7 -11.2 -99.0 -99.0   9.3  15.7  21.8  20.0  13.8  10.0   2.1 -11.6   506   506   -99   -99   506   506   506   506   506   506   506   506 
1971 -15.3 -10.2  -4.7   2.1  11.9  17.6  19.9  18.6  16.1  10.4  -1.3  -8.9   506   506   506   506   506   506   506   506   506   506   506   506 
1972 -10.5 -12.7  -5.8   2.1  13.2  17.5  19.9  17.8  14.7   4.4  -0.7  -8.9   506   506   506   506   506   506   506   506   506   506   506   506 
1973  -9.8 -10.7   0.3   5.7  11.6  19.1  21.4  21.6  13.3   8.2  -0.2  -5.6   506   506   506   506   506   506   506   506   506   506   506   506 
1974 -11.3 -11.4  -5.5   3.6   9.4  18.3  20.2  19.4  13.5   5.5   0.8  -4.7   506   506   506   506   506   506   506   506   506   506   506   506 
1975 -10.2 -11.1  -5.6 -99.0  15.5  18.7  22.4 -99.0 -99.0 -99.0   2.6 -10.0   506   506   506   -99   506   506   506   -99   -99   -99   506   506 
1976 -15.4  -9.2  -5.1   5.6  12.2  19.3  19.1  18.6  13.0   5.7  -0.7 -12.9   506   506   506   506   506   506   506   506   506   506   506   506 
1977 -14.5  -9.0   0.1   5.3  14.7  17.1  20.2  18.6  13.3   7.5   2.2  -8.2   506   506   506   506   506   506   506   506   506   506   506   506 
1978 -12.4 -13.4  -5.9   2.9  15.8  18.4  20.9  18.3  11.5   7.2  -0.3  -9.2   506   506   506   506   506   506   506   506   506   506   506   506 
1979  -9.9 -14.4  -0.4   6.8  13.9  18.2  21.0  17.5  13.4   8.1   3.2  -5.1   506   506   506   506   506   506   506   506   506   506   506   506 
1980  -8.5  -9.4  -4.4   5.6  12.5  15.8  19.2  19.7  12.1   5.2  -0.5 -14.2   506   506   506   506   506   506   506   506   506   506   506   506 
1981 -16.3  -3.0  -1.6   6.8  13.1  17.6  20.6  19.1  12.9   5.9   0.9  -5.1   506   506   506   506   506   506   506   506   506   506   506   506 
1982 -18.9 -10.2  -4.7   2.7  13.9  16.4  20.3  17.2  14.5   8.8   2.9  -3.5   506   506   506   506   506   506   506   506   506   506   506   506 
1983  -8.5  -7.4  -1.5   5.0  10.7  18.5 -99.0 -99.0 -99.0   7.6   1.5  -9.3   506   506   506   506   506   506   -99   -99   -99   506   506   506 
1984 -14.1  -4.8  -7.2   6.0  10.8  17.2  19.6  20.2  12.2   7.8   1.4  -6.0   506   506   506   506   506   506   506   506   506   506   506   506 
1985 -15.3  -8.3  -4.1   4.1  11.3  15.9  19.4  18.3  14.9   8.3  -0.6 -10.0   506   506   506   506   506   506   506   506   506   506   506   506 
1986 -11.6 -11.8  -3.7   6.9  12.4  15.2  18.6  17.5  12.3   7.1  -1.1  -6.4   506   506   506   506   506   506   506   506   506   506   506   506 
1987 -11.1 -12.5  -2.2   7.9  11.7  17.6  19.9  17.5  13.6   6.7  -0.6  -5.1   506   506   506   506   506   506   506   506   506   506   506   506 
1988 -10.2 -10.0  -5.1   4.8  13.6  16.7  20.7  19.1  12.8   5.4   1.6  -9.4   506   506   506   506   506   506   506   506   506   506   506   506 
1989 -10.2 -11.9  -7.0   3.3  13.6  17.5  19.7  18.7 -99.0 -99.0 -99.0 -19.4   506   506   506   506   506   506   506   506   -99   -99   -99   506 
1990  -6.4 -10.3  -4.0   5.4  10.6  16.8 -99.0  19.1  13.2   7.9   1.3  -6.5   506   506   506   506   506   506   -99   506   506   506   506   506 
1991 -12.6  -8.1  -2.4   5.8  13.6  17.8 -99.0  19.5  12.2   8.3   1.4  -9.8   506   506   506   506   506   506   -99   506   506   506   506   506 
1992 -12.7 -11.8  -6.1   4.1  12.8  17.0  17.2  18.1  14.5   5.7   0.4  -5.1   506   506   506   506   506   506   506   506   506   506   506   506 
1993 -11.4 -16.3  -6.1   4.5  12.5  17.2  20.4  20.0  13.2   5.8   0.2  -7.2   506   506   506   506   506   506   506   506   506   506   506   506 
1994 -18.8 -13.3  -4.1   4.2  11.4  18.7  20.5  17.4  13.7   8.7   3.2  -5.2   506   506   506   506   506   506   506   506   506   506   506   506 
1995  -8.2 -11.8  -2.0   3.5  12.7  18.8  21.3  19.4  12.4  10.4  -1.9 -10.4   506   506   506   506   506   506   506   506   506   506   506   506 
1996 -12.7  -9.3  -3.3   4.5  11.3  18.1  19.3  18.8  14.7   7.3  -1.2  -3.0   506   506   506   506   506   506   506   506   506   506   506   506 
1997 -11.7 -10.6  -6.9   2.8  10.2  18.7  19.3  17.9  13.7   7.0  -0.2  -8.5   506   506   506   506   506   506   506   506   506   506   506   506 
1998 -10.0  -6.1  -3.0   6.7  16.1  18.1  19.6  19.1  14.7   8.4   2.2  -4.1   506   506   506   506   506   506   506   506   506   506   506   506 
1999 -12.1  -7.8  -1.8   5.3  15.4  19.4  20.9  18.5  16.4   6.7   3.9  -2.9   506   506   506   506   506   506   506   506   506   506   506   506 
2000 -12.0  -9.3  -0.3   4.5  11.5 -99.0  19.1 -99.0  12.9   7.7   1.7 -10.7   506   506   506   506   506   -99   506   -99   506   506   506   506 
2001 -12.2 -11.4  -5.4   4.4  14.5 -99.0  18.6 -99.0  15.6   9.5   3.5  -2.1   506   506   506   506   506   -99   506   -99   506   506   506   506 
2002  -7.6 -99.0  -3.1   5.7  11.1 -99.0  20.6  19.9  16.5   5.9  -0.8  -6.0   506   -99   506   506   506   -99   506   506   506   506   506   506 
2003 -15.6 -13.6  -6.6   2.9  11.9  18.3  20.0  19.4  16.1   6.9   1.7  -6.8   506   506   506   506   506   506   506   506   506   506   506   506 
2004 -17.0 -11.0  -2.9 -99.0  12.5  17.5  19.9  19.0  14.5   8.2   0.9  -9.2   506   506   506   -99   506   506   506   506   506   506   506   506 
2005 -13.9  -9.4  -6.0   5.9  11.2  19.5  20.6  20.0 -99.0   8.9   1.3  -7.7   506   506   506   506   506   506   506   506   -99   506   506   506 
2006  -6.8  -8.7  -2.0   6.7  13.8  18.6  21.4  17.8  13.4   7.2   3.6  -3.3   506   506   506   506   506   506   506   506   506   506   506   506 
2007  -9.7 -13.2  -4.9   4.3  12.7  18.2  18.7  18.0  15.2  10.0   0.1  -8.8   506   506   506   506   506   506   506   506   506   506   506   506 
2008  -8.4 -10.2  -6.7   5.8  11.4  18.1  20.2  18.3  15.0   7.4   1.4  -8.5   506   506   506   506   506   506   506   506   506   506   506   506 
2009 -16.3  -9.5  -3.3   7.1  11.7  17.0  18.5  19.9  13.9   6.1   3.5  -6.9   506   506   506   506   506   506   506   506   506   506   506   506 
2010  -7.1  -5.8   1.2   8.0  14.3  17.5  21.7  19.1  15.1   7.6   1.3  -6.4   506   506   506   506   506   506   506   506   506   506   506   506 
2011 -11.4 -10.6  -4.0   4.9  12.7 -99.0  21.1  19.3  15.8   8.9   5.1  -3.5   506   506   506   506   506   -99   506   506   506   506   506   506 
2012 -99.0  -7.9   1.1   6.0  14.9  18.7  20.7  20.4  14.8   9.2  -0.2  -4.9   -99   506   506   506   506   506   506   506   506   506   506   506 
2013 -99.0  -7.4  -1.4   5.3  14.2  17.1  21.0  18.8  14.6   9.1 -99.0 -99.0   -99   506   506   506   506   506   506   506   506   506   -99   -99 
2014 -99.0 -99.0  -8.6   4.5  13.3  18.9  20.1  19.3  15.0   9.9   1.3 -99.0   -99   -99   506   506   506   506   506   506   506   506   506   -99 
2015 -99.0 -99.0  -6.5   4.2  15.7  16.7  20.1 -99.0  17.8   6.2   3.3   0.2   -99   -99   506   506   506   506   506   -99   506   506   506   506 
2016  -8.2  -6.6  -2.4   3.0 -99.0  17.8  19.9  20.6 -99.0 -99.0 -99.0 -99.0   506   506   506   506   -99   506   506   506   -99   -99   -99   -99 
