Number= 250620
Name= MYS BILLINGSA-------
Country= RUSSIA
Lat=   69.8
Long= -175.7
Height= 3
Start year= 1959
End year= 2020
First Good year= 1959
Source ID= 43
Source file= Jones
Jones data to= 2016
Normals source= Data
Normals source start year= 1961
Normals source end year= 1990
Normals= -26.3 -28.3 -26.4 -19.5  -6.9   0.8   2.8   2.4  -0.9 -10.3 -18.8 -24.6 
Standard deviations source= Data
Standard deviations source start year= 1959
Standard deviations source end year= 1990
Standard deviations=   3.4   4.6   3.3   2.7   2.4   1.2   1.1   1.8   1.6   2.8   3.8   3.0 
Obs:
1959 -26.9 -29.3 -19.1 -20.8  -7.6   2.8   1.5   3.5   1.0  -6.0 -13.0 -26.8   506   506   506   506   506   506   506   506   506   506   506   506 
1960 -26.9 -27.6 -18.2 -20.5  -7.4   0.7   4.5   2.8   1.2  -6.5 -17.3 -21.3   506   506   506   506   506   506   506   506   506   506   506   506 
1961 -26.0 -30.1 -31.1 -21.2  -2.4   0.1   3.2   0.9  -1.6 -11.1 -16.1 -26.0   506   506   506   506   506   506   506   506   506   506   506   506 
1962 -21.0 -24.6 -22.8 -15.0  -7.3   3.0   3.2   2.4  -3.4 -12.8 -17.9 -23.6   506   506   506   506   506   506   506   506   506   506   506   506 
1963 -23.5 -27.4 -27.1 -17.5  -8.0   0.1   2.8   0.1  -2.2 -13.8 -19.1 -21.2   506   506   506   506   506   506   506   506   506   506   506   506 
1964 -34.6 -32.7 -27.4 -22.6  -8.0   2.2   2.4   3.1  -0.6  -8.8 -16.7 -22.4   506   506   506   506   506   506   506   506   506   506   506   506 
1965 -25.2 -33.9 -26.3 -18.5 -10.7  -1.5   0.8   0.5  -3.6 -15.1 -17.5 -29.7   506   506   506   506   506   506   506   506   506   506   506   506 
1966 -30.4 -31.4 -27.2 -23.6  -7.6   3.5   1.2   1.9  -0.8 -10.8 -13.6 -20.9   506   506   506   506   506   506   506   506   506   506   506   506 
1967 -27.0 -30.7 -20.2 -18.1  -1.2   0.5   3.2   0.8  -0.7  -7.5 -22.5 -22.9   506   506   506   506   506   506   506   506   506   506   506   506 
1968 -23.0 -29.0 -23.8 -22.7  -5.8   0.3   4.5   6.1 -99.0 -99.0 -13.4 -28.2   506   506   506   506   506   506   506   506   -99   -99   506   506 
1969 -18.6 -32.5 -30.0 -16.9  -4.6   0.1   2.8   0.0  -0.1 -11.6 -27.8 -24.4   506   506   506   506   506   506   506   506   506   506   506   506 
1970 -25.5 -28.4 -26.8 -20.7  -4.2   1.9   1.1   1.5   0.8 -13.4 -19.2 -21.1   506   506   506   506   506   506   506   506   506   506   506   506 
1971 -24.3 -28.3 -26.8 -20.1  -9.5   1.0   3.4   2.1   1.0  -9.8 -17.9 -25.3   506   506   506   506   506   506   506   506   506   506   506   506 
1972 -29.0 -21.2 -25.8 -18.2  -5.4  -0.4   4.5   2.3  -0.6 -11.5 -23.3 -21.0   506   506   506   506   506   506   506   506   506   506   506   506 
1973 -30.3 -29.5 -29.8 -20.6 -10.8   0.2   2.8   1.8  -1.0 -10.4 -14.9 -24.9   506   506   506   506   506   506   506   506   506   506   506   506 
1974 -27.3 -33.0 -24.5 -22.0  -8.1   1.1   5.5   7.1   1.5  -3.1 -17.6 -28.9   506   506   506   506   506   506   506   506   506   506   506   506 
1975 -30.1 -25.0 -24.8 -18.9  -8.6  -0.1   2.2   2.9  -2.5 -12.2 -18.2 -28.0   506   506   506   506   506   506   506   506   506   506   506   506 
1976 -99.0 -99.0 -99.0 -99.0 -99.0 -99.0 -99.0 -99.0 -99.0 -99.0 -99.0 -99.0   -99   -99   -99   -99   -99   -99   -99   -99   -99   -99   -99   -99 
1977 -24.2 -31.0 -33.0 -19.7  -8.2   1.1   4.0   7.5   2.7  -6.7 -20.5 -22.6   506   506   506   506   506   506   506   506   506   506   506   506 
1978 -22.0 -34.3 -24.0 -19.7  -6.7   0.4   3.4   3.3  -0.1  -8.3 -17.8 -28.8   506   506   506   506   506   506   506   506   506   506   506   506 
1979 -21.5 -22.4 -26.9 -22.0  -7.5   0.8   2.4   1.1  -2.3 -10.4 -22.2 -27.2   506   506   506   506   506   506   506   506   506   506   506   506 
1980 -26.8 -27.9 -27.7 -21.6  -8.4   0.5   2.0   2.1   1.1 -11.3 -24.7 -22.8   506   506   506   506   506   506   506   506   506   506   506   506 
1981 -28.1 -25.7 -25.6 -16.8  -3.6   1.6   2.0   2.3  -1.6  -8.9 -18.1 -24.9   506   506   506   506   506   506   506   506   506   506   506   506 
1982 -24.9 -20.3 -23.4 -20.1 -11.0   0.2   1.9   2.6  -1.5 -10.5 -18.0 -23.1   506   506   506   506   506   506   506   506   506   506   506   506 
1983 -25.2 -29.3 -27.0 -18.7  -8.2  -1.7   1.5   1.8  -2.1 -13.9 -25.6 -18.4   506   506   506   506   506   506   506   506   506   506   506   506 
1984 -24.8 -34.3 -27.6 -22.4  -8.2   1.5   2.7   2.2   0.1  -5.6 -11.9 -26.6   506   506   506   506   506   506   506   506   506   506   506   506 
1985 -25.0 -22.7 -29.8 -22.9  -8.9  -0.4   2.8   1.8  -2.6 -13.2 -14.5 -23.0   506   506   506   506   506   506   506   506   506   506   506   506 
1986 -31.5 -24.9 -26.8 -16.2  -4.0   2.6   2.8   0.4  -2.5 -12.6 -15.5 -23.6   506   506   506   506   506   506   506   506   506   506   506   506 
1987 -26.8 -35.5 -24.7 -22.3  -6.1   0.4   2.2   3.6  -3.4  -9.6 -23.1 -30.4   506   506   506   506   506   506   506   506   506   506   506   506 
1988 -24.8 -26.7 -28.3 -17.5  -8.5  -0.4   3.5   0.7   0.3  -8.6 -22.2 -24.0   506   506   506   506   506   506   506   506   506   506   506   506 
1989 -29.7 -16.1 -23.6 -18.3  -7.4   2.1   3.8   3.1   1.6  -7.9 -18.9 -21.6   506   506   506   506   506   506   506   506   506   506   506   506 
1990 -30.4 -33.2 -21.8 -10.6  -2.6   1.3   2.9   3.8  -0.3  -8.7 -16.6 -27.4   506   506   506   506   506   506   506   506   506   506   506   506 
1991 -26.5 -29.7 -25.0 -17.6  -3.6   2.1   4.5   5.5   0.9  -5.0 -11.8 -22.4   506   506   506   506   506   506   506   506   506   506   506   506 
1992 -28.2 -25.5 -27.7 -16.6  -5.9   2.0   5.3   3.4  -1.8 -12.0 -18.5 -26.8   506   506   506   506   506   506   506   506   506   506   506   506 
1993 -27.2 -23.8 -25.0 -15.6  -6.3   2.7   6.6   1.9  -1.4  -9.7 -22.3 -31.0   506   506   506   506   506   506   506   506   506   506   506   506 
1994 -25.4 -21.8 -29.7 -19.6  -8.5   0.9   2.1   2.6  -1.2 -13.8 -24.2 -29.8   506   506   506   506   506   506   506   506   506   506   506   506 
1995 -28.2 -24.8 -23.3 -17.5  -2.1   2.5   5.7   3.8   0.7  -8.3  -9.0 -22.4   506   506   506   506   506   506   506   506   506   506   506   506 
1996 -20.0 -25.8 -17.3 -17.3  -3.3   3.4   2.5   4.6  -0.4  -9.7 -14.1 -21.3   506   506   506   506   506   506   506   506   506   506   506   506 
1997 -26.9 -26.5 -20.4 -12.7  -3.8   2.3   3.3   3.5   0.6  -7.9 -19.7 -31.6   506   506   506   506   506   506   506   506   506   506   506   506 
1998 -28.1 -30.9 -25.2 -19.0  -8.2   2.2   3.6   1.2   0.2  -5.8 -15.9 -23.0   506   506   506   506   506   506   506   506   506   506   506   506 
1999 -28.3 -25.5 -27.3 -21.6  -6.1   1.6   4.5 -99.0 -99.0 -99.0 -99.0 -99.0   506   506   506   506   506   506   506   -99   -99   -99   -99   -99 
2000 -99.0 -99.0 -28.8 -18.6  -5.4 -99.0 -99.0 -99.0 -99.0 -99.0 -99.0 -99.0   -99   -99   506   506   506   -99   -99   -99   -99   -99   -99   -99 
2001 -99.0 -99.0 -99.0 -99.0 -99.0 -99.0 -99.0 -99.0 -99.0 -99.0 -99.0 -99.0   -99   -99   -99   -99   -99   -99   -99   -99   -99   -99   -99   -99 
2002 -29.0 -31.7 -16.5 -13.7  -2.8   3.4   4.0   6.0   2.6  -5.6 -15.8 -24.4   506   506   506   506   506   506   506   506   506   506   506   506 
2003 -23.4 -30.9 -21.3 -15.8  -3.7   2.4   5.1   2.5   2.5  -6.2 -16.7 -22.7   506   506   506   506   506   506   506   506   506   506   506   506 
2004 -21.3 -30.3 -23.6 -16.1  -3.2   2.7   4.6   5.3   1.1  -4.7 -16.1 -24.7   506   506   506   506   506   506   506   506   506   506   506   506 
2005 -29.2 -28.6 -25.2 -19.8  -5.5   2.5   5.6   7.2   3.7  -3.0 -15.7 -26.4   506   506   506   506   506   506   506   506   506   506   506   506 
2006 -27.5 -24.1 -24.3 -22.0  -4.6   1.8   2.3   2.3   2.5  -3.9 -10.1 -22.5   506   506   506   506   506   506   506   506   506   506   506   506 
2007 -28.9 -22.8 -23.3 -14.0  -4.1   2.6   9.0  11.1   5.9  -4.3 -12.1 -14.7   506   506   506   506   506   506   506   506   506   506   506   506 
2008 -29.1 -26.9 -24.7 -18.1  -5.0   0.3   2.6   1.9   0.7  -7.4 -17.7 -17.5   506   506   506   506   506   506   506   506   506   506   506   506 
2009 -26.7 -29.6 -24.7 -17.4  -1.3   0.7   3.7   5.3   1.7  -4.6 -16.4 -18.9   506   506   506   506   506   506   506   506   506   506   506   506 
2010 -26.7 -25.9 -24.8 -19.5  -4.3   1.9   4.4   3.7   3.2  -3.6 -14.3 -18.2   506   506   506   506   506   506   506   506   506   506   506   506 
2011 -24.1 -26.2 -18.0 -16.0  -5.4   1.8   2.8   2.6   1.4  -5.9 -18.8 -27.3   506   506   506   506   506   506   506   506   506   506   506   506 
2012 -26.0 -32.8 -29.9 -16.7  -6.8   2.2   3.1   2.6  -1.2  -4.9 -12.6 -19.7   506   506   506   506   506   506   506   506   506   506   506   506 
2013 -25.7 -32.7 -22.6 -13.3  -5.5   2.9   3.5   1.5  -0.4 -10.0 -99.0 -17.1   506   506   506   506   506   506   506   506   506   506   -99   506 
2014 -25.2 -17.0 -22.5 -14.6  -5.3  -0.2 -99.0 -99.0   2.7  -3.5 -10.0 -21.9   506   506   506   506   506   506   -99   -99   506   506   506   900 
2015 -21.6 -23.7 -27.1 -16.9  -4.2   4.5   4.6   3.7   2.3  -5.0 -14.8 -26.5   506   506   506   506   506   506   506   506   506   506   506   506 
2016 -25.0 -22.4 -25.7 -17.2  -4.4   3.0   5.1   5.3   2.5  -0.3  -8.8 -14.6   506   506   506   900   900   900   900   900   900   900   900   900 
2017 -21.7 -21.8 -16.8 -12.4  -5.5   0.8   6.5   6.1   1.7  -3.7  -8.4 -14.8   900   900   900   900   900   900   900   900   900   900   900   900 
2018 -23.3 -15.9 -22.8 -11.2  -7.3   0.5   4.5   3.0   6.5  -4.1 -15.2 -27.1   900   900   900   900   900   900   900   900   900   900   900   900 
2019 -25.8 -23.6 -22.6 -99.0 -99.0 -99.0 -99.0   4.7   2.0  -4.3 -10.9 -15.9   900   900   900   -99   -99   -99   -99   900   900   900   900   900 
2020 -24.2 -28.7 -18.7 -14.4  -4.0   1.7   3.1   5.9   2.9  -1.4  -6.7 -17.9   900   900   900   900   900   900   900   900   900   900   900   900 
