Number= 870471
Name= EL.INDIO
Country= ARGENTINA
Lat=  -24.1
Long=   67.1
Height= 3869
Start year= 1931
End year= 2011
First Good year= 1931
Source ID= 86
Source file= Jones
Jones data to= 2011
Normals source= Data
Normals source start year= 1961
Normals source end year= 1990
Normals=  26.7  25.2  22.0  17.3  12.3   7.9   7.8  10.5  14.2  19.3  23.0  25.8 
Standard deviations source= Data
Standard deviations source start year= 1941
Standard deviations source end year= 1990
Standard deviations=   1.0   1.2   1.2   1.4   1.2   1.3   1.3   1.2   1.4   1.1   1.3   1.2 
Obs:
1931  24.5  25.3  21.2  15.8   8.3   6.9   8.2  10.6  12.4  20.9  19.7  26.6   506   506   506   506   506   506   506   506   506   506   506   506 
1932  27.6  24.5  23.1  17.1  10.7   9.2   9.8  10.3  15.1  18.8  23.6  25.1   506   506   506   506   506   506   506   506   506   506   506   506 
1933  25.6  25.1  22.1  18.5  13.2   9.1   7.1  12.8  14.9  20.3  22.2  25.2   506   506   506   506   506   506   506   506   506   506   506   506 
1934  27.6  24.4  22.0  15.1  11.2   9.0   8.3  11.2  13.4  16.1  19.7  23.0   506   506   506   506   506   506   506   506   506   506   506   506 
1935  25.0  23.9  22.8  15.2  13.1   9.8   7.8  11.8  12.8  14.8  22.7  24.3   506   506   506   506   506   506   506   506   506   506   506   506 
1936  27.4  23.7  20.6  16.1  10.6   7.6   9.3   9.6  14.3  18.2  20.4  24.1   506   506   506   506   506   506   506   506   506   506   506   506 
1937  25.2  25.2  20.9  16.1  11.0   8.8   7.6  10.4  13.4  16.6  21.8  25.1   506   506   506   506   506   506   506   506   506   506   506   506 
1938  24.2  22.9  20.0  13.6  12.2   8.2   8.9   9.2  15.3  18.9  22.2  25.9   506   506   506   506   506   506   506   506   506   506   506   506 
1939  26.8  24.5  21.0  14.7  12.5   9.9   9.6  13.4  14.0  18.8  20.7  22.8   506   506   506   506   506   506   506   506   506   506   506   506 
1940  24.7  23.7  20.1  15.7  11.8   9.5  10.4  10.2  14.3  16.0  20.4  23.8   506   506   506   506   506   506   506   506   506   506   506   506 
1941  24.9  22.3  19.5  14.7  10.4   8.5  10.1  12.2  13.0  20.4  20.6  24.7   506   506   506   506   506   506   506   506   506   506   506   506 
1942  25.6  23.5  19.5  15.0  10.8   5.5   6.0  10.0  15.4  18.2  21.4  24.0   506   506   506   506   506   506   506   506   506   506   506   506 
1943  25.2  23.7  18.7  16.3  12.3   7.9   8.0   7.9  14.5  18.5  20.9  24.2   506   506   506   506   506   506   506   506   506   506   506   506 
1944  23.9  22.8  20.2  16.2  11.1   9.2   7.9  11.8  17.4  20.6  22.8  27.4   506   506   506   506   506   506   506   506   506   506   506   506 
1945  26.5  23.5  21.9  19.0  13.6   8.0   7.8  12.7  16.4  20.9  22.6  25.2   506   506   506   506   506   506   506   506   506   506   506   506 
1946  24.9  26.9  21.6  17.9  11.7   7.5   7.6  11.1  15.3  18.7  25.3  25.5   506   506   506   506   506   506   506   506   506   506   506   506 
1947  27.8  24.9  22.2  16.4  12.8   9.9   6.6   9.8  13.6  18.7  23.7  24.9   506   506   506   506   506   506   506   506   506   506   506   506 
1948  27.6  25.1  20.9  16.6  12.1   8.4   8.5   8.4  15.4  18.8  21.6  26.8   506   506   506   506   506   506   506   506   506   506   506   506 
1949  25.6  24.2  22.0  18.2  12.6   8.7   6.7  10.3  12.8  17.7  23.3  25.4   506   506   506   506   506   506   506   506   506   506   506   506 
1950  26.7  24.9  22.2  17.7  11.5   9.1   8.5  12.2  12.2  18.3  21.4  26.1   506   506   506   506   506   506   506   506   506   506   506   506 
1951  26.1  22.8  22.0  15.8  13.6   9.4   9.3  11.4  13.9  19.4  23.5  24.8   506   506   506   506   506   506   506   506   506   506   506   506 
1952  27.2  24.7  22.9  17.9  13.3   5.1   9.0   9.9  14.2  18.5  21.9  25.1   506   506   506   506   506   506   506   506   506   506   506   506 
1953  26.5  26.4  22.6  16.4  13.3   8.2   6.0  12.3  16.6  16.2  23.1  25.2   506   506   506   506   506   506   506   506   506   506   506   506 
1954  25.9  25.2  23.2  16.0   9.9   7.0   6.4  11.0  12.9  18.0  23.6  25.1   506   506   506   506   506   506   506   506   506   506   506   506 
1955  27.3  25.0  20.1  15.6  10.6   7.8   5.3  10.1  14.1  16.0  22.5  24.9   506   506   506   506   506   506   506   506   506   506   506   506 
1956  24.1  24.4  20.9  14.8   9.2   6.8   9.0  10.0  14.5  17.4  21.1  24.4   506   506   506   506   506   506   506   506   506   506   506   506 
1957  26.7  23.6  23.7  15.5  13.8   7.0   6.8  10.5  13.8  19.5  22.8  25.8   506   506   506   506   506   506   506   506   506   506   506   506 
1958  26.7  25.5  21.6  17.5  10.6   9.0  10.8  10.1  14.4  20.1  23.0  23.3   506   506   506   506   506   506   506   506   506   506   506   506 
1959  24.7  26.0  21.3  13.8  11.2   8.9   8.7   9.8  15.4  18.2  22.1  26.0   506   506   506   506   506   506   506   506   506   506   506   506 
1960  27.2  25.7  21.5  17.8  11.6   8.4   7.2  10.9  14.4  18.4  23.1  27.0   506   506   506   506   506   506   506   506   506   506   506   506 
1961 -99.0  25.0  21.2  17.6  13.9   8.7   8.1  13.1  13.7  20.2  24.1  26.2   -99   506   506   506   506   506   506   506   506   506   506   506 
1962  25.5  24.5  23.7  15.9  12.4   8.1   5.7  11.1  15.1  19.1  25.0  26.0   506   506   506   506   506   506   506   506   506   506   506   506 
1963  26.0  24.2  21.2  19.3  11.9   9.1   9.6  11.1  12.6  17.6  19.5  25.0   506   506   506   506   506   506   506   506   506   506   506   506 
1964  26.2  25.2  20.0  17.0  13.1   7.0   7.6  10.5  15.0  18.2  23.1  25.2   506   506   506   506   506   506   506   506   506   506   506   506 
1965  26.2  26.2  21.8  16.8  11.0  11.1   7.7  11.4  13.6  19.8  23.4  24.6   506   506   506   506   506   506   506   506   506   506   506   506 
1966  26.8  22.8  22.0  17.1  13.3   9.6   7.8  10.2 -99.0  18.9  23.1  24.0   506   506   506   506   506   506   506   506   -99   506   506   506 
1967  26.7  25.5  21.4  19.3  13.8   4.3   6.7   9.8  13.3  19.6  23.3 -99.0   506   506   506   506   506   506   506   506   506   506   506   -99 
1968  26.4  26.4  20.8  16.3  13.4   8.2   9.2  11.2  14.5  18.6  24.7  25.7   506   506   506   506   506   506   506   506   506   506   506   506 
1969  28.2  26.0  22.2  18.4  12.3   8.3   7.8   9.8  14.8  18.4  23.3  27.3   506   506   506   506   506   506   506   506   506   506   506   506 
1970  25.6  26.6  22.6  20.5  11.5   7.3   6.7   8.9  16.2  18.8  22.1  25.8   506   506   506   506   506   506   506   506   506   506   506   506 
1971  25.3  24.7  21.8  14.1  10.0   6.4   9.0  10.7  17.2  19.8  25.0  27.2   506   506   506   506   506   506   506   506   506   506   506   506 
1972  28.2  26.8  21.3 -99.0  12.4   8.4   6.8   9.4  14.9  17.9  20.9  26.1   506   506   506   -99   506   506   506   506   506   506   506   506 
1973  27.0  25.3  22.4  15.7 -99.0 -99.0   6.2  10.0  13.5  19.0  21.5  24.0   506   506   506   506   -99   -99   506   506   506   506   506   506 
1974  27.2  23.3  21.9  18.2  12.1   7.5   7.9   9.8  12.3  19.8  22.4  23.1   506   506   506   506   506   506   506   506   506   506   506   506 
1975 -99.0  25.0  21.3  16.7  11.2  10.1   7.2   8.8  14.4  19.2  21.0  26.7   -99   506   506   506   506   506   506   506   506   506   506   506 
1976  26.4  24.4  19.6 -99.0 -99.0   7.4   6.3   9.5  13.8  19.1  23.2  25.6   506   506   506   -99   -99   506   506   506   506   506   506   506 
1977  26.4  24.7  22.6  17.7  11.3   8.8   8.6  11.6  16.1  20.4  23.7 -99.0   506   506   506   506   506   506   506   506   506   506   506   -99 
1978  25.2  25.0  22.2  17.9  12.8   6.7  10.5   8.2  15.8  19.9  23.4  26.2   506   506   506   506   506   506   506   506   506   506   506   506 
1979  26.6  24.0  21.0  16.1  12.5   7.0   9.6  12.7  13.1  19.2  21.7  24.7   506   506   506   506   506   506   506   506   506   506   506   506 
1980  27.3  25.0  25.1  16.6  12.8   7.1   7.4  10.9  14.9  19.0  22.0  26.3   506   506   506   506   506   506   506   506   506   506   506   506 
1981  26.0  25.8  22.9  18.3  13.6   7.6   7.6  11.7  13.5  18.3  22.0  26.3   506   506   506   506   506   506   506   506   506   506   506   506 
1982  26.8  24.7  21.6  17.5  14.1   7.3   8.6  11.4  15.2  19.6  22.2  26.5   506   506   506   506   506   506   506   506   506   506   506   506 
1983  26.2  24.8  23.0  18.0  12.2   5.5   6.8   9.1   9.5  19.7  23.8  27.5   506   506   506   506   506   506   506   506   506   506   506   506 
1984 -99.0 -99.0  22.4  15.8  11.1   6.2   7.7   9.2  15.1  20.2  21.8  23.5   -99   -99   506   506   506   506   506   506   506   506   506   506 
1985 -99.0 -99.0 -99.0 -99.0  13.4   9.1   7.4  10.9  14.9  19.1  24.4 -99.0   -99   -99   -99   -99   506   506   506   506   506   506   506   -99 
1986 -99.0 -99.0  23.6 -99.0  13.5   9.4   9.2  11.4  13.7  20.5 -99.0  27.8   -99   -99   506   -99   506   506   506   506   506   506   -99   506 
1987  27.9  26.4  22.4  18.2  10.1   8.5   9.9   9.5  13.9  20.2  24.0  25.1   506   506   506   506   506   506   506   506   506   506   506   506 
1988  27.2 -99.0  23.5  17.2  10.4   7.0   6.2  10.6 -99.0 -99.0  24.5  28.1   506   -99   506   506   506   506   506   506   -99   -99   506   506 
1989  27.4  27.7 -99.0  17.9  11.1   9.8   7.1  11.0  13.9  20.2  24.0 -99.0   506   506   -99   506   506   506   506   506   506   506   506   -99 
1990  28.0  25.0  21.3  16.5  11.8   7.5 -99.0  12.7  13.2  20.1  25.0  26.3   506   506   506   506   506   506   -99   506   506   506   506   506 
1991  26.5 -99.0  24.8  18.4 -99.0   9.4   8.0 -99.0  15.7 -99.0 -99.0 -99.0   506   -99   506   506   -99   506   506   -99   506   -99   -99   -99 
1992 -99.0 -99.0 -99.0  17.4  12.0   9.2   6.2  12.8  14.8  19.6  21.1  25.6   -99   -99   -99   506   506   506   506   506   506   506   506   506 
1993  27.4  25.3  24.3  16.7  12.2   9.7 -99.0  10.7  13.3  18.2 -99.0  26.0   506   506   506   506   506   506   -99   506   506   506   -99   506 
1994  26.7  23.9  22.2  16.8  14.4  10.6   8.8  11.4 -99.0  19.2  24.1  28.3   506   506   506   506   506   506   506   506   -99   506   506   506 
1995  26.5  23.5  22.5  16.4  12.8   8.6 -99.0 -99.0  14.5  19.2  24.1  28.5   506   506   506   506   506   506   -99   -99   506   506   506   506 
1996  26.5  25.0  23.1  16.4  13.8   6.6   6.4  12.0  13.7  20.0  24.8  25.7   506   506   506   506   506   506   506   506   506   506   506   506 
1997  27.3  25.0  23.4  19.2  13.5   7.8   9.4  11.4  15.5  19.1  23.1 -99.0   506   506   506   506   506   506   506   506   506   506   506   -99 
1998  27.4  22.0  19.5  16.2  12.5   9.1   9.9  11.2  13.0  22.1  23.4 -99.0   506   506   506   506   506   506   506   506   506   506   506   -99 
1999  25.1  26.4  24.1 -99.0 -99.0 -99.0   6.9  10.2 -99.0  18.7  22.0  24.7   506   506   506   -99   -99   -99   506   506   -99   506   506   506 
2000  27.0  25.3  21.8  18.1  11.3   9.6   6.2  10.1  13.0  19.4  21.8  26.1   506   506   506   506   506   506   506   506   506   506   506   506 
2001  27.8  28.2  22.7  15.8  10.8   8.7   8.3  11.5  13.8  20.0  22.2  26.5   506   506   506   506   506   506   506   506   506   506   506   506 
2002 -99.0  24.7  23.1  16.7 -99.0 -99.0   8.2  11.5  15.2  20.6 -99.0  25.0   -99   506   506   506   -99   -99   506   506   506   506   -99   506 
2003  28.0 -99.0  23.2  16.9  13.1  10.8   8.3   9.5  15.6  22.1  24.7  25.4   506   -99   506   506   506   506   506   506   506   506   506   506 
2004  28.0  25.2  23.8  17.6   9.7   9.2   8.0  11.3  16.3  19.1  21.6  26.7   506   506   506   506   506   506   506   506   506   506   506   506 
2005  26.5  26.0  21.9  15.5  12.2 -99.0   8.3  10.3  13.0  18.5  24.9  26.7   506   506   506   506   506   -99   506   506   506   506   506   506 
2006  28.1  26.0  22.2  18.0  11.1  10.0  10.4  11.2  15.2 -99.0  23.6  27.0   506   506   506   506   506   506   506   506   506   -99   506   506 
2007 -99.0  25.9  22.3  17.3  10.3   6.8   6.8   7.2 -99.0  20.7  23.5  26.3   -99   506   506   506   506   506   506   506   -99   506   506   506 
2008  26.9  25.4  22.9  17.7  12.6   6.9   9.0  11.2  14.4  19.9  25.6  26.8   506   506   506   506   506   506   506   506   506   506   506   506 
2009  27.1  26.5  24.7  20.6  13.6   8.4   7.0  12.6  13.2  20.3  23.9  26.0   506   506   506   506   506   506   506   506   506   506   506   506 
2010  28.7  26.6  25.0  16.5  11.4   8.7   5.7   9.7  14.7  19.6  23.0  25.9   506   506   506   506   506   506   506   506   506   506   506   506 
2011  26.6  24.5  22.3  18.3  11.9   7.6   6.4 -99.0 -99.0 -99.0 -99.0 -99.0   506   506   506   506   506   506   506   -99   -99   -99   -99   -99 
