Number= 870470
Name= SALTA A
Country= ARGENTINA
Lat=  -24.9
Long=   65.5
Height= 1238
Start year= 1873
End year= 2020
First Good year= 1873
Source ID= 10
Source file= Jones
Jones data to= 2012
Normals source= Data
Normals source start year= 1961
Normals source end year= 1990
Normals=  21.2  20.1  18.9  16.2  13.3  10.1  10.1  12.3  15.0  18.6  20.3  21.2 
Standard deviations source= Data
Standard deviations source start year= 1941
Standard deviations source end year= 1990
Standard deviations=   0.8   0.7   0.8   1.1   1.4   1.6   1.6   1.7   1.5   1.1   0.9   0.8 
Obs:
1873  24.5  23.3  20.4  19.5  17.6  15.1  11.5  15.5  19.3 -99.0 -99.0 -99.0   506   506   506   506   506   506   506   506   506   -99   -99   -99 
1874  20.5  21.1  18.5  16.7  12.9 -99.0  13.7  13.8  16.4  18.3  20.0  21.1   506   506   506   506   506   -99   506   506   506   506   506   506 
1875  22.6  22.3  18.6  16.8  13.4   7.0  10.7  11.6  15.7  18.3  20.9  21.8   506   506   506   506   506   506   506   506   506   506   506   506 
1876 -99.0 -99.0 -99.0 -99.0 -99.0 -99.0 -99.0 -99.0 -99.0 -99.0 -99.0 -99.0   -99   -99   -99   -99   -99   -99   -99   -99   -99   -99   -99   -99 
1877 -99.0 -99.0 -99.0 -99.0 -99.0 -99.0 -99.0 -99.0 -99.0 -99.0 -99.0 -99.0   -99   -99   -99   -99   -99   -99   -99   -99   -99   -99   -99   -99 
1878 -99.0 -99.0 -99.0 -99.0 -99.0 -99.0 -99.0 -99.0 -99.0 -99.0 -99.0 -99.0   -99   -99   -99   -99   -99   -99   -99   -99   -99   -99   -99   -99 
1879 -99.0 -99.0 -99.0 -99.0 -99.0 -99.0 -99.0 -99.0 -99.0 -99.0 -99.0 -99.0   -99   -99   -99   -99   -99   -99   -99   -99   -99   -99   -99   -99 
1880  22.5  21.8  19.5  16.5  14.5  13.6  13.2  15.6  13.6  18.4  21.0  22.1   506   506   506   506   506   506   506   506   506   506   506   506 
1881  21.5  21.1  19.7  17.1  14.2  11.4  11.2  13.3  19.4  19.8  21.3  25.2   506   506   506   506   506   506   506   506   506   506   506   506 
1882 -99.0  21.2  19.8  15.7  14.2  10.4  10.0  14.8  16.7  20.2 -99.0 -99.0   -99   506   506   506   506   506   506   506   506   506   -99   -99 
1883  22.8  21.0  20.6  16.2  14.9 -99.0  11.0  13.0  16.2  20.9  21.5  22.5   506   506   506   506   506   -99   506   506   506   506   506   506 
1884  22.1  21.6  21.4  17.0  12.0   9.3  11.6  18.0  16.7  18.2  22.1  21.6   506   506   506   506   506   506   506   506   506   506   506   506 
1885  22.1  20.9  19.4  15.8  12.5   9.3  10.5  13.3  18.4  20.4  22.6  23.0   506   506   506   506   506   506   506   506   506   506   506   506 
1886  22.0  20.9  20.6  16.8  13.2   8.6  11.0  13.2  16.6  19.0  21.8 -99.0   506   506   506   506   506   506   506   506   506   506   506   -99 
1887 -99.0 -99.0 -99.0 -99.0 -99.0 -99.0 -99.0 -99.0 -99.0 -99.0 -99.0 -99.0   -99   -99   -99   -99   -99   -99   -99   -99   -99   -99   -99   -99 
1888 -99.0 -99.0 -99.0 -99.0 -99.0 -99.0 -99.0 -99.0 -99.0 -99.0 -99.0 -99.0   -99   -99   -99   -99   -99   -99   -99   -99   -99   -99   -99   -99 
1889 -99.0 -99.0 -99.0 -99.0 -99.0 -99.0 -99.0 -99.0 -99.0 -99.0 -99.0 -99.0   -99   -99   -99   -99   -99   -99   -99   -99   -99   -99   -99   -99 
1890 -99.0 -99.0 -99.0 -99.0 -99.0 -99.0 -99.0 -99.0 -99.0 -99.0 -99.0 -99.0   -99   -99   -99   -99   -99   -99   -99   -99   -99   -99   -99   -99 
1891 -99.0 -99.0 -99.0 -99.0 -99.0 -99.0 -99.0 -99.0 -99.0 -99.0 -99.0 -99.0   -99   -99   -99   -99   -99   -99   -99   -99   -99   -99   -99   -99 
1892 -99.0 -99.0 -99.0 -99.0 -99.0 -99.0 -99.0 -99.0 -99.0 -99.0 -99.0 -99.0   -99   -99   -99   -99   -99   -99   -99   -99   -99   -99   -99   -99 
1893 -99.0 -99.0 -99.0 -99.0 -99.0 -99.0 -99.0 -99.0 -99.0 -99.0 -99.0 -99.0   -99   -99   -99   -99   -99   -99   -99   -99   -99   -99   -99   -99 
1894 -99.0 -99.0 -99.0 -99.0 -99.0 -99.0 -99.0 -99.0 -99.0 -99.0 -99.0 -99.0   -99   -99   -99   -99   -99   -99   -99   -99   -99   -99   -99   -99 
1895 -99.0 -99.0 -99.0 -99.0 -99.0 -99.0 -99.0 -99.0 -99.0 -99.0 -99.0 -99.0   -99   -99   -99   -99   -99   -99   -99   -99   -99   -99   -99   -99 
1896 -99.0 -99.0 -99.0 -99.0 -99.0 -99.0 -99.0 -99.0 -99.0 -99.0 -99.0 -99.0   -99   -99   -99   -99   -99   -99   -99   -99   -99   -99   -99   -99 
1897 -99.0 -99.0 -99.0 -99.0 -99.0 -99.0 -99.0 -99.0 -99.0 -99.0 -99.0 -99.0   -99   -99   -99   -99   -99   -99   -99   -99   -99   -99   -99   -99 
1898 -99.0 -99.0 -99.0 -99.0 -99.0 -99.0 -99.0 -99.0 -99.0 -99.0 -99.0 -99.0   -99   -99   -99   -99   -99   -99   -99   -99   -99   -99   -99   -99 
1899 -99.0 -99.0 -99.0 -99.0 -99.0 -99.0 -99.0 -99.0 -99.0 -99.0 -99.0 -99.0   -99   -99   -99   -99   -99   -99   -99   -99   -99   -99   -99   -99 
1900 -99.0 -99.0 -99.0 -99.0 -99.0 -99.0 -99.0 -99.0 -99.0 -99.0 -99.0 -99.0   -99   -99   -99   -99   -99   -99   -99   -99   -99   -99   -99   -99 
1901  21.5  21.4  20.3  16.1  15.8  14.5  13.1  13.9  19.9  20.6  21.0  21.7   506   506   506   506   506   506   506   506   506   506   506   506 
1902  22.2  24.0  20.8  19.7  16.4  14.6  11.9  10.2  17.7  19.6  20.1  22.7   506   506   506   506   506   506   506   506   506   506   506   506 
1903  22.5  23.1  17.7  16.1  13.9  12.6  12.4  13.4  19.4  18.1  20.0  20.6   506   506   506   506   506   506   506   506   506   506   506   506 
1904  21.9  21.2  19.4  18.1  14.5  11.9  13.9  14.0  18.9  19.3  20.9  20.7   506   506   506   506   506   506   506   506   506   506   506   506 
1905  21.6  20.3  20.5  16.3  14.4  13.6  11.8  14.0  18.2  21.7  21.0  22.0   506   506   506   506   506   506   506   506   506   506   506   506 
1906  21.4  22.7  21.8  19.8  16.5   9.5  12.3  13.9  17.6  20.6  20.6  22.0   506   506   506   506   506   506   506   506   506   506   506   506 
1907  21.8  22.0  21.9  16.8  12.5  10.8  11.7  11.4  17.5  19.1  21.6  22.4   506   506   506   506   506   506   506   506   506   506   506   506 
1908  22.4  20.7  20.3  16.0  13.7  13.1  12.5  12.2  16.8  18.7  21.5  21.4   506   506   506   506   506   506   506   506   506   506   506   506 
1909  23.0  20.5  18.8  17.5  11.7  10.5  10.9  14.6  18.4  19.2  21.6  21.3   506   506   506   506   506   506   506   506   506   506   506   506 
1910  21.7  20.4  18.5  16.9  13.9  13.0  11.8  14.6  16.9  18.6  21.6  20.4   506   506   506   506   506   506   506   506   506   506   506   506 
1911  20.9  20.3  18.0  15.0  13.3   9.2   9.5  11.1  15.0  17.6  20.7  21.1   506   506   506   506   506   506   506   506   506   506   506   506 
1912  20.8  21.4  19.8  15.7  12.3  11.6   8.1  11.4  16.1  19.8  20.8  22.5   506   506   506   506   506   506   506   506   506   506   506   506 
1913  19.9  20.1  17.9  17.1  13.9  11.1  12.3  13.2  16.1  20.0  21.2  20.5   506   506   506   506   506   506   506   506   506   506   506   506 
1914  21.8  20.2  17.2  14.8  14.1  12.8  12.8  12.8  14.3  18.3  20.1  20.6   506   506   506   506   506   506   506   506   506   506   506   506 
1915  21.6  20.7  17.3  18.0  14.5   7.2  10.0  13.6  14.6  19.5  21.1  22.5   506   506   506   506   506   506   506   506   506   506   506   506 
1916  21.4  19.0  18.5  17.2  13.0   6.2   7.2  12.3  16.9  19.4  22.8  21.1   506   506   506   506   506   506   506   506   506   506   506   506 
1917  22.0  19.4  17.0  15.6  10.3  10.2   8.5  11.3  17.0  18.2  20.2  22.5   506   506   506   506   506   506   506   506   506   506   506   506 
1918  20.7  19.3  18.6  16.7  11.5  10.2  10.1  12.5  15.1  18.4  21.2  21.7   506   506   506   506   506   506   506   506   506   506   506   506 
1919  21.2  20.5  19.5  17.3  15.8  11.0  10.2  10.6  14.9  19.3  21.7  22.3   506   506   506   506   506   506   506   506   506   506   506   506 
1920  21.8  20.1  19.9  17.1  14.4   9.5   7.4  11.9  15.8  17.9  21.2  21.0   506   506   506   506   506   506   506   506   506   506   506   506 
1921  20.6  20.1  17.7  16.2  14.7   7.2   6.8  11.8  14.2  18.7  19.4  22.0   506   506   506   506   506   506   506   506   506   506   506   506 
1922  20.3  20.0  17.7  15.1  12.5   7.5  11.6  11.2  16.2  17.5  20.8  21.1   506   506   506   506   506   506   506   506   506   506   506   506 
1923  20.2  20.4  20.7  16.9  10.2  11.8   7.1  11.0  16.4  17.3  21.4  20.7   506   506   506   506   506   506   506   506   506   506   506   506 
1924  20.0  20.4  19.1  15.1  12.4  10.7   9.1   9.3  13.9  17.7  20.7  22.7   506   506   506   506   506   506   506   506   506   506   506   506 
1925  21.7  21.2  19.9  16.9  12.2   9.6   8.4  14.7  17.2  18.2  21.8  22.0   506   506   506   506   506   506   506   506   506   506   506   506 
1926  21.7  20.8  20.9  16.0  11.4  12.5   9.6  12.6  15.5  20.1  22.6  21.8   506   506   506   506   506   506   506   506   506   506   506   506 
1927  21.9  20.8  18.6  15.4  12.4   9.0   9.4  11.8  14.7  18.7  22.4  21.5   506   506   506   506   506   506   506   506   506   506   506   506 
1928  20.9  19.3  19.0  17.9  12.0   8.8   8.7  11.7  13.8  18.8  21.6  20.9   506   506   506   506   506   506   506   506   506   506   506   506 
1929  21.6  21.2  18.7  16.4  11.1   9.3   9.9  11.7  16.9  17.9  21.7  22.6   506   506   506   506   506   506   506   506   506   506   506   506 
1930 -99.0 -99.0 -99.0  17.3  12.9  15.6   9.3  10.2  15.1  17.2  19.7  22.6   -99   -99   -99   506   506   506   506   506   506   506   506   506 
1931  21.3  20.9  19.0  16.0   9.7   8.1   9.9  10.8  13.3  19.9  18.1  22.0   506   506   506   506   506   506   506   506   506   506   506   506 
1932  21.1  20.2  19.9  17.0  11.3  10.2  13.1  10.3  14.6  19.1  21.1  20.8   506   506   506   506   506   506   506   506   506   506   506   506 
1933  20.5  19.1  18.5  15.8  13.1  10.2   6.8  12.6  15.3  18.9  20.2  20.7   506   506   506   506   506   506   506   506   506   506   506   506 
1934  20.6  18.1  19.3  13.9  13.5  12.5   9.4  11.3  14.3  17.6  19.5  21.4   506   506   506   506   506   506   506   506   506   506   506   506 
1935  21.0  20.0  20.0  15.7  15.6  11.5   8.7  10.9  13.5  17.0  21.1  23.0   506   506   506   506   506   506   506   506   506   506   506   506 
1936  21.9  18.9  19.4  17.2  14.1  11.1  10.2   9.9  15.9  20.5  19.1  22.5   506   506   506   506   506   506   506   506   506   506   506   506 
1937  19.4  20.9  18.7  15.3  12.2  11.6   9.6  12.8  14.3  17.0  22.3  21.9   506   506   506   506   506   506   506   506   506   506   506   506 
1938  19.9  18.7  17.8  14.1  13.7  11.2  10.7  10.1  15.5  18.7  20.7  20.9   506   506   506   506   506   506   506   506   506   506   506   506 
1939  22.2  20.3  18.0  14.8  14.3  12.3  10.0  14.6  16.1  18.9  19.2  19.9   506   506   506   506   506   506   506   506   506   506   506   506 
1940  20.5  19.2  17.8  17.4  15.5  12.0  12.1  11.1  14.4  15.7  19.3  22.6   506   506   506   506   506   506   506   506   506   506   506   506 
1941  21.4  19.6  17.8  16.8  12.9  10.5  11.2  13.5  12.6  20.4  20.7  22.7   506   506   506   506   506   506   506   506   506   506   506   506 
1942  22.5  21.0  18.5  16.4  12.0   7.1   7.3  12.6  16.3  18.3  21.1  21.2   506   506   506   506   506   506   506   506   506   506   506   506 
1943  20.9  19.8  17.9  15.0  14.0  10.6  10.5   8.8  14.9  19.0  20.0  20.4   506   506   506   506   506   506   506   506   506   506   506   506 
1944  20.2  19.2  17.9  15.6  13.7  12.0  12.0  14.5  18.5  19.7  19.3  22.2   506   506   506   506   506   506   506   506   506   506   506   506 
1945  21.2  19.9  18.4  17.6  13.9  10.7  10.6  16.5  16.9  21.0  20.0  22.5   506   506   506   506   506   506   506   506   506   506   506   506 
1946  21.1  21.5  18.5  17.3  13.5   9.7   9.1  13.7  17.4  18.5  22.1  20.9   506   506   506   506   506   506   506   506   506   506   506   506 
1947  22.3  20.6  18.5  15.9  12.9  13.4   8.4  10.4  14.8  18.0  20.3  21.8   506   506   506   506   506   506   506   506   506   506   506   506 
1948  22.6  20.7  18.4  16.2  13.5  12.0  11.0  12.0  18.2  19.0  20.6  22.9   506   506   506   506   506   506   506   506   506   506   506   506 
1949  20.6  19.9  19.8  16.6  14.1  10.8   8.7  12.0  14.6  15.1  19.7  20.3   506   506   506   506   506   506   506   506   506   506   506   506 
1950  19.3  19.6  18.1  17.1  14.9  10.8  11.0  13.6  14.7  18.1  19.8  21.6   506   506   506   506   506   506   506   506   506   506   506   506 
1951  20.4  18.4  18.8  12.7  14.9  11.3  12.9  12.8  15.7  19.2  20.5  21.1   506   506   506   506   506   506   506   506   506   506   506   506 
1952  22.3  19.2  20.6  15.9  15.0   6.4  10.9  13.3  14.8  18.1  18.8  20.4   506   506   506   506   506   506   506   506   506   506   506   506 
1953  22.0  21.3  19.7  15.7  13.6  10.8   7.9  15.9  19.1  17.1  21.2  21.8   506   506   506   506   506   506   506   506   506   506   506   506 
1954  22.0  20.5  19.3  17.0  12.0  10.0   8.7  13.4  14.9  18.1  21.0  20.5   506   506   506   506   506   506   506   506   506   506   506   506 
1955  22.8  20.8  17.6  15.7  12.8  11.2   7.0  12.6  16.2  17.2  20.8  21.3   506   506   506   506   506   506   506   506   506   506   506   506 
1956  19.9  18.9  19.2  15.3  10.7   8.8  11.1  11.1  15.3  16.9  17.7  19.9   506   506   506   506   506   506   506   506   506   506   506   506 
1957  21.0  19.2  19.1  14.1  14.0   9.4   8.4  12.1  13.8  18.9  19.7  22.6   506   506   506   506   506   506   506   506   506   506   506   506 
1958  20.9  21.7  18.0  16.1  12.4  12.6  13.3   9.5  15.6  18.6  20.6  20.4   506   506   506   506   506   506   506   506   506   506   506   506 
1959  19.6  21.2  18.9  15.5  12.2  10.6  11.7  11.8  15.7  18.3  19.4  20.6   506   506   506   506   506   506   506   506   506   506   506   506 
1960  21.1  20.2  18.1  15.7  11.1  11.4   9.5  12.4  15.8  18.2  19.9  22.0   506   506   506   506   506   506   506   506   506   506   506   506 
1961  22.6  20.5  18.6  17.4  15.1   9.3   9.9  16.2  15.5  19.6  21.2  22.5   506   506   506   506   506   506   506   506   506   506   506   506 
1962  20.1  19.6  19.5  15.5  12.2   9.0   6.1  12.1  16.4  17.2  21.7  21.2   506   506   506   506   506   506   506   506   506   506   506   506 
1963  21.7  19.9  18.7  17.4  14.4  10.9  11.7  12.8  15.4  18.4  19.1  21.5   506   506   506   506   506   506   506   506   506   506   506   506 
1964  20.5  20.8  18.4  16.7  15.1   9.0   8.4  11.6  15.6  16.8  18.9  20.1   506   506   506   506   506   506   506   506   506   506   506   506 
1965  20.9  21.1  17.5  16.1  13.1  13.8  10.6  13.3  13.6  19.9  20.1  20.3   506   506   506   506   506   506   506   506   506   506   506   506 
1966  21.8  19.0  18.7  16.3  13.2  12.2   9.3   9.6  13.9  18.8  21.5  20.6   506   506   506   506   506   506   506   506   506   506   506   506 
1967  20.5  20.5  18.2  17.8  16.9   7.1   9.6  12.6  15.9  20.5  18.9  21.8   506   506   506   506   506   506   506   506   506   506   506   506 
1968  20.7  20.6  17.9  14.2  10.9  10.6  12.1  14.3  14.4  18.1  21.1  21.0   506   506   506   506   506   506   506   506   506   506   506   506 
1969  20.9  20.3  18.8  16.6  14.8  10.2  10.4  10.8  17.2  17.4  21.5  21.1   506   506   506   506   506   506   506   506   506   506   506   506 
1970  20.5  20.3  18.6  17.9  13.5   9.9   9.2  11.6  16.9  18.4  19.7  22.3   506   506   506   506   506   506   506   506   506   506   506   506 
1971  21.0  19.8  18.4  14.4  10.9   7.9  11.0  11.9  17.8  16.8  19.5  20.8   506   506   506   506   506   506   506   506   506   506   506   506 
1972  21.4  20.0  18.1  14.7  14.6  12.4  10.1  11.7  16.2  18.1  20.8  21.1   506   506   506   506   506   506   506   506   506   506   506   506 
1973  22.0  20.6  19.8  17.0  12.7  10.9   8.1  10.6  13.6  18.8  19.4  20.6   506   506   506   506   506   506   506   506   506   506   506   506 
1974  21.9  19.2  18.5  15.6  13.0  10.2  10.9  11.6  13.2  17.6  20.4  20.8   506   506   506   506   506   506   506   506   506   506   506   506 
1975  21.1  20.3  18.8  15.6  12.7  12.2   8.7  11.0  15.4  18.7  19.6  22.1   506   506   506   506   506   506   506   506   506   506   506   506 
1976  20.7  19.5  16.8  14.5  12.6   9.3   9.1  10.9  13.7  18.1  20.7  21.8   506   506   506   506   506   506   506   506   506   506   506   506 
1977  21.8  19.7  19.3  15.6  12.5  10.9  10.6  11.5  16.9  18.9  20.2  21.9   506   506   506   506   506   506   506   506   506   506   506   506 
1978  20.5  19.9  19.7  15.5  13.1   9.9  12.2  10.5  15.8  19.8  21.0  20.9   506   506   506   506   506   506   506   506   506   506   506   506 
1979  21.2  19.5  17.8  14.2  13.2   9.0  11.4  15.4  13.4  19.9  19.4  20.6   506   506   506   506   506   506   506   506   506   506   506   506 
1980  20.4  20.4  20.4  17.0  14.3   9.8  10.0  12.9  14.2  18.1  19.4  21.5   506   506   506   506   506   506   506   506   506   506   506   506 
1981  20.9  20.6  19.6  16.9  15.6   9.4   9.6  13.8  13.0  17.7  20.0  21.1   506   506   506   506   506   506   506   506   506   506   506   506 
1982  20.3  19.3  18.0  16.7  13.5  10.1  11.2  13.8  16.4  18.7  20.6  20.8   506   506   506   506   506   506   506   506   506   506   506   506 
1983  22.5  20.1  19.7  16.8  13.6   7.4   9.0  11.3  13.0  19.2  19.6  22.1   506   506   506   506   506   506   506   506   506   506   506   506 
1984  21.4  21.1  19.2  15.3  13.5   7.6  12.1  10.0  15.9  19.8  19.3  19.6   506   506   506   506   506   506   506   506   506   506   506   506 
1985  20.4  20.2  19.7  16.5  14.3  11.4   8.9  11.6  15.0  19.2  20.3  21.1   506   506   506   506   506   506   506   506   506   506   506   506 
1986  21.5  20.1  18.6  17.8  14.0  12.3  12.2  13.8  15.5  18.6  20.9  22.1   506   506   506   506   506   506   506   506   506   506   506   506 
1987  21.6  20.3  19.4  16.4  10.1  10.1  13.9  12.0  14.3  19.7  21.3  19.9   506   506   506   506   506   506   506   506   506   506   506   506 
1988  21.7  19.5  20.7  16.3  10.7   8.5   8.4  12.7  14.3  18.0  21.4  21.9   506   506   506   506   506   506   506   506   506   506   506   506 
1989  21.4  21.4  18.9  16.3  12.2  12.5  10.2  13.5  13.9  18.4  21.1  22.1   506   506   506   506   506   506   506   506   506   506   506   506 
1990  21.3  20.1  19.5  17.1  12.9   9.9   9.1  14.3  13.5  19.8  21.1  20.8   506   506   506   506   506   506   506   506   506   506   506   506 
1991  20.4  20.2  20.2  17.7  15.8  11.8  11.5  12.4  16.3  17.2  18.8  21.7   506   506   506   506   506   506   506   506   506   506   506   506 
1992  20.5  20.0  19.5  19.1  13.1  13.0   8.2  12.7  15.1  18.5  19.4  21.6   506   506   506   506   506   506   506   506   506   506   506   506 
1993  21.9  19.2  20.2  16.6  13.3  11.8  10.9  13.3  14.2  18.7  20.6  21.6   506   506   506   506   506   506   506   506   506   506   506   506 
1994  21.6  19.9  19.0  16.5  16.3  12.3  10.8  13.6  18.2  19.7  20.2  23.0   506   506   506   506   506   506   506   506   506   506   506   506 
1995  21.4  19.4  19.0  15.6  13.5  11.9  10.4  12.0  15.2  18.8  21.0  22.5   506   506   506   506   506   506   506   506   506   506   506   506 
1996  21.5  20.8  18.9  16.8  14.6   8.9   8.6  13.9  14.5  19.0  20.2  21.5   506   506   506   506   506   506   506   506   506   506   506   506 
1997  22.1  19.6  19.0  17.0  13.7  12.3  12.5  14.0  17.8  20.0  21.4  23.6   506   506   506   506   506   506   506   506   506   506   506   506 
1998  22.4  20.0  18.8  16.1  13.0  13.0  12.2  16.5  14.4  19.2  19.4  20.9   506   506   506   506   506   506   506   506   506   506   506   506 
1999  19.7  21.1  19.6  14.6  13.2  10.4   8.7  12.1  17.8  17.7  18.3  21.1   506   506   506   506   506   506   506   506   506   506   506   506 
2000  21.7  20.1  18.4  17.5  12.5  10.9   7.8  13.2  14.8  19.6  19.1  21.4   506   506   506   506   506   506   506   506   506   506   506   506 
2001  21.7  22.2  20.4  16.3  11.8  10.6  11.0  14.7  15.1  19.1  19.8  20.6   506   506   506   506   506   506   506   506   506   506   506   506 
2002  21.1  20.1  21.0  16.4  15.0   9.0   9.9  14.1  16.6  21.0  21.0  20.8   506   506   506   506   506   506   506   506   506   506   506   506 
2003  21.8  20.6  19.9  17.0  14.4  13.7   9.8  11.3  15.9  20.4  21.8  21.1   506   506   506   506   506   506   506   506   506   506   506   506 
2004  22.2  20.0  19.6  17.8   9.7  10.6  11.2  12.5  16.9  19.9  20.3  21.5   506   506   506   506   506   506   506   506   506   506   506   506 
2005  22.5  20.7  19.4  15.6  13.8  12.7  10.2  13.9  12.4  18.5  21.4  21.0   506   506   506   506   506   506   506   506   506   506   506   506 
2006  21.6  21.0  20.2  17.1  12.2  12.3  13.0  12.9  15.6  20.7  21.4  22.5   506   506   506   506   506   506   506   506   506   506   506   506 
2007  21.2  21.0  19.7  17.4  10.9  10.4   8.7   9.1  16.9  20.5  19.8  21.4   506   506   506   506   506   506   506   506   506   506   506   506 
2008  20.7  20.0  18.9  15.7  12.1   8.4  13.0  12.6  14.3  18.6  21.6  21.1   506   506   506   506   506   506   506   506   506   506   506   506 
2009  20.9  20.6  19.6  18.4  14.1   9.9   8.4  12.9  13.9  19.6  24.3  21.2   506   506   506   506   506   506   506   506   506   506   506   506 
2010  22.0  22.4  20.9  15.7  11.8  11.0   8.0  11.4  15.8  18.2  20.5  22.2   506   506   506   506   506   506   506   506   506   506   506   506 
2011  21.2  19.9  18.3  17.0  13.1  10.9   9.6  12.1  16.8  19.4  21.8  20.7   506   506   506   506   506   506   506   506   506   506   506   506 
2012  21.4  21.5  19.4  17.1  14.6  10.4   8.7  12.7  17.2  20.7  20.9  22.2   506   506   506   506   506   506   506   506   506   506   506   506 
2013  21.0  20.8  18.4  16.5  13.9  12.4  10.7  10.8  14.6  19.8  21.4  23.9   900   900   900   900   900   900   900   900   900   900   900   900 
2014  22.0  20.7  18.4  17.3  14.1  11.0  10.3  14.5  18.0  21.8  20.5  21.1   900   900   900   900   900   900   900   900   900   900   900   900 
2015  21.9  21.1  20.0  18.6  14.7  12.3  10.9  14.9  16.7  17.5  19.4  22.1   900   900   900   900   900   900   900   900   900   900   900   900 
2016  22.2  22.4  18.4  17.1  11.7   8.3  10.4  13.7  14.9  18.7  19.1  21.7   900   900   900   900   900   900   900   900   900   900   900   900 
2017  23.0  21.7  19.6  15.7  12.9  11.0  12.8  13.8  16.1  18.6  20.6  21.9   900   900   900   900   900   900   900   900   900   900   900   900 
2018  20.9  20.4  19.0  18.9  15.7   8.6   8.5  11.7  18.2  19.1  20.3  20.7   900   900   900   900   900   900   900   900   900   900   900   900 
2019  22.0  20.9  18.1  17.3  13.6  11.3  10.7  12.1  15.8  18.9  22.6  21.6   900   900   900   900   900   900   900   900   900   900   900   900 
2020  22.7  20.8  21.1  17.3  13.1  11.0   9.4  13.4  16.5  20.6  21.6  22.0   900   900   900   900   900   900   900   900   900   900   900   900 
