Number= 111120
Name= LANDECK
Country= AUSTRIA
Lat=   47.1
Long=  -10.6
Height= 798
Start year= 1958
End year= 2000
First Good year= 1958
Source ID= 73
Source file= Jones
Jones data to= 2000
Normals source= Data
Normals source start year= 1961
Normals source end year= 1990
Normals=  -1.5   1.0   4.8   8.6  13.0  16.0  18.0  17.5  14.9  10.2   3.4  -1.1 
Standard deviations source= Data
Standard deviations source start year= 1958
Standard deviations source end year= 1990
Standard deviations=   2.1   2.4   2.1   1.6   1.4   1.1   1.3   1.1   1.5   1.7   1.3   1.9 
Obs:
1958  -2.6   2.1   0.5   6.4  15.6  15.6  18.2  18.3  16.6   8.8   3.6  -0.6   506   506   506   506   506   506   506   506   506   506   506   506 
1959  -2.0   2.4   8.0   9.8  13.3  15.6  18.8  16.7  15.8  10.5   2.8  -0.2   506   506   506   506   506   506   506   506   506   506   506   506 
1960  -1.9   1.5   6.1   8.4  13.8  17.4  15.9  16.9  13.2   9.2   5.0  -1.2   506   506   506   506   506   506   506   506   506   506   506   506 
1961  -1.6   3.4   6.7  12.2  11.6  17.4  17.1  17.7  18.9  11.7   3.5  -0.5   506   506   506   506   506   506   506   506   506   506   506   506 
1962  -0.8  -0.6   1.8   7.7  10.9  14.8  17.5  18.7  14.8  10.5   2.1  -4.9   506   506   506   506   506   506   506   506   506   506   506   506 
1963  -7.0  -3.5   3.5   9.9  12.6  16.4  18.9  17.1  15.2   9.6   6.3  -3.5   506   506   506   506   506   506   506   506   506   506   506   506 
1964  -3.7   3.0   4.0  10.2  14.4  17.8  19.0  17.1  15.0   7.6   4.6  -2.2   506   506   506   506   506   506   506   506   506   506   506   506 
1965   0.1  -2.7   4.3   7.1  11.7  16.4  16.7  16.7  13.2  10.4   3.0   0.0   506   506   506   506   506   506   506   506   506   506   506   506 
1966  -4.5   5.4   3.5  10.3  13.0  17.0  15.8  15.2  16.2  12.2   1.2  -1.2   506   506   506   506   506   506   506   506   506   506   506   506 
1967  -1.1   1.9   5.6   7.2  12.9  14.9  19.3  18.1  14.1  11.7   4.5  -2.3   506   506   506   506   506   506   506   506   506   506   506   506 
1968  -3.0   1.5   4.6  10.8  12.6  16.5  17.0  16.1  13.9  11.2   4.1  -3.2   506   506   506   506   506   506   506   506   506   506   506   506 
1969  -1.2  -1.4   5.2   8.6  14.8  14.5  19.1  16.0  16.3  11.7   3.8  -6.5   506   506   506   506   506   506   506   506   506   506   506   506 
1970  -0.6  -1.0   1.9   6.2  11.2  17.7  17.9  17.3  15.7   9.1   5.1  -2.3   506   506   506   506   506   506   506   506   506   506   506   506 
1971  -1.7   0.5   1.1  11.2  14.9  14.8  18.8  19.4  13.4  10.2   2.2  -0.3   506   506   506   506   506   506   506   506   506   506   506   506 
1972  -0.7   4.5   7.7   7.8  12.4  15.7  17.1  17.5  11.9   8.2   2.8  -1.2   506   506   506   506   506   506   506   506   506   506   506   506 
1973  -1.2  -0.8   3.3   5.7  14.5  17.3  16.8  19.5  15.5   8.2   3.4  -1.1   506   506   506   506   506   506   506   506   506   506   506   506 
1974   1.2   2.7   6.7   8.4  12.1  14.6  17.5  18.7  14.3   4.5   3.5   0.9   506   506   506   506   506   506   506   506   506   506   506   506 
1975   1.6   1.9   4.5   8.0  13.7  14.4  17.8  17.3  16.9   8.7   2.1  -2.6   506   506   506   506   506   506   506   506   506   506   506   506 
1976   0.4   3.3   4.3   8.9  14.1  17.8  18.6  15.4  13.1  11.4   3.5  -3.3   506   506   506   506   506   506   506   506   506   506   506   506 
1977  -0.4   2.9   8.0   7.5  12.8  16.4  17.5  15.6  13.4  12.4   3.9   0.1   506   506   506   506   506   506   506   506   506   506   506   506 
1978  -1.3  -0.2   5.1   7.7  11.2  15.3  17.1  16.9  14.3   9.3   3.6   0.2   506   506   506   506   506   506   506   506   506   506   506   506 
1979  -3.3   1.7   5.6   6.7  12.8  16.4  16.9  16.4  14.5  11.0   1.6   1.5   506   506   506   506   506   506   506   506   506   506   506   506 
1980  -3.2   2.7   5.2   5.7  11.2  14.3  15.7  19.0  15.8   8.3   2.5  -2.6   506   506   506   506   506   506   506   506   506   506   506   506 
1981  -4.3  -1.8   7.2  10.5  12.9  16.9  16.6  17.8  14.8   8.8   3.0  -1.8   506   506   506   506   506   506   506   506   506   506   506   506 
1982  -0.4   0.5   4.1   7.4  13.3  17.1  19.2  17.2  16.8   9.8   4.7   0.3   506   506   506   506   506   506   506   506   506   506   506   506 
1983   1.4  -2.5   6.0  10.0  11.9  16.9  21.7  18.3  15.1  10.2   3.0  -0.9   506   506   506   506   506   506   506   506   506   506   506   506 
1984  -0.5  -1.7   2.8   7.2  11.4  15.4  18.4  17.4  12.9  10.4   6.1   0.1   506   506   506   506   506   506   506   506   506   506   506   506 
1985  -5.4   0.3   4.2   8.4  13.7  14.8  19.6  17.5  16.2  10.3  -0.1   2.2   506   506   506   506   506   506   506   506   506   506   506   506 
1986  -1.9  -3.5   5.1   8.2  15.8  16.5  17.7  18.0  15.2  11.6   4.7  -0.2   506   506   506   506   506   506   506   506   506   506   506   506 
1987  -4.5   2.1   1.8  10.0  11.1  15.3  19.1  17.5  17.2  11.7   4.4   1.8   506   506   506   506   506   506   506   506   506   506   506   506 
1988   2.5   1.4   2.9  10.5  15.0  15.7  19.4  18.5  14.7  12.2   2.4   0.5   506   506   506   506   506   506   506   506   506   506   506   506 
1989   0.9   4.4   9.0   9.5  13.6  14.4  18.0  18.0  15.1  11.2   3.9   0.9   506   506   506   506   506   506   506   506   506   506   506   506 
1990  -0.3   5.2   8.0   8.1  15.1  15.9  18.7  19.0  13.7  12.1   3.6  -2.0   506   506   506   506   506   506   506   506   506   506   506   506 
1991  -0.3  -0.2   8.8   8.0   9.7  16.1  20.0  19.4  17.6   9.4   3.6  -1.4   506   506   506   506   506   506   506   506   506   506   506   506 
1992  -1.4   2.0   6.0   8.9  15.3  16.7  20.2  21.7  15.6   8.1   5.5   0.1   506   506   506   506   506   506   506   506   506   506   506   506 
1993   2.4   1.6   4.4  10.6  16.1  17.6  16.5  17.4  12.7   8.8   2.4   0.7   506   506   506   506   506   506   506   506   506   506   506   506 
1994   1.2   1.3   9.3   8.2  13.8  16.8  20.6  19.3  14.4   9.3   6.9   0.7   506   506   506   506   506   506   506   506   506   506   506   506 
1995  -2.8   3.6   3.3   9.1  13.3  14.0  20.5  16.5  11.9  11.9   2.5  -0.9   506   506   506   506   506   506   506   506   506   506   506   506 
1996   0.4  -0.3   3.7   9.4  13.2  17.2  16.9  16.5  10.8   9.0   4.1  -1.0   506   506   506   506   506   506   506   506   506   506   506   506 
1997  -0.2   3.3   7.2   6.7  13.5  16.4  16.4  18.6  15.8   9.4   4.2   1.4   506   506   506   506   506   506   506   506   506   506   506   506 
1998   0.3   4.4   5.2   9.3  14.4  17.5  18.8  18.5  13.2   9.0   0.6  -0.8   506   506   506   506   506   506   506   506   506   506   506   506 
1999   0.8  -1.9   6.0   9.1  14.7  15.2  18.4  17.4  15.7  10.1   1.9  -0.1   506   506   506   506   506   506   506   506   506   506   506   506 
2000  -2.6   2.3   5.6  10.2  14.9  17.9  16.0  18.5  14.4  10.5   4.5 -99.0   506   506   506   506   506   506   506   506   506   506   506   -99 
