Number= 111260
Name= Patscherkofel
Country= AUSTRIA
Lat=   47.2
Long=  -11.5
Height= 2247
Start year= 1931
End year= 2008
First Good year= 1931
Source ID= 49
Source file= Jones
Jones data to= 2008
Normals source= Data
Normals source start year= 1961
Normals source end year= 1990
Normals=  -7.2  -7.5  -5.9  -3.2   1.3   4.7   7.4   7.2   5.2   2.1  -3.2  -5.9 
Standard deviations source= Data
Standard deviations source start year= 1941
Standard deviations source end year= 1990
Standard deviations=   2.6   2.6   2.4   1.8   1.6   1.2   1.4   1.3   1.7   2.0   1.8   2.0 
Obs:
1931  -9.2 -10.5  -6.2  -4.4   1.8   7.2   6.6   5.6  -0.6  -0.4  -1.5  -7.2   506   506   506   506   506   506   506   506   506   506   506   506 
1932  -3.1 -11.9  -8.0  -4.7   1.8   4.6   7.8  10.4   8.2  -1.0  -2.6  -3.6   506   506   506   506   506   506   506   506   506   506   506   506 
1933  -9.6  -8.8  -4.3  -3.0  -2.1   2.0   7.7   7.8   5.2   0.4  -5.4  -8.9   506   506   506   506   506   506   506   506   506   506   506   506 
1934  -7.5  -6.5  -5.3   0.2   3.5   4.4   7.9   6.1   6.2   0.9  -2.9  -2.4   506   506   506   506   506   506   506   506   506   506   506   506 
1935 -10.9  -8.2  -7.5  -4.2  -0.8   7.3   7.6   6.3   5.6   0.6  -2.5  -7.4   506   506   506   506   506   506   506   506   506   506   506   506 
1936  -4.8  -7.4  -4.0  -2.6   1.9   4.2   6.1   6.7   4.2  -4.2  -3.1  -4.8   506   506   506   506   506   506   506   506   506   506   506   506 
1937  -5.8  -7.2  -7.3  -3.5   3.0   6.4   7.3   6.0   3.7   1.4  -4.4  -9.1   506   506   506   506   506   506   506   506   506   506   506   506 
1938  -8.9  -7.1  -3.5  -7.8   0.2   6.7   7.1   6.8   5.0   1.6  -0.2  -7.2   506   506   506   506   506   506   506   506   506   506   506   506 
1939  -6.1  -4.7 -10.1  -0.5  -0.6   5.8   6.9   7.4   3.8  -1.5  -1.7  -8.5   506   506   506   506   506   506   506   506   506   506   506   506 
1940  -9.3  -7.4  -7.1  -3.1   0.4   4.3   5.6   5.8   5.3   1.5  -3.0 -11.0   506   506   506   506   506   506   506   506   506   506   506   506 
1941  -8.6  -7.2  -4.8  -4.2  -1.7   5.7   8.1   6.7   4.4  -1.0  -3.8  -6.9   506   506   506   506   506   506   506   506   506   506   506   506 
1942 -12.9 -10.3  -2.5  -2.9   1.7   5.3   6.9   7.9   7.1   3.9  -4.7  -4.5   506   506   506   506   506   506   506   506   506   506   506   506 
1943  -6.9  -5.6  -2.9  -1.6   2.8   3.2   7.8   9.8   6.6   4.5  -5.8  -5.3   506   506   506   506   506   506   506   506   506   506   506   506 
1944  -5.1 -11.4 -11.1  -1.6   1.5   4.2   7.6  10.9   4.6  -0.4  -4.9  -8.3   506   506   506   506   506   506   506   506   506   506   506   506 
1945 -13.4  -4.3  -4.7  -1.9   3.5   5.7   8.8   7.3   4.9  -0.2  -3.7  -7.1   506   506   506   506   506   506   506   506   506   506   506   506 
1946  -7.2  -7.8  -3.4   0.9   3.7   4.0   7.7   6.8   6.5  -0.9  -3.9  -9.3   506   506   506   506   506   506   506   506   506   506   506   506 
1947 -11.2  -9.1  -5.1  -0.2   3.3   6.3   8.5   8.4   7.2   3.3  -3.1  -9.3   506   506   506   506   506   506   506   506   506   506   506   506 
1948  -5.8  -8.4  -2.4  -2.7   2.4   3.1   4.4   6.9   5.5   2.1  -0.9  -4.0   506   506   506   506   506   506   506   506   506   506   506   506 
1949  -5.7  -6.0  -8.9   0.5   0.7   3.5   7.0   6.8   7.3   3.0  -5.6  -4.9   506   506   506   506   506   506   506   506   506   506   506   506 
1950  -7.6  -5.5  -4.7  -4.7   2.9   7.1   9.3   7.9   3.9   0.9  -4.6  -8.8   506   506   506   506   506   506   506   506   506   506   506   506 
1951  -6.7  -8.3  -7.7  -4.0   0.5   4.3   6.9   7.6   5.9   0.9  -2.9  -3.8   506   506   506   506   506   506   506   506   506   506   506   506 
1952  -9.4 -10.5  -5.5  -0.5   0.4   5.9   9.4   8.3   0.7  -1.2  -7.0  -7.9   506   506   506   506   506   506   506   506   506   506   506   506 
1953  -9.6  -9.0  -4.6  -1.7   1.6   3.8   7.3   6.8   5.6   2.6   0.4  -3.4   506   506   506   506   506   506   506   506   506   506   506   506 
1954 -11.7  -8.8  -4.9  -5.3  -0.9   4.7   3.9   5.7   5.0   1.0  -3.4  -4.9   506   506   506   506   506   506   506   506   506   506   506   506 
1955  -4.2  -8.6  -6.4  -3.3   1.0   5.2   7.2   6.6   4.7   0.1  -3.2  -3.2   506   506   506   506   506   506   506   506   506   506   506   506 
1956  -5.9 -15.5  -6.4  -5.0   2.1   2.6   7.8   7.3   7.6   0.4  -5.1  -5.4   506   506   506   506   506   506   506   506   506   506   506   506 
1957  -6.2  -4.4  -0.6  -2.0  -0.9   7.1   7.2   5.9   4.7   3.5  -0.9  -5.3   506   506   506   506   506   506   506   506   506   506   506   506 
1958  -7.1  -5.7  -9.7  -6.0   4.7   3.9   7.5   8.2   6.5   0.7  -1.8  -5.4   506   506   506   506   506   506   506   506   506   506   506   506 
1959  -8.7  -3.7  -3.0  -2.2   1.3   4.3   8.2   6.0   5.9   1.3  -3.3  -5.6   506   506   506   506   506   506   506   506   506   506   506   506 
1960  -8.4  -6.2  -5.2  -3.8   1.8   5.5   4.6   6.5   2.7  -0.6  -3.1  -6.2   506   506   506   506   506   506   506   506   506   506   506   506 
1961  -6.5  -4.5  -3.6   0.3  -0.8   5.8   5.5   6.9   8.7   2.5  -2.7  -5.6   506   506   506   506   506   506   506   506   506   506   506   506 
1962  -6.8  -9.4 -10.0  -3.9  -1.2   2.7   5.9   8.7   4.2   2.4  -5.4  -8.3   506   506   506   506   506   506   506   506   506   506   506   506 
1963 -12.9 -10.9  -5.7  -2.2   0.5   5.1   7.9   6.4   5.6   2.0  -1.4  -6.7   506   506   506   506   506   506   506   506   506   506   506   506 
1964  -5.3  -6.6  -5.9  -2.0   2.7   6.3   8.1   6.0   5.3  -1.7  -2.0  -5.9   506   506   506   506   506   506   506   506   506   506   506   506 
1965  -7.6 -13.0  -6.5  -5.2  -0.8   5.0   6.0   5.7   3.2   4.2  -5.0  -6.3   506   506   506   506   506   506   506   506   506   506   506   506 
1966  -9.7  -3.2  -8.1  -1.3   1.1   5.2   5.0   5.6   6.6   2.7  -6.9  -7.8   506   506   506   506   506   506   506   506   506   506   506   506 
1967  -8.0  -6.9  -5.4  -4.2   1.3   3.9   9.1   7.5   4.8   4.5  -0.7  -8.0   506   506   506   506   506   506   506   506   506   506   506   506 
1968  -9.6  -6.6  -5.2  -0.8   1.0   5.0   6.3   5.4   3.9   4.1  -1.7  -7.4   506   506   506   506   506   506   506   506   506   506   506   506 
1969  -5.8 -11.0  -5.6  -3.1   3.6   3.0   8.0   5.6   6.5   4.6  -3.8 -10.2   506   506   506   506   506   506   506   506   506   506   506   506 
1970  -6.3 -10.4  -9.0  -5.4  -1.1   6.2   6.9   7.3   6.3   1.5  -1.2  -6.6   506   506   506   506   506   506   506   506   506   506   506   506 
1971  -7.0  -8.3 -10.3  -0.7   3.4   3.7   8.5   9.4   3.2   3.4  -4.3  -2.4   506   506   506   506   506   506   506   506   506   506   506   506 
1972  -6.9  -5.3  -2.9  -3.4   0.4   4.6   6.7   6.7   1.0   0.0  -3.0  -3.5   506   506   506   506   506   506   506   506   506   506   506   506 
1973  -5.7  -9.2  -7.0  -6.3   2.5   6.1   6.4   9.4   6.0   0.8  -3.7  -7.0   506   506   506   506   506   506   506   506   506   506   506   506 
1974  -3.9  -6.6  -3.7  -3.5   0.3   3.1   6.7   9.0   4.5  -6.3  -4.7  -5.0   506   506   506   506   506   506   506   506   506   506   506   506 
1975  -4.2  -5.9  -6.7  -3.2   2.1   3.5   7.3   7.7   7.3   0.9  -3.8  -4.1   506   506   506   506   506   506   506   506   506   506   506   506 
1976  -8.1  -4.7  -7.0  -2.9   2.5   6.5   8.1   4.8   2.6   2.6  -4.6  -8.5   506   506   506   506   506   506   506   506   506   506   506   506 
1977  -7.2  -6.3  -2.2  -4.0   1.4   4.9   7.1   5.9   3.3   4.1  -4.5  -3.9   506   506   506   506   506   506   506   506   506   506   506   506 
1978  -7.3  -8.1  -5.5  -4.2  -0.7   4.2   6.1   6.0   4.1   2.1  -0.6  -4.5   506   506   506   506   506   506   506   506   506   506   506   506 
1979 -10.2  -7.1  -5.1  -5.2   1.4   5.9   6.1   6.2   5.3   2.8  -4.2  -4.5   506   506   506   506   506   506   506   506   506   506   506   506 
1980  -8.9  -5.9  -5.8  -6.0  -0.4   3.1   5.5   8.6   6.5  -0.1  -3.4  -7.9   506   506   506   506   506   506   506   506   506   506   506   506 
1981 -10.0  -8.9  -2.8  -0.9   1.7   5.8   6.1   7.7   5.1   0.0  -4.8  -9.5   506   506   506   506   506   506   506   506   506   506   506   506 
1982  -5.4  -6.8  -6.6  -4.8   2.1   6.6   9.4   7.5   7.8   1.0  -1.6  -6.1   506   506   506   506   506   506   506   506   506   506   506   506 
1983  -4.1 -10.0  -4.0  -2.1   0.9   6.1  11.8   7.9   5.8   2.1  -1.4  -5.3   506   506   506   506   506   506   506   506   506   506   506   506 
1984  -8.2 -10.2  -8.2  -4.5  -0.9   4.2   7.5   6.8   3.0   2.2   0.4  -4.9   506   506   506   506   506   506   506   506   506   506   506   506 
1985 -11.9  -7.3  -7.0  -3.3   2.3   3.5   9.4   7.6   7.2   3.0  -6.4  -2.8   506   506   506   506   506   506   506   506   506   506   506   506 
1986  -9.1 -11.5  -4.7  -3.8   4.8   5.4   7.2   7.6   5.9   3.5  -1.5  -5.8   506   506   506   506   506   506   506   506   506   506   506   506 
1987  -9.2  -5.8  -9.8  -1.8  -1.2   4.1   8.4   7.5   8.3   3.3  -3.2  -2.6   506   506   506   506   506   506   506   506   506   506   506   506 
1988  -4.7  -8.2  -8.1  -1.3   3.6   4.5   8.6   8.4   4.9   3.7  -3.8  -5.6   506   506   506   506   506   506   506   506   506   506   506   506 
1989  -1.5  -3.3  -2.0  -2.9   2.2   3.2   7.9   7.5   4.9   2.8  -3.0  -2.5   506   506   506   506   506   506   506   506   506   506   506   506 
1990  -3.9  -2.6  -2.3  -3.8   3.5   5.1   8.2   9.0   3.6   3.4  -4.1  -8.4   506   506   506   506   506   506   506   506   506   506   506   506 
1991  -4.4  -8.7  -2.2  -4.2  -2.6   4.3   9.6   9.3   7.2   0.8  -3.1  -5.7   506   506   506   506   506   506   506   506   506   506   506   506 
1992  -4.0  -6.0  -4.9  -2.8   3.7   5.4   9.2  11.4   5.4  -1.1  -1.1  -3.9   506   506   506   506   506   506   506   506   506   506   506   506 
1993  -3.7  -5.6  -6.4  -1.3   4.3   6.5   6.5   8.5   3.5   1.2  -4.7  -5.3   506   506   506   506   506   506   506   506   506   506   506   506 
1994  -5.8  -7.3  -1.5  -3.6   3.0   6.3  10.8   9.9   5.2   1.3   0.3  -3.8   506   506   506   506   506   506   506   506   506   506   506   506 
1995  -9.0  -4.2  -7.3  -2.2   2.1   3.6  10.9   7.0   2.2   6.1  -4.5  -6.4   506   506   506   506   506   506   506   506   506   506   506   506 
1996  -3.7  -9.5  -7.2  -1.9   2.6   7.2   6.8   7.0   0.8   0.9  -3.7  -5.2   506   506   506   506   506   506   506   506   506   506   506   506 
1997  -3.1  -4.1  -2.6  -4.9   2.8   5.7   6.6   9.2   8.0   1.4  -2.3  -5.5   506   506   506   506   506   506   506   506   506   506   506   506 
1998  -5.3  -1.5  -5.9  -2.6   3.0   6.8   8.5   9.1   3.9   0.4  -6.7  -6.0   506   506   506   506   506   506   506   506   506   506   506   506 
1999  -4.8  -9.9  -4.7  -2.3   4.4   5.2   8.5   8.3   7.1   2.2  -4.7  -6.6   506   506   506   506   506   506   506   506   506   506   506   506 
2000  -7.1  -5.8  -4.7  -0.6   4.6   8.6   5.5   9.6   5.9   2.5  -2.9  -3.3   506   506   506   506   506   506   506   506   506   506   506   506 
2001  -6.6  -6.7  -2.8  -3.8   5.0   4.6   8.6  10.2   2.3   6.1  -3.7  -9.2   506   506   506   506   506   506   506   506   506   506   506   506 
2002  -4.4  -4.0  -3.0  -2.5   3.5   9.1   8.6   8.1   2.9   1.5  -2.0  -4.1   506   506   506   506   506   506   506   506   506   506   506   506 
2003  -8.0  -8.8  -3.2  -2.8   5.1  11.5   9.7  12.1   5.4  -1.5  -0.2  -4.8   506   506   506   506   506   506   506   506   506   506   506   506 
2004  -9.0  -6.7  -5.4  -2.0   0.6   5.7   7.8   9.0   5.8   3.7  -3.4  -3.7   506   506   506   506   506   506   506   506   506   506   506   506 
2005  -7.7 -11.4  -4.8  -1.5   3.6   7.3   8.0   6.2   5.8   4.7  -3.9  -9.0   506   506   506   506   506   506   506   506   506   506   506   506 
2006  -7.2  -8.2  -6.8  -1.5   2.7   6.8  11.9   4.7   8.9   5.2  -0.9  -2.1   506   506   506   506   506   506   506   506   506   506   506   506 
2007  -3.9  -3.8  -4.1   3.2   4.1   7.5   8.5   7.7   2.9   1.2  -5.0  -5.6   506   506   506   506   506   506   506   506   506   506   506   506 
2008  -4.4  -3.6  -6.6  -3.2   4.1   7.7   7.9   8.8   3.3   2.9  -3.2  -6.4   506   506   506   506   506   506   506   506   506   506   506   506 
