Number= 116560
Name= HAVLICKUV BROD
Country= CZECH REPUBLI
Lat=   49.6
Long=  -15.6
Height= 455
Start year= 1950
End year= 2017
First Good year= 1950
Source ID= 73
Source file= Jones
Jones data to= 2017
Normals source= Data
Normals source start year= 1961
Normals source end year= 1990
Normals=  -3.1  -1.3   2.3   7.1  12.2  15.4  16.7  16.1  12.5   7.8   2.6  -1.3 
Standard deviations source= Data
Standard deviations source start year= 1950
Standard deviations source end year= 1990
Standard deviations=   2.6   3.3   2.3   1.6   1.4   1.1   1.3   1.0   1.3   1.4   1.6   2.1 
Obs:
1950  -5.0   0.0   3.5   7.6  14.0  17.2  18.3  17.4  12.6   5.9   2.4  -2.4   506   506   506   506   506   506   506   506   506   506   506   506 
1951   0.0   1.0   1.3   6.9  11.6  15.5  17.0  17.7  14.1   6.3   5.0  -0.2   506   506   506   506   506   506   506   506   506   506   506   506 
1952  -1.7  -2.3  -0.8   9.9  10.6  14.6  18.3  18.0  10.0   6.1   1.2  -3.5   506   506   506   506   506   506   506   506   506   506   506   506 
1953  -2.8  -2.0   2.6   8.9  11.2  16.4  18.2  15.2  13.0   9.5   2.2  -0.4   506   506   506   506   506   506   506   506   506   506   506   506 
1954  -7.1  -8.2   3.5   4.5  11.7  16.3  14.8  16.1  14.0   7.5   1.3   1.4   506   506   506   506   506   506   506   506   506   506   506   506 
1955  -3.8  -3.4  -0.6   4.4  10.6  14.5  16.9  16.3  12.7   7.1   2.1   0.2   506   506   506   506   506   506   506   506   506   506   506   506 
1956  -2.2 -13.1  -0.1   5.5  11.4  13.8  17.1  15.4  13.4   7.3  -0.6  -0.5   506   506   506   506   506   506   506   506   506   506   506   506 
1957  -2.6   1.5   4.1   6.9   9.6  17.1  18.0  14.8  11.2   8.2   4.1  -0.7   506   506   506   506   506   506   506   506   506   506   506   506 
1958  -3.0   0.6  -2.0   4.6  15.4  15.1  17.6  16.9  13.2   8.7   4.4   0.5   506   506   506   506   506   506   506   506   506   506   506   506 
1959  -2.1  -2.7   5.4   8.9  13.0  16.4  18.4  16.7  11.5   7.1   3.0   1.1   506   506   506   506   506   506   506   506   506   506   506   506 
1960  -3.0  -3.0   2.8   6.9  12.2  16.2  15.7  16.9  11.9   8.6   4.6   1.1   506   506   506   506   506   506   506   506   506   506   506   506 
1961  -3.4   1.7   4.9  11.3  10.8  16.7  15.9  16.2  15.1   9.1   2.8  -3.4   506   506   506   506   506   506   506   506   506   506   506   506 
1962  -1.5  -2.2  -0.9   8.7  10.4  14.5  15.4  16.8  12.1   7.3   2.3  -5.7   506   506   506   506   506   506   506   506   506   506   506   506 
1963  -8.4  -7.2   0.7   8.6  12.3  16.9  18.6  17.0  14.3   7.6   6.2  -6.1   506   506   506   506   506   506   506   506   506   506   506   506 
1964  -6.4  -2.5  -0.9   8.3  12.3  17.4  17.6  14.7  11.9   6.7   3.7  -1.8   506   506   506   506   506   506   506   506   506   506   506   506 
1965  -1.3  -4.9   0.3   6.1  10.1  15.5  15.9  14.2  12.7   5.9  -0.8  -0.3   506   506   506   506   506   506   506   506   506   506   506   506 
1966  -6.5   3.8   2.0   8.7  11.9  15.8  15.4  14.8  11.3  11.2   1.7  -0.8   506   506   506   506   506   506   506   506   506   506   506   506 
1967  -2.9   0.1   3.8   6.1  12.5  14.9  18.0  16.0  13.2  10.2   2.6  -1.5   506   506   506   506   506   506   506   506   506   506   506   506 
1968  -4.3  -0.4   3.1   8.4  11.2  16.4  16.2  15.6  12.5   8.2   4.0  -4.1   506   506   506   506   506   506   506   506   506   506   506   506 
1969  -3.0  -3.1  -0.5   6.8  14.8  15.0  17.9  15.4  12.7   8.7   4.0  -6.5   506   506   506   506   506   506   506   506   506   506   506   506 
1970  -3.9  -2.7   0.3   5.8  10.8  16.4  16.5  15.9  11.5   6.9   4.7  -1.0   506   506   506   506   506   506   506   506   506   506   506   506 
1971  -4.0  -0.4  -0.2   7.8  13.6  13.8  17.6  18.4  10.3   6.3   2.3   1.9   506   506   506   506   506   506   506   506   506   506   506   506 
1972  -3.9   1.4   4.3   6.8  11.9  15.5  17.5  15.8   9.7   5.2   3.1  -1.4   506   506   506   506   506   506   506   506   506   506   506   506 
1973  -2.4  -0.2   2.6   4.6  12.0  14.8  16.0  16.2  12.9   5.6   1.1  -1.6   506   506   506   506   506   506   506   506   506   506   506   506 
1974   0.2   2.6   5.7   6.9  10.5  12.9  14.8  17.1  12.2   4.0   2.7   2.9   506   506   506   506   506   506   506   506   506   506   506   506 
1975   2.0  -1.7   3.0   6.5  12.5  14.3  17.3  16.8  15.3   6.9   0.7  -1.2   506   506   506   506   506   506   506   506   506   506   506   506 
1976  -1.4  -1.2  -0.8   6.6  12.4  15.7  17.9  14.2  11.4   9.0   4.2  -2.6   506   506   506   506   506   506   506   506   506   506   506   506 
1977  -2.0   0.3   5.2   5.5  11.8  15.9  16.1  15.5  10.5   8.9   3.7  -1.7   506   506   506   506   506   506   506   506   506   506   506   506 
1978  -0.9  -3.1   4.1   6.2  11.0  14.1  14.6  14.2  11.5   8.0   1.2  -0.9   506   506   506   506   506   506   506   506   506   506   506   506 
1979  -6.1  -2.0   3.2   6.3  13.4  17.9  15.1  15.4  12.9   8.0   2.4   2.6   506   506   506   506   506   506   506   506   506   506   506   506 
1980  -5.6   0.3   1.8   4.2   9.7  14.4  14.5  15.7  12.0   7.1   1.7  -1.0   506   506   506   506   506   506   506   506   506   506   506   506 
1981  -4.4  -1.5   5.8   6.2  12.6  16.4  15.8  15.9  13.1   8.2   3.1  -3.1   506   506   506   506   506   506   506   506   506   506   506   506 
1982  -5.6  -2.5   3.2   4.9  12.3  16.1  17.8  17.1  15.0   8.4   3.6   0.4   506   506   506   506   506   506   506   506   506   506   506   506 
1983   2.3  -4.1   3.0   8.9  13.1  16.2  19.9  17.3  13.3   7.8   1.2  -1.3   506   506   506   506   506   506   506   506   506   506   506   506 
1984  -1.3  -2.0   1.0   6.3  11.7  14.5  14.9  15.7  12.0   8.9   4.3  -1.1   506   506   506   506   506   506   506   506   506   506   506   506 
1985  -8.3  -6.0   2.2   7.1  13.7  13.4  17.7  16.7  12.7   7.4  -0.3   1.9   506   506   506   506   506   506   506   506   506   506   506   506 
1986  -2.0  -7.3   2.1   8.8  14.9  15.6  16.3  16.8  11.3   8.4   3.6  -0.4   506   506   506   506   506   506   506   506   506   506   506   506 
1987  -7.6  -1.2  -2.0   8.2  10.6  14.8  17.7  14.9  14.6   8.8   3.6   0.6   506   506   506   506   506   506   506   506   506   506   506   506 
1988   1.3   0.7   1.1   8.0  14.5  15.6  17.9  17.1  12.8   8.6  -0.3   0.7   506   506   506   506   506   506   506   506   506   506   506   506 
1989  -0.2   2.2   5.8   8.6  13.1  14.8  17.4  16.7  13.5   9.2   0.8  -0.4   506   506   506   506   506   506   506   506   506   506   506   506 
1990  -0.2   3.0   6.0   6.2  13.0  15.4  16.5  17.5  11.0   8.8   3.7  -1.3   506   506   506   506   506   506   506   506   506   506   506   506 
1991  -0.5  -4.4   4.7   6.0   8.4  14.6  18.7  16.9  13.8   6.8   2.7  -3.0   506   506   506   506   506   506   506   506   506   506   506   506 
1992  -0.8   0.7   3.0   7.3  13.7  17.5  19.0  20.9  12.7   5.9   3.1  -1.9   506   506   506   506   506   506   506   506   506   506   506   506 
1993  -0.1  -3.8   0.9   8.5  15.0  15.4  15.9  16.5  12.1   7.8  -0.2   1.5   506   506   506   506   506   506   506   506   506   506   506   506 
1994   1.9  -0.8   5.4   7.6  12.6  16.5  21.1  18.1  13.6   5.7   5.0   0.5   506   506   506   506   506   506   506   506   506   506   506   506 
1995  -2.2   3.3   2.0   8.1  12.3  14.8  19.9  17.0  12.0  10.0  -0.1  -3.0   506   506   506   506   506   506   506   506   506   506   506   506 
1996  -4.7  -5.2  -1.1   7.3  13.0  15.9  15.5  16.4   9.6   9.1   4.8  -5.7   506   506   506   506   506   506   506   506   506   506   506   506 
1997  -4.5   1.1   3.5   4.7  12.9  16.5  16.6  18.3  12.8   5.8   3.1   0.6   506   506   506   506   506   506   506   506   506   506   506   506 
1998  -0.3   2.6   2.6   9.4  13.6  17.5  18.0  17.3  12.6   8.6   0.1  -2.2   506   506   506   506   506   506   506   506   506   506   506   506 
1999  -0.6  -2.1   4.3   8.5  13.5  15.6  19.3  17.3  16.2   8.2   1.5  -0.5   506   506   506   506   506   506   506   506   506   506   506   506 
2000  -2.8   2.2   3.3  11.5  15.2  17.5  15.6  18.8  12.7  11.2   5.6   0.6   506   506   506   506   506   506   506   506   506   506   506   506 
2001  -2.2  -0.5   3.4   7.1  14.4  14.4  17.7  17.9  11.2  11.8   1.4  -4.6   506   506   506   506   506   506   506   506   506   506   506   506 
2002  -2.0   3.3   3.9   7.5  16.1  17.5  18.9  18.5  11.8   6.8   4.7  -2.8   506   506   506   506   506   506   506   506   506   506   506   506 
2003  -2.6  -5.5   3.3   6.9  15.7  19.7  18.6  20.3  13.2   5.1   4.9  -1.1   506   506   506   506   506   506   506   506   506   506   506   506 
2004  -4.6   0.2   2.0   8.8  11.0  15.7  17.6  18.4  12.6   9.2   3.5  -0.9   506   506   506   506   506   506   506   506   506   506   506   506 
2005  -0.8  -3.8   0.9   9.2  13.3  15.8  17.6  15.8  14.2   9.4   2.0  -1.7   506   506   506   506   506   506   506   506   506   506   506   506 
2006  -6.4  -3.7  -0.7   8.4  12.8  17.2  20.8  14.9  15.8  10.5   5.6   2.2   506   506   506   506   506   506   506   506   506   506   506   506 
2007   3.4   2.9   4.9   9.2  14.3  18.9  18.4  18.1  11.2   7.2   0.8  -1.4   506   506   506   506   506   506   506   506   506   506   506   506 
2008   1.1   1.9   2.7   8.0  13.9  18.0  17.9  18.0  12.5   8.3   4.6   0.4   506   506   506   506   506   506   506   506   506   506   506   506 
2009  -4.1  -1.1   3.0  12.3  13.4  15.4  18.6  18.6  14.7   7.3   5.4  -0.6   506   506   506   506   506   506   506   506   506   506   506   506 
2010  -4.6  -1.6   2.6   8.1  12.2  17.2  20.5  17.5  11.6   6.4   5.5  -4.5   506   506   506   506   506   506   506   506   506   506   506   506 
2011  -0.9  -1.7   4.0  10.6  13.8  17.5  17.0  18.6  14.7   7.9   2.7   2.1   506   506   506   506   506   506   506   506   506   506   506   506 
2012   0.0  -5.3   5.2   8.8  15.1  17.8  18.9  18.7  13.5   7.8   5.5  -1.2   506   506   506   506   506   506   506   506   506   506   506   506 
2013  -1.4  -0.7   0.1   8.6  12.6  16.3  20.1  18.1  12.0   9.4   4.3   1.5   506   506   506   506   506   506   506   506   506   506   506   506 
2014   0.6   2.1   6.1  10.0  12.5  16.6  19.9  16.3  14.3  10.0   6.4   1.9   506   506   506   506   506   506   506   506   506   506   506   506 
2015   1.3   0.4   4.2   8.2  13.0  16.8  20.9  21.7  13.4   8.4   5.9   4.0   506   506   506   506   506   506   506   506   506   506   506   506 
2016  -1.4   3.6   3.5   7.9 -99.0  18.0  19.3  17.7  16.0   7.6   2.8  -0.5   506   506   506   506   -99   506   506   506   506   506   506   506 
2017  -5.7   1.1 -99.0 -99.0 -99.0 -99.0 -99.0 -99.0 -99.0 -99.0 -99.0 -99.0   506   506   -99   -99   -99   -99   -99   -99   -99   -99   -99   -99 
