Number= 119160
Name= CHOPOK--------------
Country= SLOVAKIA-----
Lat=   49.0
Long=  -19.6
Height= 2012
Start year= 1956
End year= 2012
First Good year= 1956
Source ID= 84
Source file= Jones
Jones data to= 2012
Normals source= Data
Normals source start year= 1961
Normals source end year= 1990
Normals=  -9.1  -8.9  -6.7  -2.6   2.1   5.3   7.0   7.0   4.3   0.9  -4.2  -7.4 
Standard deviations source= Data
Standard deviations source start year= 1956
Standard deviations source end year= 1990
Standard deviations=   2.3   2.9   2.3   1.5   1.6   1.4   1.5   1.1   1.8   1.7   1.9   1.7 
Obs:
1956 -10.4 -15.9  -9.6  -4.1   1.3   5.0   6.6   6.5   4.9  -0.2  -7.7  -7.0   506   506   506   506   506   506   506   506   506   506   506   506 
1957  -7.2  -6.1  -5.2  -2.3   0.1   7.6   8.3   6.1   2.3   2.0  -2.4  -7.6   506   506   506   506   506   506   506   506   506   506   506   506 
1958  -9.2  -7.3 -10.8  -5.6   5.3   4.5   8.0   7.3   4.8   0.1  -1.1  -6.9   506   506   506   506   506   506   506   506   506   506   506   506 
1959 -10.3  -6.3  -2.3  -3.0   1.5   5.3   9.5   7.2   1.9   0.0  -2.8  -5.4   506   506   506   506   506   506   506   506   506   506   506   506 
1960  -9.3 -10.2  -5.4  -2.9   1.3   5.4   5.7   6.7   2.2   0.4  -2.9  -4.1   506   506   506   506   506   506   506   506   506   506   506   506 
1961  -9.2  -5.3  -5.1   0.4   0.0   6.7   5.6   6.9   7.5   2.1  -2.3  -9.0   506   506   506   506   506   506   506   506   506   506   506   506 
1962  -7.9 -10.8 -10.3  -0.6   0.1   3.4   5.0   8.5   2.8   2.6  -2.8  -9.8   506   506   506   506   506   506   506   506   506   506   506   506 
1963 -15.0 -11.4  -7.8  -1.5   3.3   5.8   9.4   8.2   6.3  -0.3  -1.5  -9.1   506   506   506   506   506   506   506   506   506   506   506   506 
1964  -8.5 -10.9  -7.7  -1.5   1.5   9.1   7.5   6.4   3.6   1.0  -4.3  -5.7   506   506   506   506   506   506   506   506   506   506   506   506 
1965  -7.9 -14.8  -6.7  -3.8  -0.4   5.2   5.9   5.0   4.5   1.8  -5.7  -8.7   506   506   506   506   506   506   506   506   506   506   506   506 
1966 -10.7  -4.1  -7.6  -0.5   2.7   5.7   6.6   7.1   3.8   3.8  -4.9  -8.4   506   506   506   506   506   506   506   506   506   506   506   506 
1967 -10.4  -8.9  -5.8  -3.3   2.6   5.4   9.2   7.2   6.6   3.3  -3.5  -9.5   506   506   506   506   506   506   506   506   506   506   506   506 
1968 -12.5  -7.6  -6.9  -0.3   3.0   6.9   5.9   6.1   4.5   1.1  -1.9  -7.8   506   506   506   506   506   506   506   506   506   506   506   506 
1969  -7.8  -9.8  -7.3  -3.4   4.6   4.8   7.3   6.3   4.7   2.7  -3.6  -8.8   506   506   506   506   506   506   506   506   506   506   506   506 
1970  -8.4 -11.7  -8.0  -3.9   0.1   5.4   6.9   7.5   2.8  -0.7  -2.4  -7.5   506   506   506   506   506   506   506   506   506   506   506   506 
1971  -6.0  -9.0  -8.8  -2.0   4.7   3.8   7.3   8.6   1.5  -0.1  -4.9  -5.0   506   506   506   506   506   506   506   506   506   506   506   506 
1972  -8.9  -5.7  -4.4  -1.7   2.1   5.9   9.5   6.9   0.7  -3.0  -4.9  -3.9   506   506   506   506   506   506   506   506   506   506   506   506 
1973  -6.7  -9.0  -6.8  -4.3   2.2   5.1   6.7   8.2   5.7  -0.8  -7.7  -8.8   506   506   506   506   506   506   506   506   506   506   506   506 
1974  -6.8  -5.7  -3.1  -3.8   0.4   3.2   5.5   9.2   4.9  -4.2  -5.4  -6.3   506   506   506   506   506   506   506   506   506   506   506   506 
1975  -6.1  -8.5  -4.6  -3.3   3.8   6.1   8.0   7.9   7.0   0.3  -5.2  -7.3   506   506   506   506   506   506   506   506   506   506   506   506 
1976 -10.9  -7.4 -10.5  -2.0   2.0   4.7   8.5   4.7   3.1   3.2  -3.9  -9.5   506   506   506   506   506   506   506   506   506   506   506   506 
1977  -8.0  -6.6  -3.2  -4.3   1.6   5.6   5.5   6.5   1.7   3.5  -5.5  -7.4   506   506   506   506   506   506   506   506   506   506   506   506 
1978  -8.9  -9.4  -6.4  -3.7  -0.3   4.1   4.9   4.4   1.9   1.3  -0.3  -7.0   506   506   506   506   506   506   506   506   506   506   506   506 
1979 -10.8  -8.6  -5.5  -3.3   2.5   8.3   4.4   6.4   5.7  -0.1  -4.3  -5.5   506   506   506   506   506   506   506   506   506   506   506   506 
1980 -10.4  -6.8  -7.0  -5.0  -0.7   3.7   5.4   6.3   3.4  -0.5  -4.9  -8.6   506   506   506   506   506   506   506   506   506   506   506   506 
1981 -11.4  -9.7  -3.8  -3.3   2.2   6.5   6.4   6.7   4.7   0.2  -6.2 -10.8   506   506   506   506   506   506   506   506   506   506   506   506 
1982  -8.0  -8.0  -6.1  -5.9   2.8   6.2   7.9   8.2   8.4   1.8  -2.2  -5.4   506   506   506   506   506   506   506   506   506   506   506   506 
1983  -7.2 -11.4  -5.5  -1.2   3.9   6.0   9.0   8.4   5.0   0.3  -5.2  -7.5   506   506   506   506   506   506   506   506   506   506   506   506 
1984  -9.2 -10.1  -8.2  -4.0   1.9   3.0   5.1   7.2   3.5   1.7  -1.8  -6.6   506   506   506   506   506   506   506   506   506   506   506   506 
1985 -12.8 -14.8  -5.9  -3.1   3.2   2.7   7.1   7.7   3.2   1.5  -7.2  -4.3   506   506   506   506   506   506   506   506   506   506   506   506 
1986 -10.9 -12.1  -5.5  -0.8   5.1   5.7   6.4   7.5   3.5   1.0  -2.2  -7.9   506   506   506   506   506   506   506   506   506   506   506   506 
1987 -12.3  -6.8 -11.6  -3.0   0.3   5.3   8.9   4.8   5.7   0.2  -4.0  -6.4   506   506   506   506   506   506   506   506   506   506   506   506 
1988  -5.6  -8.0  -9.1  -3.1   2.8   4.5   8.7   7.9   4.0   1.5  -7.9  -7.7   506   506   506   506   506   506   506   506   506   506   506   506 
1989  -4.4  -4.0  -4.4  -0.4   2.4   3.9   7.1   7.7   5.3   0.7  -4.8  -5.4   506   506   506   506   506   506   506   506   506   506   506   506 
1990 -99.0 -99.0 -99.0 -99.0 -99.0 -99.0 -99.0 -99.0 -99.0 -99.0 -99.0 -99.0   -99   -99   -99   -99   -99   -99   -99   -99   -99   -99   -99   -99 
1991  -6.8 -10.8  -2.6  -4.1  -1.4   4.5   8.7   7.0   4.6  -1.8  -3.3  -9.1   506   506   506   506   506   506   506   506   506   506   506   506 
1992  -6.1  -7.7  -6.7  -3.0   2.1   6.5   8.6  12.0   3.2  -2.5  -5.2  -5.8   506   506   506   506   506   506   506   506   506   506   506   506 
1993  -7.4  -7.9  -7.9  -2.4   5.1   4.6   5.7   7.4   3.0   2.1  -5.6  -6.4   506   506   506   506   506   506   506   506   506   506   506   506 
1994  -6.7  -7.9  -4.8  -2.2   1.9   5.9  10.8   8.5   6.5  -1.1  -3.0  -5.7   506   506   506   506   506   506   506   506   506   506   506   506 
1995  -9.9  -6.1  -7.8  -3.4   1.7   5.3  10.9   7.5   2.0   4.4  -6.4  -8.3   506   506   506   506   506   506   506   506   506   506   506   506 
1996  -7.5 -10.4 -10.1  -1.8   4.0   6.7   5.3   7.8   0.2   0.0  -3.2  -7.9   506   506   506   506   506   506   506   506   506   506   506   506 
1997  -4.6  -7.6  -6.8  -6.9   2.5   6.0   6.7   8.3   3.6  -2.8  -3.7  -6.3   506   506   506   506   506   506   506   506   506   506   506   506 
1998  -6.3  -4.8  -9.7  -1.3   1.8   6.9   7.4   7.8   3.6   0.3  -7.3  -8.5   506   506   506   506   506   506   506   506   506   506   506   506 
1999  -5.5 -10.1  -5.5  -1.4   2.1   7.1   9.0   7.0   7.0  -0.8  -4.4  -8.9   506   506   506   506   506   506   506   506   506   506   506   506 
2000 -10.8  -8.2  -7.2   0.4   4.8   6.8   5.7   9.5   4.2   4.2  -1.3  -4.3   506   506   506   506   506   506   506   506   506   506   506   506 
2001  -7.6  -8.4  -4.8  -2.6   3.7   3.9   8.5   9.3   2.3   4.3  -6.8 -11.1   506   506   506   506   506   506   506   506   506   506   506   506 
2002  -5.8  -5.2  -4.6  -2.5   5.1   7.0   9.5   8.8   2.9  -1.2  -2.9  -6.7   506   506   506   506   506   506   506   506   506   506   506   506 
2003  -8.7 -10.8  -6.3  -4.2   6.3   8.1   8.2   9.5   4.1  -3.9  -1.1  -5.8   506   506   506   506   506   506   506   506   506   506   506   506 
2004 -11.9  -9.0  -6.2  -1.6   0.2   4.9   7.2   7.9   3.2   1.6  -4.0  -5.0   506   506   506   506   506   506   506   506   506   506   506   506 
2005  -9.0 -11.0  -8.4  -1.3   3.2   4.8   8.4   7.0   5.5   2.0  -4.2  -8.6   506   506   506   506   506   506   506   506   506   506   506   506 
2006  -7.6 -10.2  -7.8  -1.2   1.5   6.3  10.7   6.0   5.9   2.8  -2.1  -3.0   506   506   506   506   506   506   506   506   506   506   506   506 
2007  -6.0  -6.8  -3.8  -0.8   4.5   7.8   9.0   8.8   2.6   0.2  -6.3  -5.0   506   506   506   506   506   506   506   506   506   506   506   506 
2008  -6.9  -6.5  -6.8  -1.8   3.9   7.6   7.7   8.1   2.8   2.5  -3.2  -7.0   506   506   506   506   506   506   506   506   506   506   506   506 
2009  -8.2 -10.3  -7.2   2.1   2.8   5.4   9.1   8.8   6.5  -0.9  -1.3  -7.6   506   506   506   506   506   506   506   506   506   506   506   506 
2010 -10.6  -8.3  -7.3  -2.1   2.6   7.2  10.3   8.1   2.6  -1.1  -2.3 -10.3   506   506   506   506   506   506   506   506   506   506   506   506 
2011  -8.1  -7.8  -4.9  -0.4   3.3   6.6   7.6   9.7   7.4  -0.2  -0.6  -6.4   506   506   506   506   506   506   506   506   506   506   506   506 
2012  -9.9 -11.8  -5.0  -1.3   4.0   7.6  10.0   9.7   6.3   2.1  -1.3  -8.2   506   506   506   506   506   506   506   506   506   506   506   506 
