Number= 483150
Name= THA_WANG_PHA
Country= THAILAND
Lat=   19.1
Long= -100.8
Height= 236
Start year= 1970
End year= 2013
First Good year= 1970
Source ID= 79
Source file= Jones
Jones data to= 2013
Normals source= Data
Normals source start year= 1970
Normals source end year= 1990
Normals=  20.8  23.2  26.3  28.7  28.4  27.9  27.2  27.0  27.2  26.3  23.8  20.6 
Standard deviations source= Data
Standard deviations source start year= 1970
Standard deviations source end year= 1990
Standard deviations=   1.3   1.0   0.8   1.1   0.7   0.5   0.5   0.6   0.4   0.8   1.1   1.3 
Obs:
1970  21.1  22.9  26.3  27.5  28.5  27.5  26.9  26.6  26.8  26.3  24.2  23.0   506   506   506   506   506   506   506   506   506   506   506   506 
1971  19.9  22.5  26.2  28.5  28.3  27.3  26.5  26.1  27.2  25.1  21.8  20.6   506   506   506   506   506   506   506   506   506   506   506   506 
1972  19.5  22.6  24.9  27.3  29.2  28.1  27.5  26.5  27.8  27.1  25.5  22.3   506   506   506   506   506   506   506   506   506   506   506   506 
1973  21.1  23.8  26.0  29.2  28.3  28.4  27.7  26.9  27.1  26.6  23.1  19.1   506   506   506   506   506   506   506   506   506   506   506   506 
1974  19.0  21.6  25.5  27.3  27.4  27.7  27.7  27.2  27.1  27.0  24.6  22.2   506   506   506   506   506   506   506   506   506   506   506   506 
1975  22.3  23.3  26.9  30.2  28.3  28.2  27.1  26.8  27.4  26.9  23.6  18.5   506   506   506   506   506   506   506   506   506   506   506   506 
1976  18.8  22.0  25.9  28.6  27.6  27.8  27.1  26.5  27.0  26.4  24.0  21.7   506   506   506   506   506   506   506   506   506   506   506   506 
1977  21.1  22.1  25.3  27.5  27.9  29.3  27.4  27.9  27.2  26.7  23.1  21.2   506   506   506   506   506   506   506   506   506   506   506   506 
1978  21.2  22.9  26.2  28.6  28.7  28.3  27.3  27.4  27.1  25.5  24.0  21.3   506   506   506   506   506   506   506   506   506   506   506   506 
1979  22.7  24.2  26.7  29.7  29.2  27.9  28.2  26.7  27.1  24.7  22.1  20.1   506   506   506   506   506   506   506   506   506   506   506   506 
1980  19.8  22.5  26.1  28.8  27.9  27.8  27.4  27.3  27.2  26.1  24.0  21.6   506   506   506   506   506   506   506   506   506   506   506   506 
1981  20.1  22.8  26.3  28.5  26.9  26.9  25.8  26.4  26.7  25.5  23.5  18.6   506   506   506   506   506   506   506   506   506   506   506   506 
1982  19.0  21.7  25.8  25.7  28.7  28.1  27.2  26.6  26.6  26.5  24.4  19.4   506   506   506   506   506   506   506   506   506   506   506   506 
1983  19.1  23.1  25.8  29.9  28.2  27.5  27.2  26.7  27.5  26.7  22.6  19.0   506   506   506   506   506   506   506   506   506   506   506   506 
1984  20.6  24.8  26.8  29.3  27.6  27.4  26.4  26.3  26.5  24.7  23.0  20.5   506   506   506   506   506   506   506   506   506   506   506   506 
1985  21.4  23.7  27.9  29.4  28.8  27.7  26.9  26.5  27.6  26.4  24.2  21.0   506   506   506   506   506   506   506   506   506   506   506   506 
1986  20.3  23.4  24.8  28.7  28.0  28.1  27.0  27.9  27.1  26.7  24.6  22.0   506   506   506   506   506   506   506   506   506   506   506   506 
1987  21.7  23.4  26.6  29.5  30.3  28.5  27.7  27.8  27.8  27.4  26.3  18.8   506   506   506   506   506   506   506   506   506   506   506   506 
1988  22.0  25.5  27.8  29.5  28.8  28.1  27.7  27.2  28.0  26.5  22.7  20.9   506   506   506   506   506   506   506   506   506   506   506   506 
1989  22.5  23.8  27.4  30.1  28.6  27.8  27.7  27.6  27.3  26.4  23.8  19.5   506   506   506   506   506   506   506   506   506   506   506   506 
1990  22.8  24.2  26.9  28.8  28.5  28.0  26.8  28.3  28.0  27.1  24.8  21.3   506   506   506   506   506   506   506   506   506   506   506   506 
1991  22.7  22.9  28.2  29.6  29.0  27.6  27.6  27.1  27.8  26.5  23.4  21.4   506   506   506   506   506   506   506   506   506   506   506   506 
1992  19.8  21.9  26.5  30.2  31.2  29.4  27.7  28.0  27.8  24.9  22.5  20.1   506   506   506   506   506   506   506   506   506   506   506   506 
1993  20.8  21.8  26.2  28.2  28.8  28.8  28.1  27.2  28.0  26.5  23.7  20.7   506   506   506   506   506   506   506   506   506   506   506   506 
1994  22.2  25.0  26.6  29.5  29.1  28.5  27.7  27.0  28.3  25.7  23.3  22.2   506   506   506   506   506   506   506   506   506   506   506   506 
1995  22.4  22.1  27.8  29.9  29.3  28.9  27.8  27.3  27.9  26.9  24.0  19.9   506   506   506   506   506   506   506   506   506   506   506   506 
1996  20.2  21.1  26.8  28.5  28.9  28.1  27.5  26.8  27.6  26.7  25.0  21.6   506   506   506   506   506   506   506   506   506   506   506   506 
1997 -99.0 -99.0 -99.0 -99.0 -99.0 -99.0 -99.0 -99.0 -99.0 -99.0 -99.0 -99.0   -99   -99   -99   -99   -99   -99   -99   -99   -99   -99   -99   -99 
1998 -99.0 -99.0 -99.0 -99.0 -99.0 -99.0 -99.0 -99.0 -99.0 -99.0 -99.0 -99.0   -99   -99   -99   -99   -99   -99   -99   -99   -99   -99   -99   -99 
1999 -99.0 -99.0 -99.0 -99.0 -99.0 -99.0 -99.0 -99.0 -99.0 -99.0 -99.0 -99.0   -99   -99   -99   -99   -99   -99   -99   -99   -99   -99   -99   -99 
2000 -99.0 -99.0 -99.0 -99.0 -99.0 -99.0 -99.0 -99.0 -99.0 -99.0 -99.0 -99.0   -99   -99   -99   -99   -99   -99   -99   -99   -99   -99   -99   -99 
2001 -99.0 -99.0 -99.0 -99.0 -99.0 -99.0 -99.0 -99.0 -99.0 -99.0 -99.0 -99.0   -99   -99   -99   -99   -99   -99   -99   -99   -99   -99   -99   -99 
2002 -99.0 -99.0 -99.0 -99.0 -99.0 -99.0 -99.0 -99.0 -99.0  26.1  24.3  23.3   -99   -99   -99   -99   -99   -99   -99   -99   -99   506   506   506 
2003 -99.0  23.3  25.2  28.9  29.4  28.2  28.1  27.6  27.5  27.1  24.1  20.8   -99   506   506   506   506   506   506   506   506   506   506   506 
2004  21.3  22.9  27.5  28.6  28.2  27.6  27.3  27.5  26.6  26.1  23.9  19.7   506   506   506   506   506   506   506   506   506   506   506   506 
2005  21.7  25.0  26.2  28.8  29.0  28.1  28.2  26.6  27.4  26.5 -99.0  21.1   506   506   506   506   506   506   506   506   506   506   -99   506 
2006  21.1  24.4  27.5  28.3  27.2  28.5  27.5  27.1  27.3  26.8  24.3 -99.0   506   506   506   506   506   506   506   506   506   506   506   -99 
2007  20.8  22.9  26.6  29.0  28.1  29.2  28.1  27.8  27.5  26.1  22.7  22.2   506   506   506   506   506   506   506   506   506   506   506   506 
2008  21.5  23.1  26.3  28.6  27.9  27.9  27.2  27.1  27.7  27.0  23.3  20.4   506   506   506   506   506   506   506   506   506   506   506   506 
2009  20.0  24.7  26.7  28.7  29.3  27.9  27.8  28.0  28.0  27.5  24.0  22.1   506   506   506   506   506   506   506   506   506   506   506   506 
2010  23.4  24.6  27.0  31.0  30.8  30.3  28.8  27.8  28.1  27.0  24.1  23.1   506   506   506   506   506   506   506   506   506   506   506   506 
2011  21.2  24.3  25.3  27.7  28.1  28.0  27.8  27.4  27.6  26.7  24.0  21.6   506   506   506   506   506   506   506   506   506   506   506   506 
2012  22.5  25.1  27.0  28.8  29.0 -99.0  27.6  27.7  28.1  27.4  26.9  23.9   506   506   506   506   506   -99   506   506   506   506   506   506 
2013  22.6  25.6  26.7  30.4  29.8  28.6  28.0  27.7  27.9  26.3  25.8  20.1   506   506   506   506   506   506   506   506   506   506   506   506 
