Number= 484400
Name= SA KAEW
Country= THAILAND
Lat=   13.8
Long= -102.0
Height= -9999
Start year= 2001
End year= 2010
First Good year= 2001
Source ID= 98
Source file= Jones
Jones data to= 2010
Normals source start year= 2001
Normals source end year= 1990
Normals= -99.0 -99.0 -99.0 -99.0 -99.0 -99.0 -99.0 -99.0 -99.0 -99.0 -99.0 -99.0 
Standard deviations source= Data
Standard deviations source start year= 2001
Standard deviations source end year= 1990
Obs:
2001  27.2  28.5  28.9  31.6  29.6  28.9  28.7  28.4  28.8  28.2  25.3  25.8   506   506   506   506   506   506   506   506   506   506   506   506 
2002  25.9  28.7  30.2  30.9  29.2  29.3  29.0  28.3  28.2  28.3  27.9  27.7   506   506   506   506   506   506   506   506   506   506   506   506 
2003  25.6  28.2  29.2  31.2  30.2  29.2  28.6  28.7  28.2  28.0  28.0  24.9   506   506   506   506   506   506   506   506   506   506   506   506 
2004  26.4  27.2  30.4  31.3  30.0  28.8  28.8  28.4  28.4  27.8  28.0  25.1   506   506   506   506   506   506   506   506   506   506   506   506 
2005  26.3  30.2  29.8  31.3  31.5  30.6  29.1  28.7  28.2  28.1  27.7  25.3   506   506   506   506   506   506   506   506   506   506   506   506 
2006  25.9  27.9  28.8  29.1  28.2  28.1  27.4  27.2  27.1  27.2  27.4  24.9   506   506   506   506   506   506   506   506   506   506   506   506 
2007  25.4  27.0  29.5  29.3  28.0  28.6  27.4  27.8  27.4  26.8  24.8  25.7   506   506   506   506   506   506   506   506   506   506   506   506 
2008  25.7  26.0  28.4  28.9  27.6  27.7  27.3  27.3  26.8  27.4  25.4  23.7   506   506   506   506   506   506   506   506   506   506   506   506 
2009  23.2  27.7  28.1  29.5  28.3  28.1  27.5  28.0  27.4  27.4  26.1  25.9   506   506   506   506   506   506   506   506   506   506   506   506 
2010  26.5  28.9  29.3  30.3  29.9  28.9  27.9  27.2  27.6  26.9  26.6  25.8   506   506   506   506   506   506   506   506   506   506   506   506 
