Number= 489460
Name= THAKHEK
Country= LAO P.D.R.
Lat=   17.4
Long= -104.8
Height= 150
Start year= 1987
End year= 2020
First Good year= 1987
Source ID= 85
Source file= Jones
Jones data to= 2000
Normals source start year= 1987
Normals source end year= 1990
Normals= -99.0 -99.0 -99.0 -99.0 -99.0 -99.0 -99.0 -99.0 -99.0 -99.0 -99.0 -99.0 
Standard deviations source= Data
Standard deviations source start year= 1987
Standard deviations source end year= 1990
Obs:
1987 -99.0 -99.0 -99.0 -99.0 -99.0 -99.0 -99.0  28.0  27.2  28.4  27.7  21.3   -99   -99   -99   -99   -99   -99   -99   506   506   506   506   506 
1988  25.1  26.7  28.3 -99.0  29.1  28.4  28.6  27.1  28.0  26.0  23.9  22.3   506   506   506   -99   506   506   506   506   506   506   506   506 
1989  23.5  24.9  26.2  30.1  28.9  27.8  27.9  27.4  27.8  26.6  25.0  23.2   506   506   506   506   506   506   506   506   506   506   506   506 
1990  24.1  25.0  26.0  29.2  28.2  27.3  26.6  27.5  27.5  27.2  25.8  23.9   506   506   506   506   506   506   506   506   506   506   506   506 
1991  25.0  25.8  29.2  30.7  30.1  27.6  27.7  26.7  27.9  27.3  25.2  23.6   506   506   506   506   506   506   506   506   506   506   506   506 
1992  22.2  24.7  29.5  32.0  30.2  27.7  27.6  28.0  27.9  26.2  24.2  24.2   506   506   506   506   506   506   506   506   506   506   506   506 
1993  22.3  25.3  28.7  30.1  28.5  28.1  28.1  27.2  28.0  26.9  26.1  22.8   506   506   506   506   506   506   506   506   506   506   506   506 
1994  24.4  26.9  26.5  30.7  30.0  27.1  27.2  27.1  27.7  26.8  26.1  25.1   506   506   506   506   506   506   506   506   506   506   506   506 
1995 -99.0 -99.0 -99.0 -99.0 -99.0 -99.0 -99.0 -99.0 -99.0 -99.0 -99.0 -99.0   -99   -99   -99   -99   -99   -99   -99   -99   -99   -99   -99   -99 
1996  24.3  23.6  29.1  28.1  28.8  29.0  28.1  27.8  27.3  27.7  26.2  23.0   506   506   506   506   506   506   506   506   506   506   506   506 
1997  23.8  24.6  27.3  28.3  29.1  28.2  27.1  27.1  27.5  28.3  27.1  25.7   506   506   506   506   506   506   506   506   506   506   506   506 
1998  26.0  26.7  29.9  31.4  30.7  29.2  29.2  29.0  27.6  27.9  26.6  24.3   506   506   506   506   506   506   506   506   506   506   506   506 
1999  24.3  26.3  27.7  27.8  26.5  27.2  27.3  26.7  26.7  26.3  24.1  19.1   506   506   506   506   506   506   506   506   506   506   506   506 
2000  22.4  22.8  26.9  27.6  27.1  27.0  26.7  26.8  26.0  26.4  23.2  23.0   506   506   506   506   506   506   506   506   506   506   506   506 
2001 -99.0 -99.0 -99.0 -99.0 -99.0 -99.0 -99.0 -99.0 -99.0 -99.0 -99.0 -99.0   -99   -99   -99   -99   -99   -99   -99   -99   -99   -99   -99   -99 
2002 -99.0 -99.0 -99.0 -99.0 -99.0 -99.0 -99.0 -99.0 -99.0 -99.0 -99.0 -99.0   -99   -99   -99   -99   -99   -99   -99   -99   -99   -99   -99   -99 
2003 -99.0 -99.0 -99.0 -99.0 -99.0 -99.0 -99.0 -99.0 -99.0 -99.0 -99.0 -99.0   -99   -99   -99   -99   -99   -99   -99   -99   -99   -99   -99   -99 
2004 -99.0 -99.0 -99.0 -99.0 -99.0 -99.0 -99.0 -99.0 -99.0 -99.0 -99.0 -99.0   -99   -99   -99   -99   -99   -99   -99   -99   -99   -99   -99   -99 
2005 -99.0 -99.0 -99.0 -99.0 -99.0 -99.0 -99.0 -99.0 -99.0 -99.0 -99.0 -99.0   -99   -99   -99   -99   -99   -99   -99   -99   -99   -99   -99   -99 
2006 -99.0 -99.0 -99.0 -99.0 -99.0 -99.0 -99.0 -99.0 -99.0 -99.0 -99.0 -99.0   -99   -99   -99   -99   -99   -99   -99   -99   -99   -99   -99   -99 
2007 -99.0 -99.0 -99.0 -99.0 -99.0 -99.0 -99.0 -99.0 -99.0 -99.0 -99.0 -99.0   -99   -99   -99   -99   -99   -99   -99   -99   -99   -99   -99   -99 
2008 -99.0 -99.0 -99.0 -99.0 -99.0 -99.0 -99.0 -99.0 -99.0 -99.0 -99.0 -99.0   -99   -99   -99   -99   -99   -99   -99   -99   -99   -99   -99   -99 
2009 -99.0 -99.0 -99.0 -99.0 -99.0 -99.0 -99.0 -99.0 -99.0 -99.0 -99.0 -99.0   -99   -99   -99   -99   -99   -99   -99   -99   -99   -99   -99   -99 
2010  24.3  26.6  28.2  30.9  30.7  29.7  28.9  27.6  28.3  26.3  24.6  23.5   900   900   900   900   900   900   900   900   900   900   900   900 
2011  20.9 -99.0 -99.0 -99.0  28.9  28.6  27.9  27.7  27.1  26.2  25.6  21.9   900   -99   -99   -99   900   900   900   900   900   900   900   902 
2012  23.3 -99.0  27.9  28.7  28.9  28.5  27.9  27.7  28.3  27.6  27.9  25.6   902   -99   900   900   902   900   900   900   900   900   900   900 
2013  23.2  26.7  29.4  29.9  28.8  28.7  27.8  28.0  27.7  26.6  25.9  20.2   900   900   900   900   900   900   900   900   900   900   900   900 
2014  21.1  25.1  29.5  30.3  30.7  28.6  27.7  28.2  28.4  27.8  27.1  23.3   900   900   900   900   900   900   900   900   900   900   900   900 
2015  23.3  26.2 -99.0 -99.0  31.1  29.7  27.8  28.7  28.5  27.3  27.9  25.4   900   900   -99   -99   900   900   900   900   900   900   900   900 
2016  24.3  22.6  28.8  32.3  30.8  29.3  28.5  28.5  28.3  28.3  26.6  24.5   900   900   900   900   900   900   900   900   900   900   900   900 
2017  24.6  24.7  27.7  28.8  29.6  29.0  27.5  28.8  28.8  27.3  26.0  23.0   900   900   900   900   900   900   900   900   900   900   900   900 
2018  24.1  24.0 -99.0  28.5  29.7  28.8  27.2  27.3  28.5  28.5  27.2  25.6   900   900   -99   900   900   900   900   900   900   900   900   900 
2019  24.9  28.2  30.1 -99.0  29.8 -99.0  28.7 -99.0  27.8  28.2  25.9  23.9   900   900   900   -99   900   -99   900   -99   900   900   900   900 
2020  25.3  27.1  28.6  29.5  32.0  29.6  29.3  28.0  29.2  25.8  25.8  22.9   900   900   900   900   900   900   900   900   900   900   900   900 
