Number= 420990
Name= LUDHIANA
Country= INDIA--------
Lat=   30.9
Long=  -75.8
Height= 247
Start year= 1876
End year= 1990
First Good year= 1876
Source ID= 72
Source file= Jones
Jones data to= 1990
Normals source= Data
Normals source start year= 1961
Normals source end year= 1990
Normals=  12.8  15.1  20.0  26.6  30.9  33.3  30.6  29.3  28.6  24.7  18.9  14.0 
Standard deviations source= Data
Standard deviations source start year= 1941
Standard deviations source end year= 1990
Standard deviations=   1.0   1.3   1.5   1.6   1.9   1.2   1.1   1.1   1.1   1.3   1.0   1.1 
Obs:
1876  13.1  14.8  19.9  26.1  31.7  34.9  31.4  30.3  28.9  23.6  18.6  13.5   506   506   506   506   506   506   506   506   506   506   506   506 
1877 -99.0  12.6  20.0  24.4  29.2  33.5  33.4  33.1  29.9  24.3  20.6  13.5   -99   506   506   506   506   506   506   506   506   506   506   506 
1878  11.2  14.9  21.0  25.9  28.8  35.3  31.9  29.3  30.1  26.8  18.4  13.5   506   506   506   506   506   506   506   506   506   506   506   506 
1879  13.3  15.9  20.5  26.8  32.6  32.4  32.8  30.7  29.5  25.4  16.6  12.4   506   506   506   506   506   506   506   506   506   506   506   506 
1880  13.9  14.3  25.1  29.6  31.5  34.2  29.5  31.1  30.2  26.6  18.7  13.1   506   506   506   506   506   506   506   506   506   506   506   506 
1881  13.8  18.3  20.2  28.4  33.2  37.4  32.4  32.2  30.8  26.3  18.2  15.1   506   506   506   506   506   506   506   506   506   506   506   506 
1882  14.3  14.8  22.6  26.5  30.3  33.6  30.4  31.1  29.3  26.9  18.7  14.9   506   506   506   506   506   506   506   506   506   506   506   506 
1883  13.2  13.6  20.9  28.6  32.2  33.6  31.8  33.3  29.0  25.0  18.1  13.4   506   506   506   506   506   506   506   506   506   506   506   506 
1884  14.3  15.2  22.1  27.5  32.3  33.1  31.4  29.9  28.4  23.8  17.3  13.5   506   506   506   506   506   506   506   506   506   506   506   506 
1885  12.7  13.3  21.6  26.1  26.9  32.9  32.3  30.5  29.1  25.8  19.7  14.6   506   506   506   506   506   506   506   506   506   506   506   506 
1886  13.1  14.1  20.1  27.3  31.1  33.2  30.7  30.8  30.9  25.1  19.4  14.9   506   506   506   506   506   506   506   506   506   506   506   506 
1887  12.7  15.9  23.2  29.1  34.7  34.1  31.5  29.2  27.6  25.0  18.3  14.7   506   506   506   506   506   506   506   506   506   506   506   506 
1888  11.6  14.9  23.7  29.3  33.3  33.7  31.0  30.5  28.9  24.8  19.3  14.1   506   506   506   506   506   506   506   506   506   506   506   506 
1889  14.3  15.9  22.6  29.2  31.4  34.4  30.7  30.1  29.6  24.0  18.5  15.4   506   506   506   506   506   506   506   506   506   506   506   506 
1890  14.3  16.6  20.5  28.1  32.6  33.3  30.2  29.2  29.7  24.7  18.3  14.1   506   506   506   506   506   506   506   506   506   506   506   506 
1891  12.1  12.9  17.9  26.2  30.7  33.8  33.8  29.4  29.1  23.9  19.4  14.4   506   506   506   506   506   506   506   506   506   506   506   506 
1892  14.6  16.7  24.1  31.8  33.4  34.2  31.8  28.4  27.6  24.2  18.3  13.3   506   506   506   506   506   506   506   506   506   506   506   506 
1893  11.3  11.2  18.5  27.1  30.6  31.8  29.8  30.9  27.9  24.6  18.2  14.6   506   506   506   506   506   506   506   506   506   506   506   506 
1894  12.7  15.2  19.7  27.7  33.4  32.5  29.3  29.6  28.3  25.2  18.7  13.7   506   506   506   506   506   506   506   506   506   506   506   506 
1895  12.1  16.4  21.6  26.9  34.4  32.0  31.4  30.1  30.1  25.2  20.7  14.6   506   506   506   506   506   506   506   506   506   506   506   506 
1896  14.2  15.8  22.3  28.6  34.1  34.3  33.1  30.2  30.7  25.7  19.7  13.3   506   506   506   506   506   506   506   506   506   506   506   506 
1897  13.4  15.2  20.8  27.3  33.6  33.7  31.6  30.3  29.8  25.4  19.8  14.3   506   506   506   506   506   506   506   506   506   506   506   506 
1898  14.5  15.2  21.5  30.3  32.2  36.1  30.1  32.1  28.7  25.3  18.7  14.3   506   506   506   506   506   506   506   506   506   506   506   506 
1899  10.9  16.6  23.3  27.2  34.2  33.2  31.6  32.3  31.7  25.6  19.8  15.6   506   506   506   506   506   506   506   506   506   506   506   506 
1900  12.9  15.9  23.7  26.1  32.4  35.7  32.2  29.5  27.5  24.1  20.2  14.2   506   506   506   506   506   506   506   506   506   506   506   506 
1901  12.0  14.5  21.0  26.5  31.2  35.0  31.3  30.7  29.6  26.5  19.6  14.5   506   506   506   506   506   506   506   506   506   506   506   506 
1902  14.0  17.0  23.1  28.0  32.1  33.0  31.5  31.5  28.5  25.3  19.3  13.0   506   506   506   506   506   506   506   506   506   506   506   506 
1903  12.7  15.5  19.5  25.8  31.3  36.0  32.8  30.2  29.6  25.8  18.8  13.1   506   506   506   506   506   506   506   506   506   506   506   506 
1904  11.8  16.0  19.8  28.0  32.2  34.8  31.3  30.2  28.7  25.2  18.7  14.5   506   506   506   506   506   506   506   506   506   506   506   506 
1905  11.3  10.3  17.3  24.5  33.6  35.0  32.5  32.3  30.5  26.0  20.2  14.5   506   506   506   506   506   506   506   506   506   506   506   506 
1906  11.7  14.1  18.8  26.6  34.5  33.6  32.5  29.0  28.0  26.1  20.3  15.2   506   506   506   506   506   506   506   506   506   506   506   506 
1907  14.3  13.5  17.6  24.0  30.0  32.7  33.0  29.5  30.5  26.3  19.8  13.2   506   506   506   506   506   506   506   506   506   506   506   506 
1908  13.3  16.2  21.0  27.7  32.5  35.5  31.2  28.6  29.0  25.3  18.6  14.1   506   506   506   506   506   506   506   506   506   506   506   506 
1909  12.0  14.5  21.0  26.0  32.2  32.2  30.0  29.7  28.1  25.6  20.5  13.5   506   506   506   506   506   506   506   506   506   506   506   506 
1910  12.5  15.6  21.0  26.1  32.7  33.3  30.5  29.7  29.2  24.7  18.5  13.8   506   506   506   506   506   506   506   506   506   506   506   506 
1911  14.1  16.0  18.7  27.0  33.2  33.3  34.0  33.3  29.7  26.0  16.7  13.5   506   506   506   506   506   506   506   506   506   506   506   506 
1912  13.6  17.2  21.0  27.1  32.6  35.6  32.0  30.0  28.2  25.8  18.7  14.0   506   506   506   506   506   506   506   506   506   506   506   506 
1913  14.1  15.3  18.2  28.6  30.2  31.0  30.1  30.7  29.6  26.0  19.0  13.8   506   506   506   506   506   506   506   506   506   506   506   506 
1914  14.8  15.0  20.3  26.5  32.0  32.8  30.1  31.0  28.8  23.2  19.5  13.5   506   506   506   506   506   506   506   506   506   506   506   506 
1915  13.0  14.1  21.3  28.0  35.2  34.1  34.0  32.5  30.2  26.0  20.0  14.6   506   506   506   506   506   506   506   506   506   506   506   506 
1916  14.1  15.3  23.8  29.3  31.7  33.3  30.1  29.6  28.8  25.5  18.0  13.6   506   506   506   506   506   506   506   506   506   506   506   506 
1917  13.1  16.7  21.0  24.2  28.0  32.5  30.1  29.6  27.1  24.0  17.0  14.0   506   506   506   506   506   506   506   506   506   506   506   506 
1918  12.6  16.1  20.5  24.5  34.5  33.2  34.3  32.5  30.2  26.3  19.3  14.0   506   506   506   506   506   506   506   506   506   506   506   506 
1919  13.2  15.0  21.6  26.7  31.6  36.7  31.1  30.5  29.7  25.8  18.6  13.3   506   506   506   506   506   506   506   506   506   506   506   506 
1920  12.8  14.6  20.6  26.8  28.7  33.0  32.0  31.6  31.0  27.1  20.7  15.0   506   506   506   506   506   506   506   506   506   506   506   506 
1921  14.1  16.8  24.2  31.2  35.6  35.3  33.5  31.0  30.0  25.0  19.5  15.6   506   506   506   506   506   506   506   506   506   506   506   506 
1922  12.7  16.6  22.6  28.2  32.8  33.5  32.0  31.3  28.6  24.6  18.8  14.1   506   506   506   506   506   506   506   506   506   506   506   506 
1923  12.6  14.5  21.5  28.7  31.5  35.5  31.1  29.3  29.8  25.0  19.0  14.2   506   506   506   506   506   506   506   506   506   506   506   506 
1924  12.5  15.5  22.0  28.2  29.0  36.0  33.0  30.8  27.7  25.1  19.0  14.7   506   506   506   506   506   506   506   506   506   506   506   506 
1925  11.5  13.6  22.1  30.0  32.5  31.5  29.5  30.5  30.3  25.5  17.5  13.5   506   506   506   506   506   506   506   506   506   506   506   506 
1926  13.8  16.8  19.6  24.1  29.0  35.0  32.1  29.5  29.0  25.1  17.3  14.0   506   506   506   506   506   506   506   506   506   506   506   506 
1927  12.3  13.3  19.8  25.8  30.5  33.7  30.6  29.7  29.3  25.5  19.2  14.8   506   506   506   506   506   506   506   506   506   506   506   506 
1928  12.0  16.1  20.5  27.3  34.0  34.0  32.1  32.1  29.6  26.5  19.5  13.6   506   506   506   506   506   506   506   506   506   506   506   506 
1929  13.1  14.8  23.5  28.7  33.2  34.1  31.5  30.3  30.8  25.7  19.5  12.5   506   506   506   506   506   506   506   506   506   506   506   506 
1930  11.8  15.2  21.2  26.3  32.1  32.5  29.7  31.0  28.0  25.5  18.5  13.6   506   506   506   506   506   506   506   506   506   506   506   506 
1931  13.6  12.7  20.0  28.1  32.0  34.0  31.1  31.0  29.2  25.8  19.0  14.7   506   506   506   506   506   506   506   506   506   506   506   506 
1932  14.5  15.5  21.7  27.5  30.5  35.5  31.0  29.8  29.7  25.6  18.5  13.8   506   506   506   506   506   506   506   506   506   506   506   506 
1933  10.5  16.0  20.1  24.7  30.2  34.3  31.0  29.0  27.5  24.8  19.0  15.0   506   506   506   506   506   506   506   506   506   506   506   506 
1934  11.2  17.1  19.8  27.0  31.0  33.2  31.5  30.0  30.5  24.8  18.6  15.3   506   506   506   506   506   506   506   506   506   506   506   506 
1935  11.8  16.0  20.8  23.3  32.1  35.0  31.0  29.8  29.5  25.1  19.5  13.6   506   506   506   506   506   506   506   506   506   506   506   506 
1936  11.5  16.0  19.5  26.5  34.6  31.6  30.5  30.3  29.0  25.2  19.0  14.2   506   506   506   506   506   506   506   506   506   506   506   506 
1937  12.1  15.8  19.2  25.7  31.8  34.1  30.5  32.2  29.5  25.2  19.0  12.5   506   506   506   506   506   506   506   506   506   506   506   506 
1938  12.5  14.0  21.8  28.2  34.6  32.2  32.8  31.6  31.5  26.5  18.5  14.2   506   506   506   506   506   506   506   506   506   506   506   506 
1939  14.0  15.5  18.2  25.2  33.5  32.5  31.3  31.8  30.8  27.5  19.3  15.0   506   506   506   506   506   506   506   506   506   506   506   506 
1940  13.3  15.1  19.7  25.8  32.6  33.5  31.1  30.0  29.5  25.8  20.2  14.3   506   506   506   506   506   506   506   506   506   506   506   506 
1941  12.8  16.6  23.1  30.3  34.0  31.7  32.0  30.8  29.7  28.2  20.1  15.8   506   506   506   506   506   506   506   506   506   506   506   506 
1942  12.0  15.8  22.2  28.7  32.7  33.8  30.2  28.6  28.0  25.1  20.6  13.3   506   506   506   506   506   506   506   506   506   506   506   506 
1943  12.6  15.6  21.3  26.5  32.0  33.8  31.2  30.0  30.5  25.8  20.1  16.0   506   506   506   506   506   506   506   506   506   506   506   506 
1944  12.3  14.7  19.8  26.5  33.3  34.3  30.7  30.7  29.2  25.6  19.8  14.7   506   506   506   506   506   506   506   506   506   506   506   506 
1945  11.2  15.0  21.3  25.0  33.0  34.7  31.1  30.3  28.3  25.1  19.3  13.6   506   506   506   506   506   506   506   506   506   506   506   506 
1946  14.2  18.3  20.3  30.3  33.0  33.1  30.5  30.3  30.6  26.3  19.5  13.1   506   506   506   506   506   506   506   506   506   506   506   506 
1947  12.5  16.3  22.0  30.2  34.0  37.1  33.5  31.5  27.5  24.6  20.5  14.3   506   506   506   506   506   506   506   506   506   506   506   506 
1948  14.1  15.0  19.5  28.2  33.5  34.7  33.0  29.1  29.7  26.1  19.0  14.2   506   506   506   506   506   506   506   506   506   506   506   506 
1949  15.5  15.6  21.5  29.0  34.3  34.0  29.8  31.0  31.2  25.6  18.1  14.0   506   506   506   506   506   506   506   506   506   506   506   506 
1950  14.5  13.2  19.1  25.7  33.0  35.2  31.2  29.6  27.3  24.3  18.6  12.3   506   506   506   506   506   506   506   506   506   506   506   506 
1951  12.5  15.0  20.7  24.5  31.0  34.0  33.0  30.3  30.7  29.0  20.8  15.5   506   506   506   506   506   506   506   506   506   506   506   506 
1952  14.5  17.5  21.7  29.1  32.5  32.8  30.8  29.0  30.7  26.6  19.8  14.6   506   506   506   506   506   506   506   506   506   506   506   506 
1953  13.0  17.7  24.5  28.2  33.7  34.0  30.5  30.5  30.0  26.5  19.8  17.5   506   506   506   506   506   506   506   506   506   506   506   506 
1954  12.5  16.3  20.5  27.7  33.5  35.0  31.3  32.1  29.5  23.7  19.3  15.0   506   506   506   506   506   506   506   506   506   506   506   506 
1955  13.1  16.2  22.8  25.2  30.0  35.0  32.2  30.2  28.3  24.1  19.5  15.3   506   506   506   506   506   506   506   506   506   506   506   506 
1956  13.7  16.8  21.2  28.1  35.1  33.8  30.2  29.3  31.0  24.3  18.6  15.1   506   506   506   506   506   506   506   506   506   506   506   506 
1957  12.7  14.3  20.3  25.3  29.8  33.5  30.2  30.3  29.1  25.5  19.6  14.7   506   506   506   506   506   506   506   506   506   506   506   506 
1958  15.0  16.1  22.5  30.3  32.1  35.0  30.7  30.1  28.3  26.0  21.3  14.5   506   506   506   506   506   506   506   506   506   506   506   506 
1959  13.2  14.5  21.6  27.7  31.2  34.6  31.5  29.8  28.5  25.3  19.0  15.0   506   506   506   506   506   506   506   506   506   506   506   506 
1960  12.3  18.5  20.0  27.0  34.2  35.5  32.3  31.2  30.0  25.6  18.5  13.8   506   506   506   506   506   506   506   506   506   506   506   506 
1961  14.0  13.7  21.1  26.1  31.8  34.5  30.8  29.5  29.8  25.3  17.5  12.2   506   506   506   506   506   506   506   506   506   506   506   506 
1962  11.5  16.0  19.8  28.3  31.7  33.6  32.5  30.3  27.0  24.0  18.2  13.5   506   506   506   506   506   506   506   506   506   506   506   506 
1963  12.0  17.0  20.3  26.3  29.6  34.0  31.1  28.2  28.0  25.8  19.5  13.8   506   506   506   506   506   506   506   506   506   506   506   506 
1964  11.1  14.0  19.3  26.0  28.6  34.7  29.0  30.0  28.5  24.7  17.7  13.8   506   506   506   506   506   506   506   506   506   506   506   506 
1965  14.7  15.6  20.5  24.2  30.0  35.1  30.5  29.2  29.1  25.5  19.5  15.1   506   506   506   506   506   506   506   506   506   506   506   506 
1966  14.7  16.5  19.6  27.0  32.0  33.3  32.0  29.8  28.8  25.1  18.6  13.8   506   506   506   506   506   506   506   506   506   506   506   506 
1967  12.5  17.5  19.8  26.0  30.6  34.8  30.8  29.2  29.1  24.5  18.8  14.7   506   506   506   506   506   506   506   506   506   506   506   506 
1968  12.2  14.0  20.7  26.7  31.5  34.6  30.5  29.7  30.8  24.2  19.6  15.1   506   506   506   506   506   506   506   506   506   506   506   506 
1969  13.5  16.3  23.5  27.3  30.3  35.5  31.2  31.0  29.2  26.7  20.6  15.2   506   506   506   506   506   506   506   506   506   506   506   506 
1970  13.6  16.2  21.0  29.1  33.3  33.1  32.6  29.6  29.6  27.5  19.8  15.0   506   506   506   506   506   506   506   506   506   506   506   506 
1971  12.6  16.2  21.6  28.3  30.6  32.5  30.1  29.2  28.3  26.0  20.0  15.5   506   506   506   506   506   506   506   506   506   506   506   506 
1972  14.0  13.7  21.5  26.0  32.5  34.5  31.6  29.7  28.8  25.7  20.3  14.7   506   506   506   506   506   506   506   506   506   506   506   506 
1973  13.0  16.8  20.0  28.3  32.3  32.5  30.8  29.1  30.0  21.7  19.5  13.1   506   506   506   506   506   506   506   506   506   506   506   506 
1974  12.8  14.5  21.6  28.3  32.1  31.8  30.5  29.5  28.5  23.6  17.7  11.8   506   506   506   506   506   506   506   506   506   506   506   506 
1975  12.5  14.7  20.5  27.6  32.8  33.3  29.8  24.7  27.8  26.0  18.3  15.0   506   506   506   506   506   506   506   506   506   506   506   506 
1976  13.0  14.8  20.1  26.0  29.3  31.2  30.5  27.6  27.6  24.5  18.0  14.6   506   506   506   506   506   506   506   506   506   506   506   506 
1977  12.5  15.5  22.5  26.6  29.2  32.5  29.6  28.8  27.2  25.0  19.8  14.2   506   506   506   506   506   506   506   506   506   506   506   506 
1978  10.8  13.5  17.5  26.5  34.7  33.0  29.6  29.0  28.0  23.5  18.3  13.2   506   506   506   506   506   506   506   506   506   506   506   506 
1979  12.8  13.5  17.3  27.5  29.6  33.3  30.5  30.7  27.7  25.0  20.2  14.3   506   506   506   506   506   506   506   506   506   506   506   506 
1980  12.2  15.3  18.5  28.0  33.5  34.0  30.0  29.3  28.0  24.6  17.9  12.8   506   506   506   506   506   506   506   506   506   506   506   506 
1981  12.5  15.0  18.1  26.5  31.6  34.1  30.1  29.8  28.7  23.3  16.5  13.0   506   506   506   506   506   506   506   506   506   506   506   506 
1982  12.5  14.3  18.0  25.8  29.0  33.6  32.7  30.0  29.5  25.3  20.0  14.0   506   506   506   506   506   506   506   506   506   506   506   506 
1983  12.6  15.0  19.6  24.2  28.4  32.9  31.0  30.3  29.5  24.9  19.7  14.9   506   506   506   506   506   506   506   506   506   506   506   506 
1984  12.6  13.8  20.4  25.6 -99.0 -99.0 -99.0 -99.0 -99.0  23.1  17.6  13.1   506   506   506   506   -99   -99   -99   -99   -99   506   506   506 
1985  12.3  15.0  21.3  26.4  31.5  33.1  29.3  29.6  28.8  23.5  18.3  14.7   506   506   506   506   506   506   506   506   506   506   506   506 
1986 -99.0 -99.0  18.4  25.0  28.1  32.2  29.2  29.5  27.5 -99.0  19.3  12.9   -99   -99   506   506   506   506   506   506   506   -99   506   506 
1987  13.2  16.0  20.3  26.4  26.5  32.4  32.4  30.5  29.8  25.1  18.8  14.0   506   506   506   506   506   506   506   506   506   506   506   506 
1988  13.4  15.7  19.3  27.8  32.5  32.6 -99.0  28.6 -99.0  24.1  19.2  14.6   506   506   506   506   506   506   -99   506   -99   506   506   506 
1989  11.5  13.9  19.0  24.1  31.1  30.9  30.1  28.3  28.0  24.4  18.7  13.5   506   506   506   506   506   506   506   506   506   506   506   506 
1990  14.2  14.7  17.8  25.7  31.4  32.9  28.6  28.7  28.0  23.1  19.1  13.7   506   506   506   506   506   506   506   506   506   506   506   506 
