Number= 424510
Name= KOTA
Country= INDIA--------
Lat=   25.1
Long=  -75.8
Height= 257
Start year= 1901
End year= 1988
First Good year= 1901
Source ID= 72
Source file= Jones
Jones data to= 1988
Normals source= Data
Normals source start year= 1961
Normals source end year= 1988
Normals=  16.9  20.3  25.9  31.6  34.9  34.2  30.1  28.3  28.7  27.7  22.8  18.2 
Standard deviations source= Data
Standard deviations source start year= 1941
Standard deviations source end year= 1988
Standard deviations=   1.3   1.5   1.3   1.3   1.1   1.1   1.1   1.0   1.2   1.3   1.1   1.2 
Obs:
1901  16.2  19.1  26.6  31.5  37.0  37.1  32.8  28.1  30.3  30.1  23.5  19.8   506   506   506   506   506   506   506   506   506   506   506   506 
1902  19.1  21.5  29.0  33.2  36.5  36.0  31.0  30.3  28.5  27.5  22.5  18.2   506   506   506   506   506   506   506   506   506   506   506   506 
1903  18.0  19.7  25.0  30.1  34.8  37.5  32.0  28.3  28.5  27.5  21.5  17.7   506   506   506   506   506   506   506   506   506   506   506   506 
1904  17.7  20.5  25.3  33.3  36.1  34.6  29.1  27.5  29.5  27.8  23.0  18.7   506   506   506   506   506   506   506   506   506   506   506   506 
1905  16.6  15.8  23.5  29.6  37.7  37.1  31.5  32.5  31.2  29.8  25.1  19.6   506   506   506   506   506   506   506   506   506   506   506   506 
1906  16.8  19.0  25.1  32.1  38.0  35.1  30.0  29.7  28.1  27.5  23.5  19.5   506   506   506   506   506   506   506   506   506   506   506   506 
1907  19.5  19.5  24.7  30.5  34.2  36.1  33.6  28.0  29.5  29.0  23.6  17.8   506   506   506   506   506   506   506   506   506   506   506   506 
1908  17.7  21.0  25.2  32.8  36.1  35.5  28.7  27.6  28.2  27.5  22.5  18.0   506   506   506   506   506   506   506   506   506   506   506   506 
1909  16.6  20.6  28.1  30.2  35.3  34.1  29.0  27.7  28.2  28.0  24.2  18.0   506   506   506   506   506   506   506   506   506   506   506   506 
1910  17.5  21.5  26.6  31.0  36.2  32.6  29.6  29.0  28.8  26.5  22.0  19.2   506   506   506   506   506   506   506   506   506   506   506   506 
1911  20.0  21.3  24.5  31.8  37.1  34.6  32.8  30.8  28.5  29.0  21.8  19.3   506   506   506   506   506   506   506   506   506   506   506   506 
1912  19.2  22.5  25.6  32.3  36.5  36.7  30.6  28.1  28.1  27.8  21.7  18.5   506   506   506   506   506   506   506   506   506   506   506   506 
1913  18.3  20.6  24.5  33.5  34.8  33.5  30.5  29.1  30.0  30.0  23.0  18.7   506   506   506   506   506   506   506   506   506   506   506   506 
1914  19.7  20.6  25.6  32.1  36.8  33.8  29.8  28.7  29.6  28.0  24.5  18.5   506   506   506   506   506   506   506   506   506   506   506   506 
1915  17.8  18.6  26.3  32.0  37.3  36.7  33.7  29.8  32.2  29.7  23.5  20.0   506   506   506   506   506   506   506   506   506   506   506   506 
1916  19.1  20.3  28.6  33.2  35.6  33.0  31.6  28.0  29.1  26.8  21.0  18.0   506   506   506   506   506   506   506   506   506   506   506   506 
1917  19.0  21.1  25.8  29.7  29.8  32.5  28.6  27.5  27.5  25.3  19.7  18.3   506   506   506   506   506   506   506   506   506   506   506   506 
1918  16.2  21.1  26.0  29.8  37.0  34.5  32.0  29.8  29.7  29.0  23.3  17.5   506   506   506   506   506   506   506   506   506   506   506   506 
1919  18.0  19.8  27.0  31.0  35.3  35.3  29.5  27.8  28.2  27.5  22.5  18.0   506   506   506   506   506   506   506   506   506   506   506   506 
1920  18.0  20.5  27.0  31.2  32.7  33.0  28.7  28.2  30.7  29.6  24.2  19.5   506   506   506   506   506   506   506   506   506   506   506   506 
1921  18.5  21.0  29.0  33.8  37.0  36.2  33.1  28.5  27.3  27.6  23.1  20.5   506   506   506   506   506   506   506   506   506   506   506   506 
1922  17.5  22.0  27.3  32.5  35.8  34.6  30.1  28.1  28.0  27.3  22.6  18.5   506   506   506   506   506   506   506   506   506   506   506   506 
1923  18.0  20.2  26.5  32.3  35.0  37.0  30.3  27.2  28.5  27.1  22.5  18.7   506   506   506   506   506   506   506   506   506   506   506   506 
1924  16.8  20.7  28.0  33.0  33.7  35.5  30.5  28.0  27.6  26.0  21.3  18.2   506   506   506   506   506   506   506   506   506   506   506   506 
1925  16.0  18.5  26.6  34.0  35.0  31.8  28.5  30.0  31.3  29.8  22.8  19.0   506   506   506   506   506   506   506   506   506   506   506   506 
1926  18.7  23.3  24.8  28.5  34.0  36.8  30.8  28.5  27.5  27.0  20.2  17.1   506   506   506   506   506   506   506   506   506   506   506   506 
1927  15.5  18.5  24.5  31.0  35.0  35.2  30.0  27.7  28.1  27.6  20.5  18.6   506   506   506   506   506   506   506   506   506   506   506   506 
1928  17.3  20.7  26.5  31.5  36.5  35.1  30.1  29.0  29.0  27.6  23.0  17.7   506   506   506   506   506   506   506   506   506   506   506   506 
1929  16.7  18.7  27.7  32.2  36.1  35.3  30.0  28.5  29.5  28.5  24.0  17.7   506   506   506   506   506   506   506   506   506   506   506   506 
1930  18.0  20.7  27.1  31.1  36.0  35.0  29.5  28.8  31.0  29.7  22.5  19.3   506   506   506   506   506   506   506   506   506   506   506   506 
1931  19.7  19.2  25.8  33.3  36.5  37.1  31.1  28.6  29.0  26.6  22.8  19.5   506   506   506   506   506   506   506   506   506   506   506   506 
1932  21.2  20.2  26.2  31.1  35.5  35.6  30.7  28.5  30.1  28.7  21.7  19.1   506   506   506   506   506   506   506   506   506   506   506   506 
1933  16.3  21.0  26.0  30.0  33.2  33.7  30.0  28.0  27.5  26.7  22.3  19.0   506   506   506   506   506   506   506   506   506   506   506   506 
1934  16.5  22.1  25.1  31.8  35.5  34.5  29.6  28.1  27.7  27.0  22.5  19.1   506   506   506   506   506   506   506   506   506   506   506   506 
1935  15.6  20.7  25.6  28.6  36.0  35.6  29.2  27.6  27.8  26.2  23.0  18.0   506   506   506   506   506   506   506   506   506   506   506   506 
1936  16.0  20.1  25.1  30.5  37.1  32.6  29.5  28.2  28.6  27.8  22.2  18.2   506   506   506   506   506   506   506   506   506   506   506   506 
1937  17.1  21.5  24.5  30.8  36.0  35.6  28.8  28.7  29.1  27.5  23.6  17.2   506   506   506   506   506   506   506   506   506   506   506   506 
1938  17.1  19.0  27.8  32.3  37.0  31.2  29.8  29.0  30.8  28.0  21.7  18.8   506   506   506   506   506   506   506   506   506   506   506   506 
1939  19.3  21.0  23.3  30.0  35.8  33.8  30.0  31.1  29.5  29.5  23.3  19.1   506   506   506   506   506   506   506   506   506   506   506   506 
1940  18.2  20.5  25.0  30.6  36.3  35.0  31.0  27.7  29.0  28.2  24.0  18.8   506   506   506   506   506   506   506   506   506   506   506   506 
1941  17.3  21.6  28.2  33.3  36.5  35.5  31.3  29.3  30.7  31.0  24.1  20.6   506   506   506   506   506   506   506   506   506   506   506   506 
1942  16.3  21.3  27.8  33.7  36.2  36.5  28.5  27.5  28.1  28.0  23.2  17.3   506   506   506   506   506   506   506   506   506   506   506   506 
1943  17.8  20.7  27.1  31.2  36.2  34.3  29.5  27.7  28.5  27.5  23.5  19.7   506   506   506   506   506   506   506   506   506   506   506   506 
1944  17.3  20.0  25.0  31.0  36.0  33.6  28.6  27.6  28.7  26.1  22.7  19.6   506   506   506   506   506   506   506   506   506   506   506   506 
1945  15.6  20.1  27.0  30.6  35.2  35.0  28.8  27.8  28.0  26.5  22.2  17.0   506   506   506   506   506   506   506   506   506   506   506   506 
1946  18.1  22.0  25.3  33.7  36.0  34.5  29.7  27.5  28.3  28.2  21.5  18.6   506   506   506   506   506   506   506   506   506   506   506   506 
1947  16.5  20.1  27.0  32.2  36.6  36.1  30.7  29.0  27.5  26.6  23.6  19.5   506   506   506   506   506   506   506   506   506   506   506   506 
1948  17.3  19.7  25.8  33.1  35.0  35.7  30.5  28.2  28.1  28.5  22.1  19.1   506   506   506   506   506   506   506   506   506   506   506   506 
1949  20.1  21.1  26.6  33.7  35.0  34.7  30.3  29.3  29.7  28.1  21.8  18.3   506   506   506   506   506   506   506   506   506   506   506   506 
1950  19.3  18.6  25.1  30.3  36.0  35.0  29.5  28.1  28.2  27.0  21.3  17.0   506   506   506   506   506   506   506   506   506   506   506   506 
1951  16.8  20.0  25.8  30.0  35.5  33.6  32.0  29.1  31.6  31.3  24.7  18.8   506   506   506   506   506   506   506   506   506   506   506   506 
1952  19.5  22.5  26.3  33.3  37.5  33.7  29.5  27.7  29.8  28.5  23.2  19.1   506   506   506   506   506   506   506   506   506   506   506   506 
1953  17.5  23.0  28.5  32.2  36.2  35.3  31.2  29.0  29.6  28.0  23.5  21.8   506   506   506   506   506   506   506   506   506   506   506   506 
1954  18.1  22.3  26.6  32.8  37.5  36.0  30.6  30.1  28.0  26.0  23.7  18.8   506   506   506   506   506   506   506   506   506   506   506   506 
1955  17.6  20.7  28.5  30.0  35.1  35.0  31.2  28.5  28.2  26.0  21.5  19.0   506   506   506   506   506   506   506   506   506   506   506   506 
1956  18.0  20.3  26.7  32.0  37.2  34.2  28.3  28.0  29.1  26.0  21.5  19.3   506   506   506   506   506   506   506   506   506   506   506   506 
1957  17.0  19.2  24.6  31.0  34.5  36.0  30.5  29.2  28.8  28.0  24.6  19.2   506   506   506   506   506   506   506   506   506   506   506   506 
1958  19.6  21.3  27.6  33.8  36.3  36.0  29.2  29.6  27.6  26.8  22.5  20.2   506   506   506   506   506   506   506   506   506   506   506   506 
1959  18.0  20.3  28.1  32.1  35.5  35.0  29.5  28.0  28.1  27.7  22.7  19.5   506   506   506   506   506   506   506   506   506   506   506   506 
1960  17.1  23.0  25.5  30.5  35.1  35.2  30.8  27.3  29.6  26.8  22.0  18.3   506   506   506   506   506   506   506   506   506   506   506   506 
1961  16.1  18.2  26.5  30.2  34.6  34.5  29.8  29.5  28.1  25.7  21.6  15.6   506   506   506   506   506   506   506   506   506   506   506   506 
1962  15.8  19.5  24.0  30.5  34.0  33.5  28.7  26.7  26.3  25.5  21.3  19.8   506   506   506   506   506   506   506   506   506   506   506   506 
1963  17.3  23.0  27.0  31.8  36.2  35.1  31.0  27.5  29.2  28.7  25.3  19.2   506   506   506   506   506   506   506   506   506   506   506   506 
1964  16.5  20.5  27.2  34.3  35.0  34.2  29.8  28.8  29.2  28.8  22.0  18.7   506   506   506   506   506   506   506   506   506   506   506   506 
1965  19.2  21.5  25.1  29.5  35.6  35.7  31.1  30.0  29.3  29.6  25.0  18.6   506   506   506   506   506   506   506   506   506   506   506   506 
1966  18.5  24.0  26.5  32.7  36.5  34.0  30.3  27.5  28.2  28.5  23.1  17.3   506   506   506   506   506   506   506   506   506   506   506   506 
1967  14.6  21.8  23.8  29.5  33.6  33.0  29.5  26.2  26.2  26.2  23.0  19.3   506   506   506   506   506   506   506   506   506   506   506   506 
1968  14.8  18.8  25.5  30.8  33.8  36.0  30.0  27.1  28.2  27.1  22.7  18.2   506   506   506   506   506   506   506   506   506   506   506   506 
1969  17.0  20.6  28.1  31.2  34.1  35.0  30.5  28.1  29.5  27.8  24.5  19.5   506   506   506   506   506   506   506   506   506   506   506   506 
1970  18.2  19.2  24.7  32.5  36.1  33.3  30.5  28.5  28.0  27.8  21.6  18.6   506   506   506   506   506   506   506   506   506   506   506   506 
1971  16.5  19.7  25.0  32.0  32.6  31.6  27.5  27.8  28.0  26.7  22.2  17.7   506   506   506   506   506   506   506   506   506   506   506   506 
1972  17.3  17.5  26.0  30.1  35.1  34.8  31.0  28.5  28.7  28.0  23.3  17.5   506   506   506   506   506   506   506   506   506   506   506   506 
1973  17.2  21.1  25.1  33.0  35.6  34.0  29.5  28.0  28.1  26.5  21.5  17.1   506   506   506   506   506   506   506   506   506   506   506   506 
1974  17.0  18.2  27.3  32.5  34.3  33.5  29.5  29.0  30.0  28.2  21.6  16.3   506   506   506   506   506   506   506   506   506   506   506   506 
1975  15.6  18.3  24.2  32.0  36.1  33.3  29.6  28.0  28.1  27.6  21.7  18.5   506   506   506   506   506   506   506   506   506   506   506   506 
1976 -99.0 -99.0 -99.0 -99.0 -99.0 -99.0 -99.0 -99.0 -99.0 -99.0 -99.0 -99.0   -99   -99   -99   -99   -99   -99   -99   -99   -99   -99   -99   -99 
1977 -99.0 -99.0 -99.0 -99.0 -99.0 -99.0 -99.0 -99.0 -99.0 -99.0 -99.0 -99.0   -99   -99   -99   -99   -99   -99   -99   -99   -99   -99   -99   -99 
1978 -99.0 -99.0 -99.0 -99.0 -99.0 -99.0 -99.0 -99.0 -99.0 -99.0 -99.0 -99.0   -99   -99   -99   -99   -99   -99   -99   -99   -99   -99   -99   -99 
1979 -99.0 -99.0 -99.0 -99.0 -99.0 -99.0 -99.0 -99.0 -99.0 -99.0 -99.0 -99.0   -99   -99   -99   -99   -99   -99   -99   -99   -99   -99   -99   -99 
1980 -99.0 -99.0 -99.0 -99.0 -99.0 -99.0 -99.0 -99.0 -99.0 -99.0 -99.0 -99.0   -99   -99   -99   -99   -99   -99   -99   -99   -99   -99   -99   -99 
1981 -99.0 -99.0 -99.0 -99.0 -99.0 -99.0 -99.0 -99.0 -99.0 -99.0 -99.0 -99.0   -99   -99   -99   -99   -99   -99   -99   -99   -99   -99   -99   -99 
1982 -99.0 -99.0 -99.0 -99.0 -99.0 -99.0 -99.0 -99.0 -99.0 -99.0 -99.0 -99.0   -99   -99   -99   -99   -99   -99   -99   -99   -99   -99   -99   -99 
1983 -99.0 -99.0 -99.0 -99.0 -99.0 -99.0 -99.0 -99.0 -99.0 -99.0 -99.0 -99.0   -99   -99   -99   -99   -99   -99   -99   -99   -99   -99   -99   -99 
1984 -99.0 -99.0 -99.0 -99.0 -99.0 -99.0 -99.0 -99.0 -99.0 -99.0 -99.0 -99.0   -99   -99   -99   -99   -99   -99   -99   -99   -99   -99   -99   -99 
1985 -99.0 -99.0 -99.0 -99.0 -99.0 -99.0 -99.0 -99.0 -99.0 -99.0 -99.0 -99.0   -99   -99   -99   -99   -99   -99   -99   -99   -99   -99   -99   -99 
1986 -99.0 -99.0 -99.0 -99.0 -99.0 -99.0 -99.0 -99.0 -99.0 -99.0 -99.0 -99.0   -99   -99   -99   -99   -99   -99   -99   -99   -99   -99   -99   -99 
1987  17.4  21.2  27.1  32.3 -99.0  35.3  32.9  31.5  31.5  29.5  23.7  18.5   506   506   506   506   -99   506   506   506   506   506   506   506 
1988  18.3  22.0  26.5 -99.0 -99.0 -99.0 -99.0 -99.0  30.6  28.5  23.9  19.2   506   506   506   -99   -99   -99   -99   -99   506   506   506   506 
