Number= 812510
Name= SIPALIWINI
Country= SURINAME
Lat=    2.0
Long=   56.1
Height= -9999
Start year= 1961
End year= 2000
First Good year= 1961
Source ID= 90
Source file= Jones
Jones data to= 2000
Normals source= Data
Normals source start year= 1961
Normals source end year= 1990
Normals=  26.0  26.1  26.1  26.4  26.3  26.4  26.4  27.0  27.7  28.3  27.8  27.0 
Standard deviations source= Data
Standard deviations source start year= 1961
Standard deviations source end year= 1990
Standard deviations=   0.5   0.6   0.6   0.5   0.5   0.5   0.5   0.4   0.7   0.7   0.8   0.9 
Obs:
1961 -99.0 -99.0 -99.0  26.4  26.3  25.4  26.3  27.5  28.8  29.0  27.4  26.4   -99   -99   -99   506   506   506   506   506   506   506   506   506 
1962  25.6  25.6  26.1  26.5  26.2  26.3  26.8  27.3  27.6  28.6  27.2  26.4   506   506   506   506   506   506   506   506   506   506   506   506 
1963  25.6  25.6  25.8  26.1  25.9  26.4  26.4  27.8  28.2  28.9  28.0 -99.0   506   506   506   506   506   506   506   506   506   506   506   -99 
1964  26.0  26.4  26.2  26.8  26.4  26.1  26.5  26.5  27.3  27.9  27.7  26.6   506   506   506   506   506   506   506   506   506   506   506   506 
1965  25.7  25.5  26.0  26.9  26.3  26.6  26.8  27.2  28.0  29.0  29.0  28.7   506   506   506   506   506   506   506   506   506   506   506   506 
1966  26.9  26.1  26.2  27.0  26.2  27.2  26.8  27.1  27.6  28.6  27.3  26.8   506   506   506   506   506   506   506   506   506   506   506   506 
1967  26.0  25.7  25.5  26.0  25.8  26.1  26.1  26.7  27.8  28.1  27.5  26.8   506   506   506   506   506   506   506   506   506   506   506   506 
1968  26.1  26.0  25.9  26.3  26.0  25.8  26.0  27.3  27.8  28.4  27.0  26.2   506   506   506   506   506   506   506   506   506   506   506   506 
1969  26.0  26.8  26.7  26.2  27.1 -99.0  27.2  27.6  28.3  29.1  29.5  29.5   506   506   506   506   506   -99   506   506   506   506   506   506 
1970  27.0  27.0  26.0  26.2  26.6  26.7  26.3  26.5  27.2  28.2  26.2  26.6   506   506   506   506   506   506   506   506   506   506   506   506 
1971  25.3  25.0  25.4  25.3  25.5  25.5  26.3  26.4  27.4  27.0  26.7  27.0   506   506   506   506   506   506   506   506   506   506   506   506 
1972 -99.0 -99.0 -99.0 -99.0 -99.0 -99.0 -99.0 -99.0 -99.0 -99.0 -99.0 -99.0   -99   -99   -99   -99   -99   -99   -99   -99   -99   -99   -99   -99 
1973  26.2  26.6  27.2  26.4  25.9  26.8  26.8  26.9  26.4  27.1  27.1  25.6   506   506   506   506   506   506   506   506   506   506   506   506 
1974  25.2  25.4  25.4  26.3  25.9  25.6  25.6  26.9  26.9  27.4  27.5  25.7   506   506   506   506   506   506   506   506   506   506   506   506 
1975  26.1  25.7  25.9  25.6  25.9  26.2  24.7  26.2  26.5  27.6  27.7  26.5   506   506   506   506   506   506   506   506   506   506   506   506 
1976  25.1  25.3  25.0  25.7  26.0  26.2  26.2  26.7  28.3  28.8  28.5  27.7   506   506   506   506   506   506   506   506   506   506   506   506 
1977  26.0  25.6  25.8 -99.0 -99.0  26.4  26.5  26.9  27.8  28.5  28.9  26.6   506   506   506   -99   -99   506   506   506   506   506   506   506 
1978  26.0  26.8  25.9  26.4  26.5  26.7  26.3  26.3  27.7  28.2  28.0  26.2   506   506   506   506   506   506   506   506   506   506   506   506 
1979  26.2  25.5  26.0  26.3  26.4  26.3  26.4  27.0  27.6  27.9  27.4  26.7   506   506   506   506   506   506   506   506   506   506   506   506 
1980  26.1  26.7  26.2  26.1  26.7  26.9  26.6  27.1  27.9  28.6  27.7  27.0   506   506   506   506   506   506   506   506   506   506   506   506 
1981  26.6  26.6  27.6  27.1  26.6  26.6  25.7  26.7  27.3  27.7  28.3  27.3   506   506   506   506   506   506   506   506   506   506   506   506 
1982  26.3  26.3  25.7  26.1  26.2  27.2  27.0  27.1  28.3  28.9  28.9  28.4   506   506   506   506   506   506   506   506   506   506   506   506 
1983 -99.0  27.6  27.2  26.9  27.7  27.4  27.5  27.4  29.5  30.5  29.5  28.0   -99   506   506   506   506   506   506   506   506   506   506   506 
1984  26.1  26.1  26.6  26.4  26.0  26.4  26.3  26.9  27.1  27.5  27.2  27.0   506   506   506   506   506   506   506   506   506   506   506   506 
1985  26.1  26.0  26.6  26.8  26.0  26.1  26.0  26.7  27.1  28.1  27.2  26.4   506   506   506   506   506   506   506   506   506   506   506   506 
1986  25.8  26.2  26.6  27.0  26.7  26.0  26.3  27.5  28.6  28.1  27.0 -99.0   506   506   506   506   506   506   506   506   506   506   506   -99 
1987 -99.0 -99.0 -99.0 -99.0 -99.0 -99.0 -99.0 -99.0 -99.0 -99.0 -99.0 -99.0   -99   -99   -99   -99   -99   -99   -99   -99   -99   -99   -99   -99 
1988 -99.0 -99.0 -99.0 -99.0 -99.0 -99.0 -99.0 -99.0 -99.0 -99.0 -99.0 -99.0   -99   -99   -99   -99   -99   -99   -99   -99   -99   -99   -99   -99 
1989 -99.0 -99.0 -99.0 -99.0 -99.0 -99.0 -99.0 -99.0 -99.0 -99.0 -99.0 -99.0   -99   -99   -99   -99   -99   -99   -99   -99   -99   -99   -99   -99 
1990 -99.0 -99.0 -99.0 -99.0 -99.0 -99.0 -99.0 -99.0 -99.0 -99.0 -99.0 -99.0   -99   -99   -99   -99   -99   -99   -99   -99   -99   -99   -99   -99 
1991 -99.0 -99.0 -99.0 -99.0 -99.0 -99.0 -99.0 -99.0 -99.0 -99.0 -99.0 -99.0   -99   -99   -99   -99   -99   -99   -99   -99   -99   -99   -99   -99 
1992 -99.0 -99.0 -99.0 -99.0 -99.0 -99.0 -99.0 -99.0 -99.0 -99.0 -99.0 -99.0   -99   -99   -99   -99   -99   -99   -99   -99   -99   -99   -99   -99 
1993 -99.0 -99.0 -99.0 -99.0 -99.0 -99.0 -99.0 -99.0 -99.0 -99.0 -99.0 -99.0   -99   -99   -99   -99   -99   -99   -99   -99   -99   -99   -99   -99 
1994 -99.0 -99.0 -99.0 -99.0 -99.0 -99.0 -99.0 -99.0 -99.0 -99.0 -99.0 -99.0   -99   -99   -99   -99   -99   -99   -99   -99   -99   -99   -99   -99 
1995 -99.0 -99.0 -99.0 -99.0 -99.0 -99.0 -99.0 -99.0 -99.0 -99.0 -99.0 -99.0   -99   -99   -99   -99   -99   -99   -99   -99   -99   -99   -99   -99 
1996 -99.0 -99.0 -99.0 -99.0 -99.0 -99.0 -99.0 -99.0 -99.0 -99.0 -99.0 -99.0   -99   -99   -99   -99   -99   -99   -99   -99   -99   -99   -99   -99 
1997  26.4  26.0  26.2  26.5  26.5  27.3  27.3  27.5  28.6 -99.0  29.4  28.1   506   506   506   506   506   506   506   506   506   -99   506   506 
1998  27.6  27.9  27.4  27.8  27.8  27.4  27.1  28.2  28.7  28.7  28.5  28.0   506   506   506   506   506   506   506   506   506   506   506   506 
1999  26.1  25.8  26.1  26.0  26.0  26.3  26.1  25.8  27.4  26.9  27.7  27.5   506   506   506   506   506   506   506   506   506   506   506   506 
2000  25.8  25.2  25.7  25.6  26.2  27.1  26.1  27.4  27.7  28.1  28.4  26.9   506   506   506   506   506   506   506   506   506   506   506   506 
