Number= 412550
Name= NIZWA
Country= OMAN
Lat=   22.9
Long=  -57.5
Height= 462
Start year= 2003
End year= 2020
First Good year= 2003
Source ID= 94
Source file= Jones
Jones data to= 2016
Normals source start year= 2003
Normals source end year= 1990
Normals= -99.0 -99.0 -99.0 -99.0 -99.0 -99.0 -99.0 -99.0 -99.0 -99.0 -99.0 -99.0 
Standard deviations source= Data
Standard deviations source start year= 2003
Standard deviations source end year= 1990
Obs:
2003 -99.0 -99.0 -99.0 -99.0 -99.0 -99.0 -99.0 -99.0 -99.0 -99.0 -99.0  20.9   -99   -99   -99   -99   -99   -99   -99   -99   -99   -99   -99   506 
2004  20.0  22.5  27.2  31.6 -99.0  35.9  33.8  33.4  30.6  29.7  25.5  21.4   506   506   506   506   -99   506   506   506   506   506   506   506 
2005  19.2 -99.0 -99.0  30.5  32.8  36.6  33.9  35.2  32.3  28.7  25.5  21.8   506   -99   -99   506   506   506   506   506   506   506   506   506 
2006  18.9  22.8  25.1  30.2  34.7  33.8  36.4  32.5  32.2  29.9  25.3  19.8   506   506   506   506   506   506   506   506   506   506   506   506 
2007  19.1  23.4  25.0  31.5  34.1  34.4  36.7  34.2  32.3  28.0  25.6  21.7   506   506   506   506   506   506   506   506   506   506   506   506 
2008  19.4  20.1  26.1  30.6  34.2  36.5  36.2  32.6  32.3  29.6  24.3  19.4   506   506   506   506   506   506   506   506   506   506   506   506 
2009  18.5  22.5  26.0  29.2  35.6 -99.0 -99.0  33.9  32.6  29.5  24.8  21.9   506   506   506   506   506   -99   -99   506   506   506   506   506 
2010  20.1  22.1  27.4  31.9 -99.0  34.8  34.8  31.5  32.7  30.5  24.7  20.7   506   506   506   506   -99   506   506   506   506   506   506   506 
2011  20.0  21.9  26.6  29.4  34.5  37.0 -99.0  34.3  34.1  28.9  25.2  20.9   506   506   506   506   506   506   -99   506   506   506   506   506 
2012 -99.0  20.9  25.7  29.4  34.3  36.3  36.5  34.6  33.5 -99.0 -99.0  22.5   -99   506   506   506   506   506   506   506   506   -99   -99   506 
2013  19.7  22.1  25.5  28.7  32.7  35.5  36.0  33.0  31.4  30.0  24.3 -99.0   506   506   506   506   506   506   506   506   506   506   506   -99 
2014  18.3  20.3 -99.0 -99.0 -99.0 -99.0 -99.0 -99.0  33.1 -99.0 -99.0  21.3   506   506   -99   -99   -99   -99   -99   -99   506   -99   -99   506 
2015  19.5  22.9  26.0  32.1  35.3  36.0  35.9  34.2 -99.0 -99.0 -99.0 -99.0   506   506   506   506   506   506   506   506   -99   -99   -99   -99 
2016 -99.0 -99.0 -99.0  28.9  34.0  34.3  34.8  35.3  31.1  29.5  24.6  24.4   -99   -99   -99   506   506   506   506   900   900   900   900   900 
2017  20.8  21.5  26.8  31.5  32.4 -99.0 -99.0 -99.0  32.8  30.2  37.1  20.0   900   900   900   900   900   -99   -99   -99   900   900   903   900 
2018  19.8  22.7  26.2  31.6  34.2  37.1  37.0  35.4  32.9  29.7  26.2  21.3   900   900   900   900   900   900   900   900   900   900   900   900 
2019  21.2  21.3  24.3  29.9  33.2  36.6  35.1  35.6  32.9  29.4  23.9  20.9   900   900   900   900   900   900   900   900   900   900   900   900 
2020  18.7  22.2  23.5 -99.0  33.8  35.9 -99.0  34.8  32.8  28.5  24.2  21.0   900   900   900   -99   900   900   -99   900   900   900   900   900 
