Number= 415160
Name= GILGIT
Country= PAKISTAN
Lat=   35.9
Long=  -74.3
Height= 1460
Start year= 1945
End year= 1979
First Good year= 1945
Source ID= 99
Source file= Jones
Jones data to= 1979
Normals source= Data
Normals source start year= 1961
Normals source end year= 1979
Normals=  22.3  16.1   9.5   4.2   3.1   6.4  11.8  16.4  18.8  25.3  27.6  27.0 
Standard deviations source= Data
Standard deviations source start year= 1945
Standard deviations source end year= 1979
Standard deviations=   2.1   1.4   1.2   1.0   1.1   1.3   1.2   1.5   2.5   2.1   1.8   1.7 
Obs:
1945  25.9  17.7  11.2   4.4 -99.0 -99.0 -99.0  21.2  24.3  27.4  30.4 -99.0   506   506   506   506   -99   -99   -99   506   506   506   506   -99 
1946 -99.0 -99.0 -99.0 -99.0   3.2   7.4  14.2  18.1  23.4  25.4  28.3  30.4   -99   -99   -99   -99   506   506   506   506   506   506   506   506 
1947  27.1  17.2  12.2   5.4 -99.0   7.6  11.6  17.3  22.8 -99.0 -99.0 -99.0   506   506   506   506   -99   506   506   506   506   -99   -99   -99 
1948 -99.0 -99.0 -99.0 -99.0   4.8   6.9 -99.0 -99.0  22.5  22.6  30.7  26.9   -99   -99   -99   -99   506   506   -99   -99   506   506   506   506 
1949  26.3  18.6   9.6   4.3   3.9   4.1  10.0 -99.0 -99.0 -99.0 -99.0 -99.0   506   506   506   506   506   506   506   -99   -99   -99   -99   -99 
1950 -99.0 -99.0 -99.0 -99.0   3.7 -99.0 -99.0 -99.0  21.4 -99.0  27.8 -99.0   -99   -99   -99   -99   506   -99   -99   -99   506   -99   506   -99 
1951 -99.0 -99.0 -99.0 -99.0   2.6   6.1  10.2  18.1  20.2  26.2  26.3  27.6   -99   -99   -99   -99   506   506   506   506   506   506   506   506 
1952  22.8 -99.0 -99.0 -99.0 -99.0 -99.0 -99.0 -99.0 -99.0 -99.0  31.3 -99.0   506   -99   -99   -99   -99   -99   -99   -99   -99   -99   506   -99 
1953  19.6  13.2   8.3   4.9   2.2   6.9  13.9 -99.0 -99.0 -99.0 -99.0 -99.0   506   506   506   506   506   506   506   -99   -99   -99   -99   -99 
1954  17.1 -99.0  10.9   4.9   3.2   9.2  12.3  14.6  19.3  19.6  27.3  29.8   506   -99   506   506   506   506   506   506   506   506   506   506 
1955  23.2  16.3  10.8   7.0   3.6   7.4  12.5  17.6  23.6  24.2  29.5  25.1   506   506   506   506   506   506   506   506   506   506   506   506 
1956  24.4  17.0  10.7   5.3   4.1   5.6  11.8  17.7  18.2  22.6  27.9  28.5   506   506   506   506   506   506   506   506   506   506   506   506 
1957  21.8  15.6   9.7   5.8   6.1   7.9  13.3  18.4  18.8  23.2  30.3  27.4   506   506   506   506   506   506   506   506   506   506   506   506 
1958  24.4  17.9  10.6   7.4   4.6   5.9  12.6  18.9  18.6  24.5  26.2  27.6   506   506   506   506   506   506   506   506   506   506   506   506 
1959  26.5  19.4  10.4   5.1   3.3   9.9  11.1  14.8  19.1  23.2  27.9  29.2   506   506   506   506   506   506   506   506   506   506   506   506 
1960  23.8  17.7  10.5   5.3 -99.0 -99.0 -99.0 -99.0 -99.0 -99.0 -99.0 -99.0   506   506   506   506   -99   -99   -99   -99   -99   -99   -99   -99 
1961 -99.0 -99.0 -99.0 -99.0   2.7   6.9  12.6  16.4  19.9  24.8  26.3  26.8   -99   -99   -99   -99   506   506   506   506   506   506   506   506 
1962  22.3  17.6  10.9   4.2   2.2   8.2  11.7  16.1  20.8  26.7  27.9  27.7   506   506   506   506   506   506   506   506   506   506   506   506 
1963  22.4  17.0   9.8   4.7   2.3   7.1  12.7  15.9  19.6  23.2  26.8  27.9   506   506   506   506   506   506   506   506   506   506   506   506 
1964  23.1  17.2  10.8   5.1   5.2   6.1  11.8  15.0  19.8  24.1  27.3  24.3   506   506   506   506   506   506   506   506   506   506   506   506 
1965  21.9  16.8  10.9   2.8   3.1   8.7  10.8  15.2  18.9  25.5  26.2  26.4   506   506   506   506   506   506   506   506   506   506   506   506 
1966  20.8  14.7   7.6   3.2   2.0   6.5  10.9  16.2  17.5  24.5  28.8  28.2   506   506   506   506   506   506   506   506   506   506   506   506 
1967  22.8  14.2   8.6   5.1   3.5   6.2  12.9  16.3  18.7  25.5  29.2  30.5   506   506   506   506   506   506   506   506   506   506   506   506 
1968  22.7  14.9   7.9   4.5   2.4   5.8  13.9  15.6  20.5  24.2  28.2  27.6   506   506   506   506   506   506   506   506   506   506   506   506 
1969  22.3  16.4   9.9   3.9   3.9   6.5  10.9  17.5  19.8  24.6  26.5  27.4   506   506   506   506   506   506   506   506   506   506   506   506 
1970  23.2  16.7   8.4   3.6   2.1   5.4  12.6  18.1  21.2  28.6  27.6  27.1   506   506   506   506   506   506   506   506   506   506   506   506 
1971  21.3  16.1   9.4   4.3   3.8   4.3  12.0  15.7  18.4  23.9  25.4  24.9   506   506   506   506   506   506   506   506   506   506   506   506 
1972  21.1  14.6   9.9   4.9   2.1   6.4 -99.0  16.6  20.5  27.2  28.4  27.9   506   506   506   506   506   506   -99   506   506   506   506   506 
1973  23.8  15.4   9.2   3.6 -99.0 -99.0 -99.0 -99.0 -99.0 -99.0 -99.0 -99.0   506   506   506   506   -99   -99   -99   -99   -99   -99   -99   -99 
1974 -99.0 -99.0 -99.0 -99.0   2.3   5.1  10.1  16.4  19.2  24.3  25.9  26.3   -99   -99   -99   -99   506   506   506   506   506   506   506   506 
1975  22.4  16.8   7.5   3.9   5.5   5.5  10.7 -99.0  21.5  24.9  31.0  25.1   506   506   506   506   506   506   506   -99   506   506   506   506 
1976  21.9  15.5 -99.0   3.7   3.1   5.9  13.5  18.2  15.5  27.7  30.7  27.7   506   506   -99   506   506   506   506   506   506   506   506   506 
1977  22.9  17.5  11.1   5.0 -99.0 -99.0 -99.0 -99.0 -99.0 -99.0 -99.0 -99.0   506   506   506   506   -99   -99   -99   -99   -99   -99   -99   -99 
1978 -99.0 -99.0 -99.0 -99.0   3.9   7.2  10.5  17.3  11.7  29.1  28.2  29.9   -99   -99   -99   -99   506   506   506   506   506   506   506   506 
1979  21.1  16.9  10.4   5.4 -99.0 -99.0 -99.0 -99.0  16.1  21.2  24.4  23.8   506   506   506   506   -99   -99   -99   -99   506   506   506   506 
