Number= 416850
Name= BARKHAN
Country= PAKISTAN
Lat=   29.9
Long=  -69.7
Height= 1097
Start year= 1991
End year= 2020
First Good year= 1991
Source ID= 98
Source file= Jones
Jones data to= 2012
Normals source start year= 1991
Normals source end year= 1990
Normals= -99.0 -99.0 -99.0 -99.0 -99.0 -99.0 -99.0 -99.0 -99.0 -99.0 -99.0 -99.0 
Standard deviations source= Data
Standard deviations source start year= 1991
Standard deviations source end year= 1990
Obs:
1991 -99.0 -99.0 -99.0 -99.0 -99.0  31.7  32.4  30.0  27.4  22.0  16.5  12.7   -99   -99   -99   -99   -99   506   506   506   506   506   506   506 
1992   9.6 -99.0  15.8  19.5  26.1  31.7  28.3  28.1  26.1  21.8  17.3  14.3   506   -99   506   506   506   506   506   506   506   506   506   506 
1993  10.0  15.6  16.1  23.2  30.1  30.5  29.3  29.7  27.5  22.3  19.2  14.3   506   506   506   506   506   506   506   506   506   506   506   506 
1994  11.0  11.5  19.7  21.6  29.3  31.8  28.3  28.4  25.2  22.1  18.4  12.4   506   506   506   506   506   506   506   506   506   506   506   506 
1995   9.9  13.2  16.0  20.9  28.2  32.0  29.9  28.2  27.5  23.3  17.7  11.7   506   506   506   506   506   506   506   506   506   506   506   506 
1996   9.7  13.4  18.1  24.7  27.5  30.3  29.7  29.4  28.4  22.8  17.5 -99.0   506   506   506   506   506   506   506   506   506   506   506   -99 
1997 -99.0 -99.0 -99.0 -99.0 -99.0 -99.0 -99.0 -99.0 -99.0 -99.0  14.6  10.5   -99   -99   -99   -99   -99   -99   -99   -99   -99   -99   506   506 
1998  10.5  12.8  16.7  24.4  29.0  30.1  31.0  30.9  27.1  24.0  18.2  16.9   506   506   506   506   506   506   506   506   506   506   506   506 
1999  10.5  12.7  18.6  25.8  29.3  31.7  30.6  28.5  28.1  24.0  18.3  14.2   506   506   506   506   506   506   506   506   506   506   506   506 
2000  11.2  11.2  17.5  26.7  32.1  31.9  30.1  29.3  27.7  24.8  17.3  13.7   506   506   506   506   506   506   506   506   506   506   506   506 
2001  10.7  13.3  18.0  23.7  30.6  30.3  28.7  28.6  26.7  24.4  18.1  14.3   506   506   506   506   506   506   506   506   506   506   506   506 
2002  11.2  11.4  18.7  25.2  31.5  31.7  31.1  29.7  26.4  22.9  16.9  12.3   506   506   506   506   506   506   506   506   506   506   506   506 
2003  12.0  12.3  18.3  24.6  27.5  31.9  29.5  28.1  27.2  23.0  16.3  12.5   506   506   506   506   506   506   506   506   506   506   506   506 
2004  10.9  14.2  21.7  26.4  29.5  30.1  30.3  28.5  27.1  20.6  17.7  12.3   506   506   506   506   506   506   506   506   506   506   506   506 
2005   7.7   9.2  16.0  21.6  25.1  28.9  28.3  27.4  26.4  22.2  16.2  11.4   506   506   506   506   506   506   506   506   506   506   506   506 
2006   9.2  15.7  16.4  21.4  27.1 -99.0 -99.0 -99.0 -99.0 -99.0  14.5  10.0   506   506   506   506   506   -99   -99   -99   -99   -99   506   506 
2007   9.9  11.3  15.5  22.5  25.0  27.0  27.1  26.6  24.2  20.1  16.7  10.0   506   506   506   506   506   506   506   506   506   506   506   506 
2008 -99.0 -99.0 -99.0 -99.0 -99.0 -99.0 -99.0 -99.0 -99.0 -99.0 -99.0 -99.0   -99   -99   -99   -99   -99   -99   -99   -99   -99   -99   -99   -99 
2009  10.1  14.0  18.7  22.6  29.4  29.3  29.8  29.8  28.3  22.4  16.6  12.1   506   506   506   506   506   506   506   506   506   506   506   506 
2010  12.2  12.8  21.5  26.3  29.3  29.7  28.7  27.1  26.1  23.6  16.7  11.1   506   506   506   506   506   506   506   506   506   506   506   506 
2011   9.4  11.0  18.3  21.2  29.8  31.6  29.2  27.5  25.6  22.1  18.6  12.2   506   506   506   506   506   506   506   506   506   506   506   506 
2012   8.0   9.3  17.4  22.1  27.8  30.3  30.3  28.2  25.5  21.3  16.5  12.2   506   506   506   506   506   506   506   506   506   506   506   506 
2013  10.8  11.6  18.0  21.8  29.1  30.6  29.5  27.8  27.3  23.3  16.3  12.0   900   900   900   900   900   900   900   900   900   900   900   900 
2014  10.2  10.9  16.4  22.6  25.9  31.5  29.9  28.4  27.4  23.5  17.3  12.6   900   900   900   900   900   900   900   900   900   900   900   900 
2015  11.1  13.9  16.4  24.1  28.9  29.3  27.7  28.7  26.8  23.5  16.6  11.8   900   900   900   900   900   900   900   900   900   900   900   900 
2016  12.5  14.4  18.1  23.2  30.4  31.4  29.8  27.2  27.7  24.3  18.9  16.1   900   900   900   900   900   900   900   900   900   900   900   900 
2017   9.6  13.4  18.8  26.8  29.7  29.8  28.5  28.6  26.9  24.9  16.9  12.1   900   900   900   900   900   900   900   900   900   900   900   900 
2018  12.6  14.6  20.5  25.5  29.0  31.1  29.5  29.9  27.0  23.1  18.2  12.3   900   900   900   900   900   900   900   900   900   900   900   900 
2019  10.4  11.1 -99.0  23.7  26.7  30.3  29.7  27.6  29.2  22.2  15.6  11.3   900   900   -99   900   900   900   900   900   900   900   900   900 
2020   8.4  14.9  15.0  23.1  27.9  29.4  30.1  28.7  27.5  22.9  16.2  12.4   900   900   900   900   900   900   900   900   900   900   900   900 
