Number= 401830
Name= JERUSALEM CENTER
Country= ISRAEL
Lat=   31.8
Long=  -35.2
Height= 815
Start year= 1956
End year= 2012
First Good year= 1956
Source ID= 30
Source file= Jones
Jones data to= 2012
Normals source= Data
Normals source start year= 1961
Normals source end year= 1990
Normals=   9.0  10.0  12.4  16.4  20.0  22.6  23.7  23.9  22.8  20.4  15.7  10.9 
Standard deviations source= Data
Standard deviations source start year= 1956
Standard deviations source end year= 1990
Standard deviations=   1.6   1.9   1.5   1.6   1.4   0.9   0.9   1.0   1.0   1.5   1.8   1.4 
Obs:
1956   9.7  11.6  10.0  15.7  18.2  22.8  24.4  26.3  22.8  19.5  16.8   9.8   506   506   506   506   506   506   506   506   506   506   506   506 
1957   7.1   9.5  11.9  15.0  18.9  22.4  23.5  25.1  22.6  22.6  15.9  11.1   506   506   506   506   506   506   506   506   506   506   506   506 
1958   9.6  11.4  14.7  18.7  18.9  22.2  23.2  25.0  22.1  19.1  16.2  13.3   506   506   506   506   506   506   506   506   506   506   506   506 
1959  10.3   5.2  10.8  17.0  20.5  22.6  21.9  22.9  21.1  18.6  15.7  12.4   506   506   506   506   506   506   506   506   506   506   506   506 
1960  10.5  12.5  12.9  16.2  23.2  21.8  23.6  24.6  22.9  23.7  17.2  14.9   506   506   506   506   506   506   506   506   506   506   506   506 
1961   9.1   7.8  10.4  16.3  20.4  24.1  23.8  24.0  20.6  19.9  15.1  11.2   506   506   506   506   506   506   506   506   506   506   506   506 
1962  10.2   9.4  15.5  14.5  19.9  23.7  24.2  25.2  23.8  22.0  20.2  12.2   506   506   506   506   506   506   506   506   506   506   506   506 
1963  12.5  12.1  11.3  16.8  18.7  23.4  24.0  25.2  23.7  22.6  17.0  11.9   506   506   506   506   506   506   506   506   506   506   506   506 
1964   6.8   8.8  13.2  15.0  18.0  22.0  22.7  23.2  21.4  22.8  15.7  11.4   506   506   506   506   506   506   506   506   506   506   506   506 
1965   8.4  10.5  14.0  14.8  19.4  24.7  24.0  24.3  23.0  18.4  15.4  11.7   506   506   506   506   506   506   506   506   506   506   506   506 
1966  11.1  11.2  12.9  17.2  19.6  23.4  23.7  24.5  21.8  20.9  19.4  11.5   506   506   506   506   506   506   506   506   506   506   506   506 
1967   8.3   7.9   9.5  15.0  18.2  21.5  22.9  23.9  21.5  19.9  14.3  11.2   506   506   506   506   506   506   506   506   506   506   506   506 
1968   7.6   9.8  11.2  17.3  21.8  22.9  25.0  23.5  22.3  19.0  16.3  11.5   506   506   506   506   506   506   506   506   506   506   506   506 
1969   8.2  12.0  14.4  14.4  21.0  24.1  22.5  24.3  24.4  20.1  16.4  12.5   506   506   506   506   506   506   506   506   506   506   506   506 
1970  10.8  11.5  14.2  18.3  20.1  21.8  23.0  23.9  22.4  19.1  15.8   9.4   506   506   506   506   506   506   506   506   506   506   506   506 
1971  11.9  10.1  13.1  13.9  21.5  21.9  22.3  23.8  22.9  19.2  14.7   8.7   506   506   506   506   506   506   506   506   506   506   506   506 
1972   8.3   8.2  12.1  18.1  19.1  21.4  22.2  23.9  23.7  21.4  15.0   9.0   506   506   506   506   506   506   506   506   506   506   506   506 
1973   9.0  12.7  11.9  15.2  19.8  21.3  24.4  23.0  23.3  21.5  12.9  11.0   506   506   506   506   506   506   506   506   506   506   506   506 
1974   6.3   9.6  13.2  15.8  19.5  22.6  24.0  23.1  22.3  22.3  15.8   9.6   506   506   506   506   506   506   506   506   506   506   506   506 
1975   8.6   9.3  13.1  18.7  18.7  21.5  23.4  22.4  22.2  19.6  15.5   9.3   506   506   506   506   506   506   506   506   506   506   506   506 
1976   8.8   7.9  12.0  15.5  20.1  21.4  22.2  22.1  21.7  21.1  17.1  12.3   506   506   506   506   506   506   506   506   506   506   506   506 
1977   8.1  13.4  11.9  15.4  20.8  22.6  24.3  25.5  22.2  18.4  16.5   9.6   506   506   506   506   506   506   506   506   506   506   506   506 
1978   9.5  11.8  13.1  16.8  22.2  22.5  26.2  22.7  21.9  22.2  13.1  11.9   506   506   506   506   506   506   506   506   506   506   506   506 
1979  10.1  12.5  14.0  17.7  19.5  23.7  23.4  24.2  23.3  20.9  17.3   9.4   506   506   506   506   506   506   506   506   506   506   506   506 
1980   8.1   8.6  12.4  16.1  21.3  23.8  23.6  24.1  21.7  21.0  16.7  11.3   506   506   506   506   506   506   506   506   506   506   506   506 
1981   8.0   9.3  13.3  16.6  18.6  22.8  23.9  24.1  24.0  21.9  13.2  12.7   506   506   506   506   506   506   506   506   506   506   506   506 
1982   9.9   7.6  10.2  17.7  18.6  22.6  22.7  23.4  22.7  20.7  12.4   9.2   506   506   506   506   506   506   506   506   506   506   506   506 
1983   5.7   7.5  10.9  15.0  19.9  22.4  23.6  23.6  22.4  18.9  16.9  11.6   506   506   506   506   506   506   506   506   506   506   506   506 
1984   9.3  11.9  13.3  15.1  21.5  21.7  23.2  22.3  23.4  21.2  14.7   9.7   506   506   506   506   506   506   506   506   506   506   506   506 
1985  12.0   8.6  13.1  16.4  21.0  22.4  23.6  25.7  23.2  18.4  17.5  11.7   506   506   506   506   506   506   506   506   506   506   506   506 
1986  10.2  11.2  13.9  18.8  17.3  22.4  23.9  24.0  24.9  19.9  12.3   9.6   506   506   506   506   506   506   506   506   506   506   506   506 
1987  11.1  12.6   9.5  14.7  20.9  22.5  25.0  24.9  23.4  18.6  16.3  11.1   506   506   506   506   506   506   506   506   506   506   506   506 
1988   9.0   9.2  11.3  17.3  22.0  23.3  25.4  24.8  24.3  19.2  13.4  10.7   506   506   506   506   506   506   506   506   506   506   506   506 
1989   6.6   8.7  12.1  21.6  21.6  21.8  24.1  24.4  23.2  19.7  16.1  11.5   506   506   506   506   506   506   506   506   506   506   506   506 
1990   7.7   8.7  12.0  17.2  19.7  22.6  24.0  24.2  22.3  21.9  18.4  14.0   506   506   506   506   506   506   506   506   506   506   506   506 
1991   9.1  10.3  14.0  18.5  20.4  23.1  23.0  23.4  22.9  21.4  16.3   8.2   506   506   506   506   506   506   506   506   506   506   506   506 
1992   6.0   5.8   9.9  15.2  19.1  22.8  23.3  24.6  22.7  22.5  15.1   8.4   506   506   506   506   506   506   506   506   506   506   506   506 
1993   7.8   7.9  11.5  17.1  19.2  23.6  24.0  25.2  23.1  22.3  14.9  13.6   506   506   506   506   506   506   506   506   506   506   506   506 
1994  10.8   9.9  12.3  19.9  21.9  22.3  23.8  25.0  25.1  23.4  13.7   8.9   506   506   506   506   506   506   506   506   506   506   506   506 
1995  10.3  11.0  13.3  15.9  21.4  24.0  24.1  24.7  24.1  20.0  14.4  11.2   506   506   506   506   506   506   506   506   506   506   506   506 
1996   9.8  11.3  11.5  15.8  22.2  22.7  25.1  25.1  23.8  19.6  17.0  13.3   506   506   506   506   506   506   506   506   506   506   506   506 
1997  11.4   7.9   9.9  14.5  22.3  23.0  24.3  22.8  22.1  21.3  16.3  12.0   506   506   506   506   506   506   506   506   506   506   506   506 
1998   9.1  10.6  11.0  18.2  20.9  23.0  25.5  26.9  24.6  22.1  18.6  13.1   506   506   506   506   506   506   506   506   506   506   506   506 
1999  11.0  11.6  13.8  16.6  22.4  22.3  24.2  25.7  23.8  20.9  16.9  13.7   506   506   506   506   506   506   506   506   506   506   506   506 
2000   8.1   9.5  11.4  18.3  20.1  23.6  27.1  24.3  23.0  19.1  16.4  11.4   506   506   506   506   506   506   506   506   506   506   506   506 
2001  11.0  10.4  17.4  18.1  20.4  24.0  25.3  24.9  23.1  20.6  15.5  11.6   506   506   506   506   506   506   506   506   506   506   506   506 
2002   7.9  13.0  15.0  15.5  19.2  22.6  25.9  24.8  24.4  22.1  16.8  11.1   506   506   506   506   506   506   506   506   506   506   506   506 
2003  11.7   8.4   9.9  16.5  24.2  23.3  24.6  25.3  22.8  21.6  16.9  10.9   506   506   506   506   506   506   506   506   506   506   506   506 
2004   9.6  10.5  15.3  17.1  19.7  22.5  25.5  24.1  23.9  22.5  15.8  10.6   506   506   506   506   506   506   506   506   506   506   506   506 
2005  10.1   9.7  13.6  17.3  19.5  22.1  25.0  25.2  23.7  20.4  15.6  14.5   506   506   506   506   506   506   506   506   506   506   506   506 
2006   9.9  11.7  13.8  16.6  20.7  23.7  23.8  25.8  24.4  20.3  14.9  10.6   506   506   506   506   506   506   506   506   506   506   506   506 
2007   9.6  11.0  12.6  15.9  22.2  23.9  25.5  25.1  23.1  22.0  17.0  11.8   506   506   506   506   506   506   506   506   506   506   506   506 
2008   7.2   9.7  17.2  19.3  19.7  24.5  25.2  25.9  24.1  20.1  17.3  12.9   506   506   506   506   506   506   506   506   506   506   506   506 
2009  10.9  11.2  11.7  17.2  20.1  25.0  25.3  25.0  22.9  23.8  15.7  13.4   506   506   506   506   506   506   506   506   506   506   506   506 
2010  13.4  13.3  16.4  18.4  21.5  24.0  24.9  27.7  25.1  23.9  21.2  14.2   506   506   506   506   506   506   506   506   506   506   506   506 
2011  10.8  10.8  13.2  16.3  19.7  22.1  26.2  24.6  23.6  20.2  13.1  11.8   506   506   506   506   506   506   506   506   506   506   506   506 
2012   8.4   9.1  11.5  18.9  21.6  25.6  27.0  26.6  25.1  23.5  18.2   0.0   506   506   506   506   506   506   506   506   506   506   506   506 
