Number= 408560
Name= ZAHEDAN
Country= IRAN
Lat=   29.5
Long=  -60.9
Height= 1370
Start year= 1961
End year= 2020
First Good year= 1961
Source ID= 31
Source file= Jones
Jones data to= 2012
Normals source= Data
Normals source start year= 1961
Normals source end year= 1990
Normals=   6.8   9.5  14.7  19.8  24.2  27.4  28.4  26.4  22.3  17.9  12.4   8.4 
Standard deviations source= Data
Standard deviations source start year= 1961
Standard deviations source end year= 1990
Standard deviations=   1.9   2.3   1.8   1.6   1.2   0.9   0.8   1.3   1.2   1.8   1.7   1.8 
Obs:
1961   6.9   8.4  15.8  16.9  24.5  27.0  28.8  26.1  24.2  16.3  11.3   9.0   506   506   506   506   506   506   506   506   506   506   506   506 
1962   5.3  12.3  15.3  19.6  23.1  25.1  27.8  25.1  19.2  16.8   8.9   6.5   506   506   506   506   506   506   506   506   506   506   506   506 
1963   8.2  13.1  15.9  20.6  23.5  28.0  28.2  26.3  22.2  19.8  13.1   8.2   506   506   506   506   506   506   506   506   506   506   506   506 
1964   1.7  10.6  16.9  20.6  24.2  26.5  28.4  27.1  20.9  14.2  11.2   3.6   506   506   506   506   506   506   506   506   506   506   506   506 
1965   9.0  10.6  14.1  17.8  23.0  26.3  28.5  25.1  21.7  21.4  13.8   7.2   506   506   506   506   506   506   506   506   506   506   506   506 
1966   9.5  12.1  14.9  18.7  23.7  27.7  27.7  25.9  22.6  19.0   7.9   8.3   506   506   506   506   506   506   506   506   506   506   506   506 
1967   5.3  11.0  13.6  18.1  23.0  25.8  27.5  25.5  23.3  17.6  13.9   6.4   506   506   506   506   506   506   506   506   506   506   506   506 
1968   7.6   7.0  15.2  18.8  21.4  27.5  27.1  26.4  22.0  18.2  13.3   9.8   506   506   506   506   506   506   506   506   506   506   506   506 
1969   7.1   7.8  19.0  19.9  23.6  27.1  28.6  25.6  21.5  20.1  10.5  11.3   506   506   506   506   506   506   506   506   506   506   506   506 
1970   7.7  11.3  12.7  21.1  25.6  28.0  28.1  28.4  22.5  18.7  13.3   8.6   506   506   506   506   506   506   506   506   506   506   506   506 
1971   4.6  10.2  15.0  20.6  25.7  27.9  27.9  26.3  20.2  16.0  13.3  10.1   506   506   506   506   506   506   506   506   506   506   506   506 
1972   6.4   2.9  13.8  17.6  22.8  27.1  26.4  23.7  22.0  17.5  13.7   6.0   506   506   506   506   506   506   506   506   506   506   506   506 
1973   1.4  12.1  15.9  21.5  25.4  29.0  28.9  26.7  22.2  16.9  12.4   6.8   506   506   506   506   506   506   506   506   506   506   506   506 
1974   5.8   6.2  15.4  20.7  23.8  27.1  28.2  25.3  22.8  13.8  11.5   7.8   506   506   506   506   506   506   506   506   506   506   506   506 
1975   5.9   9.4  13.9  17.5  24.0  26.5  28.2  26.3  22.1  16.5  11.2   7.8   506   506   506   506   506   506   506   506   506   506   506   506 
1976   8.8   7.8  11.7  18.1  24.5  26.0  29.1  26.8  24.0  20.3   9.5   7.2   506   506   506   506   506   506   506   506   506   506   506   506 
1977   5.5   9.4  18.0  19.8  24.3  28.6  29.2  27.2  21.0  20.5  14.0  10.7   506   506   506   506   506   506   506   506   506   506   506   506 
1978   6.8   9.9  13.5  22.0  25.0  28.0  28.3  25.8  22.8  17.2  11.8  11.4   506   506   506   506   506   506   506   506   506   506   506   506 
1979   7.5   9.8  12.3  22.0  22.1  27.7  29.1  25.5  22.1  19.9  10.4   8.3   506   506   506   506   506   506   506   506   506   506   506   506 
1980   7.4  10.2  15.2  22.7  25.3  27.8  27.6  27.0  23.0  19.7  14.1  10.3   506   506   506   506   506   506   506   506   506   506   506   506 
1981   8.5  11.9  15.6  22.2  25.6  27.6  29.4  26.1  21.9  16.4  13.2  10.6   506   506   506   506   506   506   506   506   506   506   506   506 
1982   7.3   8.0  12.8  19.4  24.0  27.5  28.3  27.3  22.2  19.5  11.9   6.8   506   506   506   506   506   506   506   506   506   506   506   506 
1983   8.0   9.4  12.5  17.9  26.2  29.0  30.6  29.4  25.3  17.6  13.7   7.7   506   506   506   506   506   506   506   506   506   506   506   506 
1984   6.6   5.9  17.1  21.5  24.6  27.9  28.8  29.9  22.8  15.9  14.8   7.0   506   506   506   506   506   506   506   506   506   506   506   506 
1985   8.2  12.2  14.4  19.6  23.5  27.2  29.3  24.6  21.2  17.8  12.5   9.3   506   506   506   506   506   506   506   506   506   506   506   506 
1986   6.3   8.3  11.6  19.6  25.2  28.4  27.5  25.5  21.3  19.4  13.2   7.4   506   506   506   506   506   506   506   506   506   506   506   506 
1987   8.2  11.3  16.3  20.8  24.5  26.2  27.7  27.9  24.7  16.9  12.7   9.7   506   506   506   506   506   506   506   506   506   506   506   506 
1988   8.1  10.1  15.0  20.5  26.0  29.0  29.8  26.8  23.2  17.9  13.8  10.9   506   506   506   506   506   506   506   506   506   506   506   506 
1989   4.6   6.6  13.7  17.5  22.1  27.9  28.7  25.7  22.3  18.5  14.1   9.9   506   506   506   506   506   506   506   506   506   506   506   506 
1990   8.8   9.6  13.1  20.4  25.4  27.3  28.2  27.3  22.6  18.1  12.8   8.5   506   506   506   506   506   506   506   506   506   506   506   506 
1991   7.4   8.5  13.1  19.4  24.7  27.4  27.9  26.1  22.6  17.2  12.7  11.0   506   506   506   506   506   506   506   506   506   506   506   506 
1992   7.2   9.8  11.8  18.9  22.6  28.1  27.4  25.4  20.7  17.4  14.5  11.0   506   506   506   506   506   506   506   506   506   506   506   506 
1993   6.0  11.7  13.2  19.6  25.3  27.4  27.5  25.1  22.7  15.3  14.0   9.0   506   506   506   506   506   506   506   506   506   506   506   506 
1994   7.4   9.9  15.9  18.6  24.7  28.0  29.1  27.6  19.3  17.2  16.5   8.5   506   506   506   506   506   506   506   506   506   506   506   506 
1995   7.9   9.6  12.7  19.2  23.2  27.5  30.0  27.7  22.9  18.7  13.1   7.5   506   506   506   506   506   506   506   506   506   506   506   506 
1996   4.9  10.8  14.2  19.1  22.8  27.3  27.1  25.5  23.9  17.5  10.0   7.5   506   506   506   506   506   506   506   506   506   506   506   506 
1997   7.7   9.8  14.4  18.2  22.9  27.8  29.3  26.9  23.5  19.4  12.2   8.8   506   506   506   506   506   506   506   506   506   506   506   506 
1998   8.3  10.0  16.0  21.6  24.9  26.3  28.9  28.0  23.9  18.6  13.7  12.1   506   506   506   506   506   506   506   506   506   506   506   506 
1999   7.2  11.7  14.4  21.1  24.6  29.0  29.4  27.0  23.5  19.5  15.1   8.0   506   506   506   506   506   506   506   506   506   506   506   506 
2000   8.8   9.4  13.8  22.8  27.9  27.1  26.8  26.6  24.4  19.2  11.6   9.3   506   506   506   506   506   506   506   506   506   506   506   506 
2001   6.1   9.8  15.3  24.3  28.6  30.0  31.4  28.9  22.5  20.4  14.9  12.9   506   506   506   506   506   506   506   506   506   506   506   506 
2002   8.6  11.5  17.1  22.9  28.6  31.4  30.6  29.9  24.9  20.9  13.6   9.3   506   506   506   506   506   506   506   506   506   506   506   506 
2003   9.4  13.6  16.5  22.9  25.7  30.5  32.0  29.2  24.6  20.7  13.0   9.0   506   506   506   506   506   506   506   506   506   506   506   506 
2004  10.6  13.7  14.2  23.2  28.6  31.4  31.3  30.0  25.5  19.6  16.9  10.1   506   506   506   506   506   506   506   506   506   506   506   506 
2005   7.9   9.1  16.4  22.4  25.0  30.8  32.3  30.3  25.7  21.3  14.2  10.1   506   506   506   506   506   506   506   506   506   506   506   506 
2006   7.7  15.2  16.6  23.5  29.3  30.3  32.9  27.6  25.7  22.2  16.9   7.3   506   506   506   506   506   506   506   506   506   506   506   506 
2007   6.9  11.9  15.6  24.5  26.1  28.0  31.2  28.8  24.2  16.5  17.1   8.8   506   506   506   506   506   506   506   506   506   506   506   506 
2008   2.4   8.9  18.7  23.1  28.4  32.6  32.6  29.2  26.2  21.6  12.2   9.1   506   506   506   506   506   506   506   506   506   506   506   506 
2009   7.4  13.1  18.0  21.1  27.2  26.9  30.2  30.4  26.3  17.9  13.5   9.3   506   506   506   506   506   506   506   506   506   506   506   506 
2010   9.5  12.6  18.7  22.4  27.0  28.8  28.8  26.8  21.9  21.2  11.0   6.5   506   506   506   506   506   506   506   506   506   506   506   506 
2011   7.2  10.4  15.4  23.0  28.5  31.3  30.3  29.4  24.9  19.7  15.2   5.8   506   506   506   506   506   506   506   506   506   506   506   506 
2012   8.0   7.5  15.7  20.0  26.2  28.8  31.3  27.0  23.7  19.4  14.0   8.6   506   506   506   506   506   506   506   506   506   506   506   506 
2013 -99.0 -99.0 -99.0  20.0  25.0  29.9  29.2  27.6  25.5  20.1  12.5 -99.0   -99   -99   -99   900   900   900   900   900   900   900   900   -99 
2014   6.4   5.0 -99.0  21.9  25.0  29.9  30.3  28.0  25.6  20.2  12.2   7.3   900   900   -99   900   900   900   900   900   900   900   900   900 
2015   9.9  13.4  13.8  22.7  26.6  29.6  30.9  28.3  22.8 -99.0 -99.0   7.9   900   900   900   900   900   900   900   900   900   -99   -99   900 
2016  10.2  11.0  16.4  20.8  28.3  29.8  31.6  27.4  26.7  19.2  11.7  12.4   900   900   900   900   902   900   900   900   900   900   900   900 
2017 -99.0 -99.0  15.8  22.0  27.6  30.6  30.4  27.6  23.9  20.7  13.4   7.6   -99   -99   900   900   900   900   900   900   900   900   900   900 
2018   8.4  12.4  19.0  21.9  25.0  30.3  31.5  28.7  23.6  18.6  13.0   9.6   900   903   900   900   900   900   900   900   900   900   900   900 
2019 -99.0   9.7  14.0  21.3  24.8  28.8  32.2  28.6  25.7 -99.0  10.0 -99.0   -99   900   900   900   900   900   900   900   900   -99   900   -99 
2020   6.6  12.1  14.0  20.6 -99.0  30.5  30.9  29.1  22.3  15.4  12.2   6.9   900   900   900   900   -99   900   900   900   900   900   900   900 
