Number= 647540
Name= AM_TIMAN
Country= CHAD
Lat=   11.0
Long=  -20.3
Height= 436
Start year= 1950
End year= 1978
First Good year= 1950
Source ID= 99
Source file= Jones
Jones data to= 1978
Normals source= Data
Normals source start year= 1961
Normals source end year= 1978
Normals=  25.1  27.3  30.0  31.3  30.7  28.3  26.2  25.5  26.3  27.1  25.8  24.6 
Standard deviations source= Data
Standard deviations source start year= 1950
Standard deviations source end year= 1978
Standard deviations=   1.0   1.4   0.9   0.9   0.9   0.9   0.7   0.6   0.6   0.6   0.7   1.0 
Obs:
1950 -99.0 -99.0 -99.0 -99.0  31.0  29.8  27.1  26.9  27.4  28.4 -99.0 -99.0   -99   -99   -99   -99   506   506   506   506   506   506   -99   -99 
1951 -99.0 -99.0  29.5  29.7  29.6  28.9 -99.0  26.7  26.8  27.5  25.4  22.5   -99   -99   506   506   506   506   -99   506   506   506   506   506 
1952  25.2  26.9 -99.0 -99.0  30.4  28.8  26.9  24.9  24.9  26.6  24.8  25.0   506   506   -99   -99   506   506   506   506   506   506   506   506 
1953  26.2  27.8  30.9  30.5  28.9  27.1 -99.0  25.7  26.7  28.2  27.1  23.3   506   506   506   506   506   506   -99   506   506   506   506   506 
1954  25.0  29.1  30.8  30.1  29.7  27.6  25.1  24.9  26.0  26.6  26.2  24.0   506   506   506   506   506   506   506   506   506   506   506   506 
1955  24.0  25.5  29.1  30.5  29.6  27.2  26.1  24.9  25.7  26.4  24.4  23.2   506   506   506   506   506   506   506   506   506   506   506   506 
1956  23.0  27.7  30.2  29.6  30.2  27.2  25.6  24.8  25.3  25.4  25.5  23.9   506   506   506   506   506   506   506   506   506   506   506   506 
1957  24.1  24.3  28.1  30.1  29.1  27.1  26.0  25.0  26.0  26.7  25.9  25.1   506   506   506   506   506   506   506   506   506   506   506   506 
1958  25.4  25.5  29.9  31.3  30.8  27.9  25.4  25.3  26.0  26.3  25.3  24.9   506   506   506   506   506   506   506   506   506   506   506   506 
1959  24.5  25.1  29.4  31.4  30.8 -99.0 -99.0 -99.0 -99.0 -99.0 -99.0 -99.0   506   506   506   506   506   -99   -99   -99   -99   -99   -99   -99 
1960 -99.0 -99.0 -99.0 -99.0  30.4  28.7  25.7  26.1  26.4  27.3  25.8  26.3   -99   -99   -99   -99   506   506   506   506   506   506   506   506 
1961  25.8  25.3  28.6  31.6  30.6  27.8  25.3  24.8  25.9  26.4  23.8  23.4   506   506   506   506   506   506   506   506   506   506   506   506 
1962  22.2  26.7  30.2  31.1  29.4  26.8  26.3  24.9  25.9  27.0  26.0  24.4   506   506   506   506   506   506   506   506   506   506   506   506 
1963  24.0  27.2  29.5  30.4  28.8  28.4  25.8  25.3  26.6  26.9  25.3  23.9   506   506   506   506   506   506   506   506   506   506   506   506 
1964  24.8  26.1  29.7  30.3  30.1  27.8  24.9  25.3  25.7  26.1  24.8  23.5   506   506   506   506   506   506   506   506   506   506   506   506 
1965  25.2  26.3  29.9  31.1  31.0  28.0  26.3  25.5  26.4  26.9  26.1  24.8   506   506   506   506   506   506   506   506   506   506   506   506 
1966  27.2  26.9  29.4  31.0  30.8  27.1  26.8  26.4  26.8  27.3  26.0  23.8   506   506   506   506   506   506   506   506   506   506   506   506 
1967  24.6  26.5  29.0  29.9  30.9  28.4  26.5  25.6  26.1  26.5  25.0  25.1   506   506   506   506   506   506   506   506   506   506   506   506 
1968  25.5  25.9  28.4  30.0  30.0  26.7  25.4  25.6  26.1  27.1  26.1  25.5   506   506   506   506   506   506   506   506   506   506   506   506 
1969  24.1  27.0  30.4  31.6  30.9  28.9  26.7  25.9  26.0  27.8  26.6  25.9   506   506   506   506   506   506   506   506   506   506   506   506 
1970  25.5  28.1  29.9  31.7  31.3  30.0  26.3  24.7  26.3  27.5  26.2  23.8   506   506   506   506   506   506   506   506   506   506   506   506 
1971  24.2  26.9  30.6  30.9  31.6  29.3  26.2  25.0  25.3  26.9  25.1  22.9   506   506   506   506   506   506   506   506   506   506   506   506 
1972  25.0  27.0  30.3  31.5  30.4  27.7  26.6  24.8  25.9  27.2  25.5  25.9   506   506   506   506   506   506   506   506   506   506   506   506 
1973  26.8  30.1  31.4  32.9  32.1  29.6  28.1  26.1  27.2  27.5  25.8  24.9   506   506   506   506   506   506   506   506   506   506   506   506 
1974  25.3  28.1  29.5  31.3  29.2  27.9  25.6  26.2  26.5  27.7  26.6  24.2   506   506   506   506   506   506   506   506   506   506   506   506 
1975  25.1  29.4  31.4  32.1  31.6  29.4  26.4  25.0  26.0  27.4  26.5  24.6   506   506   506   506   506   506   506   506   506   506   506   506 
1976  25.7  28.7  31.1  31.7  31.6  28.8  26.8  25.6  26.9  27.0  26.6  26.2   506   506   506   506   506   506   506   506   506   506   506   506 
1977  25.7  27.4  30.4  32.4  31.0  28.7  26.4  25.7  26.7  26.7  26.2  24.7   506   506   506   506   506   506   506   506   506   506   506   506 
1978  24.9  28.5  30.7  32.1  30.4  27.7  25.9  25.8  26.8 -99.0 -99.0  26.0   506   506   506   506   506   506   506   506   506   -99   -99   506 
