Number= 442940
Name= MAANIT
Country= MONGOLIA
Lat=   47.3
Long= -107.5
Height= 1430
Start year= 1956
End year= 2020
First Good year= 1956
Source ID= 31
Source file= Jones
Jones data to= 2013
Normals source= Data
Normals source start year= 1961
Normals source end year= 1990
Normals= -22.3 -19.6 -10.4  -0.1   8.7  14.4  16.2  14.3   7.2  -1.8 -13.3 -20.3 
Standard deviations source= Data
Standard deviations source start year= 1956
Standard deviations source end year= 1990
Standard deviations=   2.5   2.9   3.0   1.7   1.2   1.1   1.1   1.0   1.4   2.0   3.2   2.5 
Obs:
1956 -99.0 -99.0 -99.0 -99.0 -99.0 -99.0  15.6  14.8   7.1  -3.0 -16.1 -24.4   -99   -99   -99   -99   -99   -99   506   506   506   506   506   506 
1957 -25.4 -25.8 -14.1   0.0   6.2  15.2  14.3  12.8   5.0  -1.7 -11.2 -19.1   506   506   506   506   506   506   506   506   506   506   506   506 
1958 -21.3 -18.4 -11.9  -1.1   9.6  15.4  16.0  14.4   7.8  -2.0 -13.0 -17.2   506   506   506   506   506   506   506   506   506   506   506   506 
1959 -22.6 -17.6  -7.0   0.8   8.4  13.0  15.4  14.0   7.0  -0.2 -18.7 -23.0   506   506   506   506   506   506   506   506   506   506   506   506 
1960 -24.4 -17.8 -10.9  -0.4   6.6  13.6  16.5  14.4   7.1  -2.4 -14.6 -21.3   506   506   506   506   506   506   506   506   506   506   506   506 
1961 -21.6 -15.8  -8.2   2.8   7.2  13.6  15.6  12.5   6.7  -4.3 -13.6 -24.6   506   506   506   506   506   506   506   506   506   506   506   506 
1962 -23.5 -19.3 -12.8  -1.3   7.7  13.3  15.8  14.8   6.9  -2.3 -15.9 -15.9   506   506   506   506   506   506   506   506   506   506   506   506 
1963 -15.9 -15.9  -5.6  -3.0   9.6  14.3  16.0  15.9   7.1  -2.9 -14.2 -19.6   506   506   506   506   506   506   506   506   506   506   506   506 
1964 -24.0 -26.2 -14.3   1.1   9.7  15.4  16.0  14.5   6.0  -4.8 -10.8 -22.0   506   506   506   506   506   506   506   506   506   506   506   506 
1965 -24.1 -20.1  -9.2  -0.3   9.1  15.5  13.2  14.4   7.5   0.5 -11.6 -19.8   506   506   506   506   506   506   506   506   506   506   506   506 
1966 -22.3 -16.6 -10.7  -1.4   9.3  14.0  15.1  13.9   8.6  -0.7 -14.0 -24.0   506   506   506   506   506   506   506   506   506   506   506   506 
1967 -22.2 -19.9  -8.3   0.0  10.8  13.3  16.2  14.6   7.4  -0.7 -15.2 -22.6   506   506   506   506   506   506   506   506   506   506   506   506 
1968 -24.2 -22.7 -10.4   0.4   8.0  16.0  18.7  13.3   5.4  -2.3 -15.4 -21.4   506   506   506   506   506   506   506   506   506   506   506   506 
1969 -28.8 -27.1 -11.8  -0.3   8.3  16.1  16.9  12.8   6.0  -1.0 -12.2 -20.1   506   506   506   506   506   506   506   506   506   506   506   506 
1970 -20.2 -18.1 -16.0  -0.2   7.9  15.8  18.0  16.0   2.0  -6.0 -23.5 -25.7   506   506   506   506   506   506   506   506   506   506   506   506 
1971 -22.7 -23.0 -15.5  -0.4   8.8  13.5  15.4  14.0   5.6  -1.4  -8.8 -19.8   506   506   506   506   506   506   506   506   506   506   506   506 
1972 -22.1 -20.8  -7.4   0.8   9.7  14.9  17.3  14.5   7.3  -2.5 -13.0 -20.1   506   506   506   506   506   506   506   506   506   506   506   506 
1973 -21.9 -19.7  -8.2   0.4   7.3  15.9  15.1  13.0   9.4  -1.9  -8.8 -15.1   506   506   506   506   506   506   506   506   506   506   506   506 
1974 -20.8 -20.4 -12.4   1.0   8.0  13.9  16.3  16.0   6.4  -4.6 -13.4 -21.5   506   506   506   506   506   506   506   506   506   506   506   506 
1975 -20.3 -19.5  -9.8  -1.1   8.5  14.3  15.4  15.9   8.8  -1.2  -9.9 -20.2   506   506   506   506   506   506   506   506   506   506   506   506 
1976 -17.9 -13.8 -11.0  -2.4   6.6  13.5  15.7  12.5   8.1  -3.3 -18.3 -23.3   506   506   506   506   506   506   506   506   506   506   506   506 
1977 -28.2 -21.7 -11.5   0.6   7.4  14.5  17.1  15.3   8.6  -1.0 -10.5 -20.0   506   506   506   506   506   506   506   506   506   506   506   506 
1978 -21.7 -19.0  -8.9   0.1   7.8  14.6  14.7  14.4   8.8  -2.3 -11.3 -20.6   506   506   506   506   506   506   506   506   506   506   506   506 
1979 -23.0 -17.2  -9.5  -2.8   9.2  15.6  15.8  14.3   6.1   1.5 -15.0 -21.1   506   506   506   506   506   506   506   506   506   506   506   506 
1980 -23.7 -20.4 -13.2  -3.5   8.4  15.9  18.6  15.7   7.0  -3.2  -9.5 -19.0   506   506   506   506   506   506   506   506   506   506   506   506 
1981 -21.5 -18.1  -6.7   3.5   8.3  14.7  18.6  13.2   8.0  -4.2 -13.7 -17.2   506   506   506   506   506   506   506   506   506   506   506   506 
1982 -20.1 -15.5  -9.1   3.5   7.7  14.2  16.2  14.2   7.6   1.3 -14.2 -19.5   506   506   506   506   506   506   506   506   506   506   506   506 
1983 -20.7 -19.3  -7.1  -1.5  10.5  12.1  15.7  15.0   7.5   0.8  -9.6 -16.7   506   506   506   506   506   506   506   506   506   506   506   506 
1984 -22.3 -20.5 -11.5  -1.3  10.5  14.5  15.7  13.2   7.6  -1.5 -12.5 -21.5   506   506   506   506   506   506   506   506   506   506   506   506 
1985 -22.5 -20.5 -14.5  -0.2   9.0  14.0  15.7  13.2   6.0  -1.0 -13.8 -21.0   506   506   506   506   506   506   506   506   506   506   506   506 
1986 -19.6 -19.0  -6.3  -1.7  10.6  16.0  15.5  14.2   8.1  -2.5 -15.5 -22.7   506   506   506   506   506   506   506   506   506   506   506   506 
1987 -21.2 -20.1 -14.5   2.1   8.5  12.8  16.1  14.3   8.7  -5.0 -18.6 -18.5   506   506   506   506   506   506   506   506   506   506   506   506 
1988 -24.5 -22.3 -14.3   0.3   7.1  14.1  17.0  15.5   8.5  -0.5  -8.5 -18.7   506   506   506   506   506   506   506   506   506   506   506   506 
1989 -21.4 -18.5  -7.9   2.7   9.6  13.8  16.7  15.6   6.3   0.2 -15.0 -17.6   506   506   506   506   506   506   506   506   506   506   506   506 
1990 -24.9 -17.0  -4.6  -0.7   9.9  12.8  16.4  13.0   7.1   2.9 -12.9 -19.9   506   506   506   506   506   506   506   506   506   506   506   506 
1991 -25.3 -19.9 -14.2  -2.1   8.8  14.9  16.4  17.7   7.9   0.1 -12.4 -20.4   506   506   506   506   506   506   506   506   506   506   506   506 
1992 -18.8 -15.0  -9.0   0.6  11.7  15.0  16.4  14.8   6.7  -1.9 -10.7 -18.8   506   506   506   506   506   506   506   506   506   506   506   506 
1993 -22.8 -14.5  -5.9  -1.1   8.1  14.1  15.9  13.1   8.2  -0.9 -16.1 -19.9   506   506   506   506   506   506   506   506   506   506   506   506 
1994 -21.4 -19.4 -10.5   2.4   9.7  16.4  16.8  14.4   7.3  -1.2  -8.2 -21.7   506   506   506   506   506   506   506   506   506   506   506   506 
1995 -20.4 -15.5  -8.4  -1.2   5.6  14.4  17.4  15.3   7.4   0.3  -8.2 -18.0   506   506   506   506   506   506   506   506   506   506   506   506 
1996 -21.9 -17.9 -10.3   0.4  10.7  12.7  17.4  15.1   6.9  -2.3 -15.5 -18.2   506   506   506   506   506   506   506   506   506   506   506   506 
1997 -22.2 -17.1  -5.2   2.0   9.3  16.2  17.4  15.1   6.0  -0.9 -13.1 -19.4   506   506   506   506   506   506   506   506   506   506   506   506 
1998 -24.9 -14.4  -7.0   4.8   9.3  13.1  18.8  15.0   9.8   0.8 -11.2 -20.0   506   506   506   506   506   506   506   506   506   506   506   506 
1999 -22.7 -15.1 -14.1   2.2  10.9  14.9  19.6  15.6   8.4  -1.5  -9.6 -17.8   506   506   506   506   506   506   506   506   506   506   506   506 
2000 -25.8 -19.7  -6.5   1.7  11.9  19.3  19.5  15.7  10.3  -3.5 -18.7 -22.7   506   506   506   506   506   506   506   506   506   506   506   506 
2001 -26.7 -21.6  -8.6   1.6  10.3  17.5  18.9  16.8  13.1   1.0  -9.5 -22.9   506   506   506   506   506   506   506   506   506   506   506   506 
2002 -18.4 -13.8  -5.1   0.2  10.5  16.2  20.5  19.0   9.0  -4.5 -17.4 -24.8   506   506   506   506   506   506   506   506   506   506   506   506 
2003 -21.9 -18.3 -12.8   2.3   9.0  15.9  17.8  13.4   9.4  -0.6 -14.3 -21.4   506   506   506   506   506   506   506   506   506   506   506   506 
2004 -21.4 -15.7 -10.7   3.7   9.3  17.1  18.4  15.4   8.7  -0.3 -10.8 -18.4   506   506   506   506   506   506   506   506   506   506   506   506 
2005 -22.8 -24.4  -9.1   1.1   8.4  15.5  19.5  17.0   8.2   0.8 -10.2 -20.1   506   506   506   506   506   506   506   506   506   506   506   506 
2006 -20.8 -18.4  -8.4  -1.6   7.6  14.6  17.8  17.3  10.4   0.8  -9.8 -18.7   506   506   506   506   506   506   506   506   506   506   506   506 
2007 -19.4 -11.5 -10.3   2.3  11.2  18.4  20.9  17.9  12.3  -0.6 -11.0 -17.2   506   506   506   506   506   506   506   506   506   506   506   506 
2008 -23.6 -18.0  -4.3   3.4   7.2  16.1  19.0  17.1   9.2   0.2  -8.4 -19.4   506   506   506   506   506   506   506   506   506   506   506   506 
2009 -21.9 -18.9  -9.0   5.3  10.8  15.0  17.7  15.0   8.3  -1.2 -18.3 -23.6   506   506   506   506   506   506   506   506   506   506   506   506 
2010 -25.9 -23.8 -15.5  -3.8  10.3  18.5  20.5  14.5  11.0   0.2 -10.7 -20.6   506   506   506   506   506   506   506   506   506   506   506   506 
2011 -23.2 -16.4 -10.5   2.6   7.6  16.8  16.3  17.4   6.6   1.6 -13.9 -24.1   506   506   506   506   506   506   506   506   506   506   506   506 
2012 -27.5 -22.7 -11.1   1.8  10.5  14.6  17.2  14.9   9.3  -2.1 -15.8 -25.4   506   506   506   506   506   506   506   506   506   506   506   506 
2013 -23.8 -23.4  -7.9  -0.8  11.1  15.0  17.0  15.1   8.4  -0.7  -9.0 -17.0   506   506   506   506   506   506   506   506   506   506   506   506 
2014 -19.5 -19.4  -6.3   5.5   7.4  14.6  17.2  15.4   8.6   0.9 -11.5 -18.0   900   900   900   900   900   900   900   900   900   900   900   900 
2015 -17.8 -14.8  -8.4   2.0   8.0  15.8  19.2 -99.0   9.9   1.4 -15.1 -20.3   900   900   900   900   900   900   900   -99   900   900   900   900 
2016 -24.0 -17.7  -6.6   2.4   8.5  15.1  20.8  17.6   9.9  -2.9 -15.2 -18.9   900   900   900   900   900   900   900   900   900   900   900   900 
2017 -23.3 -17.7  -5.7   3.8  12.0  18.8  20.1  14.7   8.5  -1.5 -15.6 -18.9   900   900   900   900   900   900   900   900   900   900   900   900 
2018 -23.7 -19.1  -3.7   3.7  12.7  17.6  17.3  16.4   7.3   0.7 -10.8 -21.4   900   900   900   900   900   900   900   900   900   900   900   900 
2019 -19.1 -18.6  -5.5   2.7   8.7  16.9  18.7  14.9  11.9  -0.3 -11.5 -18.3   900   900   900   900   900   900   900   900   900   900   900   900 
2020 -19.4 -14.3  -7.4   4.3  10.4  16.4  17.8  14.7   9.6  -2.1 -11.0 -24.4   900   900   900   900   900   900   900   900   900   900   900   900 
