Number= 480640
Name= MINBU
Country= MYANMAR
Lat=   20.1
Long=  -94.8
Height= 51
Start year= 1965
End year= 2000
First Good year= 1965
Source ID= 85
Source file= Jones
Jones data to= 2000
Normals source= Data
Normals source start year= 1965
Normals source end year= 1990
Normals=  21.7  24.3  29.0  32.2  32.1  29.6  29.1  28.9  28.8  28.3  25.6  22.2 
Standard deviations source= Data
Standard deviations source start year= 1965
Standard deviations source end year= 1990
Standard deviations=   0.7   0.9   0.7   1.1   1.1   0.8   0.7   0.4   0.6   0.8   1.3   0.8 
Obs:
1965  21.4  26.2  30.9  33.7  32.1  29.5  28.6  29.1  29.5  28.1  25.7  22.2   506   506   506   506   506   506   506   506   506   506   506   506 
1966  22.8  25.1  28.2  33.1  32.4  29.0  28.9  29.1  28.8  27.4  27.8  22.9   506   506   506   506   506   506   506   506   506   506   506   506 
1967  22.2  24.4  28.4  31.7  31.7  30.6  29.2  28.3  28.2  27.6  25.0  22.4   506   506   506   506   506   506   506   506   506   506   506   506 
1968  21.4  23.7  28.9  29.8  31.9  28.8  28.8  28.8  28.9  27.6  25.9  22.9   506   506   506   506   506   506   506   506   506   506   506   506 
1969  21.1  24.2  28.7  32.5  32.8  29.1  29.0  28.6  29.2  27.7  25.4  22.7   506   506   506   506   506   506   506   506   506   506   506   506 
1970  21.7  23.6  28.8  32.5  30.8  30.0  28.3  28.5  28.5  27.5  24.2  21.7   506   506   506   506   506   506   506   506   506   506   506   506 
1971  21.8  23.7  28.7  31.3  32.6  30.0  28.5  28.3  28.8  27.1  23.4  21.6   506   506   506   506   506   506   506   506   506   506   506   506 
1972  21.8  23.6  29.0  32.2  34.1  31.6  30.4  29.1  30.3  30.3  26.9  22.8   506   506   506   506   506   506   506   506   506   506   506   506 
1973  23.1  26.0  29.9  34.7  31.4  30.3  29.3  28.7  28.8  28.5  24.2  21.5   506   506   506   506   506   506   506   506   506   506   506   506 
1974  20.5  23.8  28.6  32.0  31.6  29.0  28.5  28.7  28.5  29.1  26.5  21.4   506   506   506   506   506   506   506   506   506   506   506   506 
1975  21.7 -99.0 -99.0 -99.0 -99.0 -99.0 -99.0 -99.0 -99.0 -99.0 -99.0  20.8   506   -99   -99   -99   -99   -99   -99   -99   -99   -99   -99   506 
1976  21.1  23.8  29.6  33.1  30.5  28.7  28.4 -99.0  27.4 -99.0 -99.0 -99.0   506   506   506   506   506   506   506   -99   506   -99   -99   -99 
1977 -99.0 -99.0 -99.0 -99.0 -99.0 -99.0 -99.0 -99.0 -99.0 -99.0 -99.0 -99.0   -99   -99   -99   -99   -99   -99   -99   -99   -99   -99   -99   -99 
1978 -99.0 -99.0 -99.0 -99.0 -99.0  29.6 -99.0 -99.0  29.0  28.7  26.0  22.9   -99   -99   -99   -99   -99   506   -99   -99   506   506   506   506 
1979  22.2  23.6  29.9  33.3  34.5  31.4  30.5  29.9  30.0  28.9  28.6  23.0   506   506   506   506   506   506   506   506   506   506   506   506 
1980  22.0 -99.0 -99.0 -99.0  32.4  29.5  29.4  28.9  29.7  29.3  25.5  22.4   506   -99   -99   -99   506   506   506   506   506   506   506   506 
1981  21.9  24.7  29.2  32.8  33.6  29.4  29.6  28.9  28.5  28.6  25.4  21.5   506   506   506   506   506   506   506   506   506   506   506   506 
1982 -99.0  24.6  29.2  32.8  33.2  30.3  30.7  29.3  28.5  28.1  24.5  20.9   -99   506   506   506   506   506   506   506   506   506   506   506 
1983  20.7  24.8  28.6  31.5  31.2  28.0  28.2  28.6  28.7  28.4  24.9  21.4   506   506   506   506   506   506   506   506   506   506   506   506 
1984  21.1  23.0  30.0  32.2  30.9  29.2  28.4  29.0  28.6  28.9  23.9 -99.0   506   506   506   506   506   506   506   506   506   506   506   -99 
1985  21.8  24.8  28.5  32.3  32.4  29.6  28.9  29.2  28.5  27.4  24.6  22.3   506   506   506   506   506   506   506   506   506   506   506   506 
1986  21.9  22.9  28.3  30.0  32.9  29.2  28.8  28.9  27.9  27.5  26.8  23.5   506   506   506   506   506   506   506   506   506   506   506   506 
1987  22.8 -99.0  29.6  32.6  31.7  29.2  29.6  29.5  29.1  28.8  26.0  23.9   506   -99   506   506   506   506   506   506   506   506   506   506 
1988  20.5  24.5  28.0  31.0  31.6  29.2  28.8  28.6  29.4  27.4  24.8  21.2   506   506   506   506   506   506   506   506   506   506   506   506 
1989  21.7  25.2  28.1  31.7  30.7  30.1  29.1  28.6  28.7  29.0  26.6  22.9   506   506   506   506   506   506   506   506   506   506   506   506 
1990 -99.0 -99.0 -99.0 -99.0 -99.0 -99.0 -99.0 -99.0 -99.0 -99.0 -99.0 -99.0   -99   -99   -99   -99   -99   -99   -99   -99   -99   -99   -99   -99 
1991  22.6  24.9  30.4  32.6  32.2  30.3  29.1  29.1  29.9  28.6  25.3  21.8   506   506   506   506   506   506   506   506   506   506   506   506 
1992  20.6  23.1  29.0  32.2  31.4  30.4  28.5  28.9  28.9  27.2  25.4  21.1   506   506   506   506   506   506   506   506   506   506   506   506 
1993  20.9  24.6  28.1  31.7  31.8  29.4  30.0  29.0  28.4  28.9  25.8  23.7   506   506   506   506   506   506   506   506   506   506   506   506 
1994  22.6  25.0  28.7  32.7  33.5  30.3  29.4  28.8  29.1  29.1  26.5  22.4   506   506   506   506   506   506   506   506   506   506   506   506 
1995  22.7  24.6  29.8  33.7  32.3  29.8  28.3  29.0  29.0  28.6  25.9  21.4   506   506   506   506   506   506   506   506   506   506   506   506 
1996  21.2  24.5  28.4  31.1  30.5  29.4  28.7  27.6  28.2  27.5  24.8  22.7   506   506   506   506   506   506   506   506   506   506   506   506 
1997  20.2  23.0  28.4  29.5  31.6  29.0  27.7  27.6  26.7  26.1  25.2  22.1   506   506   506   506   506   506   506   506   506   506   506   506 
1998  20.8  24.5  28.8  32.6  32.5  31.1  29.1  29.4  28.6  28.5  25.5  21.3   506   506   506   506   506   506   506   506   506   506   506   506 
1999  21.6  26.8  29.9  33.4  29.9  28.3  28.4  27.8  28.3  27.4  24.7  20.8   506   506   506   506   506   506   506   506   506   506   506   506 
2000  20.0  24.1  28.2  32.8  29.9  28.9  29.2  29.8  28.8  27.9  25.1  22.0   506   506   506   506   506   506   506   506   506   506   506   506 
