Number= 481100
Name= MERGUI
Country= MYANMAR
Lat=   12.4
Long=  -98.6
Height= 37
Start year= 1931
End year= 2013
First Good year= 1931
Source ID= 10
Source file= Jones
Jones data to= 2013
Normals source= Data
Normals source start year= 1961
Normals source end year= 1990
Normals=  26.0  27.3  28.2  29.0  28.2  26.5  26.4  26.3  26.5  26.9  27.0  26.0 
Standard deviations source= Data
Standard deviations source start year= 1941
Standard deviations source end year= 1990
Standard deviations=   0.8   0.7   0.7   0.5   0.7   0.5   0.5   0.6   0.6   0.5   0.7   0.7 
Obs:
1931  26.6  27.6  27.8  28.8  28.5  27.2  26.5  26.4  27.1  26.4  25.9  26.2   506   506   506   506   506   506   506   506   506   506   506   506 
1932  24.2  24.2  26.9  27.9  28.3  26.2  25.5  26.8  25.5  26.6  26.4  24.4   506   506   506   506   506   506   506   506   506   506   506   506 
1933  26.6  26.6  27.3  28.1  28.5  26.1  25.9  26.6  26.0  26.3  26.1  25.3   506   506   506   506   506   506   506   506   506   506   506   506 
1934  25.4  25.6  27.5  27.7  27.1  26.9  26.4  25.6  25.6  26.8  26.5  23.4   506   506   506   506   506   506   506   506   506   506   506   506 
1935  25.8  26.1  27.8  28.1  27.4  26.7  25.9  26.3  25.3  26.8  26.6  26.1   506   506   506   506   506   506   506   506   506   506   506   506 
1936  24.7  25.7  27.2  28.3  27.7  26.3  26.1  25.6  26.2  26.0  26.3  26.6   506   506   506   506   506   506   506   506   506   506   506   506 
1937  25.6  26.5  27.1  28.1  27.7  26.7  26.2  26.3  26.4  26.7  27.5  25.8   506   506   506   506   506   506   506   506   506   506   506   506 
1938  26.4  27.2  27.9  28.8  28.1  26.7  26.1  26.8  26.3  26.4  26.9  26.8   506   506   506   506   506   506   506   506   506   506   506   506 
1939  26.4  27.3  27.5  28.4  26.9  26.4  26.4  26.4  25.9  26.6  26.7  23.9   506   506   506   506   506   506   506   506   506   506   506   506 
1940  23.4  26.5  27.5  29.3  28.1  26.6  26.4  25.6  26.2  27.2  27.3  26.4   506   506   506   506   506   506   506   506   506   506   506   506 
1941 -99.0 -99.0 -99.0 -99.0 -99.0 -99.0 -99.0 -99.0 -99.0 -99.0 -99.0 -99.0   -99   -99   -99   -99   -99   -99   -99   -99   -99   -99   -99   -99 
1942 -99.0 -99.0 -99.0 -99.0 -99.0 -99.0 -99.0 -99.0 -99.0 -99.0 -99.0 -99.0   -99   -99   -99   -99   -99   -99   -99   -99   -99   -99   -99   -99 
1943 -99.0 -99.0 -99.0 -99.0 -99.0 -99.0 -99.0 -99.0 -99.0 -99.0 -99.0 -99.0   -99   -99   -99   -99   -99   -99   -99   -99   -99   -99   -99   -99 
1944 -99.0 -99.0 -99.0 -99.0 -99.0 -99.0 -99.0 -99.0 -99.0 -99.0 -99.0 -99.0   -99   -99   -99   -99   -99   -99   -99   -99   -99   -99   -99   -99 
1945 -99.0 -99.0 -99.0 -99.0 -99.0 -99.0 -99.0 -99.0 -99.0 -99.0 -99.0 -99.0   -99   -99   -99   -99   -99   -99   -99   -99   -99   -99   -99   -99 
1946 -99.0 -99.0 -99.0 -99.0 -99.0 -99.0 -99.0 -99.0 -99.0 -99.0 -99.0 -99.0   -99   -99   -99   -99   -99   -99   -99   -99   -99   -99   -99   -99 
1947 -99.0 -99.0 -99.0 -99.0 -99.0 -99.0 -99.0 -99.0 -99.0 -99.0 -99.0 -99.0   -99   -99   -99   -99   -99   -99   -99   -99   -99   -99   -99   -99 
1948  25.5  26.9  27.8  27.8  27.4  26.7  26.3  25.7  25.6  26.3  25.7  25.8   506   506   506   506   506   506   506   506   506   506   506   506 
1949  25.7  26.3  27.4  28.4  28.1  26.5  26.1  26.2  25.9  26.4 -99.0 -99.0   506   506   506   506   506   506   506   506   506   506   -99   -99 
1950  25.9  26.9  28.1  28.4  27.7  26.7  25.7  26.1  25.9  26.3  26.6  24.7   506   506   506   506   506   506   506   506   506   506   506   506 
1951  25.8  26.3  28.2  28.8  27.7  27.6  26.4  26.5  26.8  26.5  27.3  25.8   506   506   506   506   506   506   506   506   506   506   506   506 
1952  26.2  27.5  27.7  28.4  28.6  26.6  26.6  25.8  26.2  26.6  26.7  24.7   506   506   506   506   506   506   506   506   506   506   506   506 
1953  26.1  26.9  30.0  30.1  27.2  26.7  26.1  26.4  26.1  27.2  26.7  25.6   506   506   506   506   506   506   506   506   506   506   506   506 
1954  26.9  26.9  27.8  28.6  27.5  26.7  26.7  26.1  25.0  27.2  25.6  26.1   506   506   506   506   506   506   506   506   506   506   506   506 
1955  25.8  26.8  27.6  28.6  27.8  26.3  26.6  26.3  26.7  26.6  26.1  24.6   506   506   506   506   506   506   506   506   506   506   506   506 
1956  24.9  26.7  27.8  29.4  26.7  26.9  25.7  25.6  26.1  26.9  25.6  25.4   506   506   506   506   506   506   506   506   506   506   506   506 
1957  26.1  26.7  27.8  28.9  28.9  26.7  26.7  25.6  26.1  26.1  27.2  26.1   506   506   506   506   506   506   506   506   506   506   506   506 
1958  26.1  26.7  28.9  28.9  28.9  26.7  25.6  26.1  26.7  26.7  27.2  25.0   506   506   506   506   506   506   506   506   506   506   506   506 
1959  26.2  27.8  27.8  28.8  28.3  27.3  25.9  25.6  25.9  26.9  26.8  27.1   506   506   506   506   506   506   506   506   506   506   506   506 
1960  26.4  27.2  27.8  28.9  27.8  26.7  26.7  26.7  26.1  26.7  26.7  26.1   506   506   506   506   506   506   506   506   506   506   506   506 
1961 -99.0 -99.0 -99.0 -99.0 -99.0 -99.0 -99.0 -99.0 -99.0 -99.0 -99.0 -99.0   -99   -99   -99   -99   -99   -99   -99   -99   -99   -99   -99   -99 
1962  25.8  25.6  27.8  28.9  28.3  26.6  26.1  25.8  26.1  27.8  27.2  25.9   506   506   506   506   506   506   506   506   506   506   506   506 
1963  24.7  28.8  27.9  28.6  29.1  26.8  25.5  25.4  26.1  26.9  27.2  26.1   506   506   506   506   506   506   506   506   506   506   506   506 
1964  25.0  27.2  27.8  28.9  26.7  26.0  27.0  26.0  26.0  26.0  26.0  26.0   506   506   506   506   506   506   506   506   506   506   506   506 
1965  24.5  26.6  26.8  28.0  27.5  25.7  25.8  26.0  26.0  26.0  26.0  27.0   506   506   506   506   506   506   506   506   506   506   506   506 
1966  27.0  28.0  27.4  28.4  27.0  27.0  25.0  25.0  26.0  27.0  27.0  26.0   506   506   506   506   506   506   506   506   506   506   506   506 
1967  26.0  28.0  28.0  29.0  28.0  26.0  26.0  28.0  26.0  26.5  28.0  26.0   506   506   506   506   506   506   506   506   506   506   506   506 
1968  26.0  26.4  28.1  29.1  29.0  26.0  26.2  26.3  26.0  27.0  28.2  27.0   506   506   506   506   506   506   506   506   506   506   506   506 
1969  27.0  27.0  30.0  30.0  28.0  25.8  26.0  26.0  26.0  28.0  26.0  26.0   506   506   506   506   506   506   506   506   506   506   506   506 
1970  27.0  28.0  28.0  29.0  28.0  27.0  26.0  26.0  26.0  27.0  27.0  26.0   506   506   506   506   506   506   506   506   506   506   506   506 
1971  25.2 -99.0  28.0  29.2  28.5  25.9  26.1  26.5  27.2  26.6  26.0  27.0   506   -99   506   506   506   506   506   506   506   506   506   506 
1972  25.6  27.3  28.2  28.9  28.9  27.2  26.7  26.8  27.5 -99.0  28.2  26.6   506   506   506   506   506   506   506   506   506   -99   506   506 
1973  26.0  27.7  28.7  29.4  28.4  27.3  26.8  27.1  26.8  27.5  26.7  25.6   506   506   506   506   506   506   506   506   506   506   506   506 
1974  25.5  27.3  28.8  28.4  27.6  26.5  26.7  26.7  27.2  26.5  27.1  26.5   506   506   506   506   506   506   506   506   506   506   506   506 
1975  26.5  27.1  28.6  28.9  27.6  25.4  26.6  25.9  26.6  26.5  26.5  24.4   506   506   506   506   506   506   506   506   506   506   506   506 
1976  24.4  26.4 -99.0 -99.0 -99.0 -99.0 -99.0 -99.0 -99.0 -99.0 -99.0 -99.0   506   506   -99   -99   -99   -99   -99   -99   -99   -99   -99   -99 
1977 -99.0 -99.0 -99.0 -99.0 -99.0 -99.0 -99.0 -99.0 -99.0 -99.0 -99.0 -99.0   -99   -99   -99   -99   -99   -99   -99   -99   -99   -99   -99   -99 
1978 -99.0 -99.0 -99.0 -99.0 -99.0 -99.0 -99.0 -99.0 -99.0 -99.0 -99.0 -99.0   -99   -99   -99   -99   -99   -99   -99   -99   -99   -99   -99   -99 
1979 -99.0 -99.0 -99.0 -99.0 -99.0 -99.0 -99.0 -99.0 -99.0 -99.0 -99.0 -99.0   -99   -99   -99   -99   -99   -99   -99   -99   -99   -99   -99   -99 
1980 -99.0 -99.0 -99.0 -99.0 -99.0 -99.0 -99.0 -99.0 -99.0 -99.0 -99.0 -99.0   -99   -99   -99   -99   -99   -99   -99   -99   -99   -99   -99   -99 
1981  26.1  27.1 -99.0  28.9  28.2  26.2  26.5  25.3  26.6  26.7  26.5  25.5   506   506   -99   506   506   506   506   506   506   506   506   506 
1982 -99.0 -99.0 -99.0  28.2  28.6  26.7  26.4  25.0  26.1  27.2  27.7  25.5   -99   -99   -99   506   506   506   506   506   506   506   506   506 
1983  26.2  27.2  28.5  30.2  29.9  27.2  26.8  26.5  27.1  26.3  26.6  25.9   506   506   506   506   506   506   506   506   506   506   506   506 
1984 -99.0  28.0  27.9  29.2  27.7  26.6  26.6  26.4  26.1  26.5  27.0  26.2   -99   506   506   506   506   506   506   506   506   506   506   506 
1985  26.9  27.2  28.1  28.7  28.3  26.3  26.3  26.4  26.5  26.9  27.1  25.6   506   506   506   506   506   506   506   506   506   506   506   506 
1986  25.4  26.4  27.9  29.2  27.6  26.8  26.6  26.4  27.2  27.4  27.2  26.3   506   506   506   506   506   506   506   506   506   506   506   506 
1987  26.6  27.5  28.6  29.4  29.0  27.7  27.6  27.0  26.8  28.0  27.8  24.8   506   506   506   506   506   506   506   506   506   506   506   506 
1988  26.7  28.2  29.4  29.5  28.8  27.1  27.1  27.7  27.9  26.5  26.6  25.8   506   506   506   506   506   506   506   506   506   506   506   506 
1989  27.6  27.1  27.8  28.7  28.0  25.9  26.9  26.0  26.5  26.9  27.5  25.4   506   506   506   506   506   506   506   506   506   506   506   506 
1990  27.1  28.3  28.4  29.1  28.2  27.1  26.0  26.4  26.5  27.3  27.8  26.9   506   506   506   506   506   506   506   506   506   506   506   506 
1991  27.5  27.6  29.2  29.9  29.3  27.8  26.2  25.8  26.4  27.2  27.0  27.1   506   506   506   506   506   506   506   506   506   506   506   506 
1992  26.1  26.1  27.8  29.2  29.4  27.8  27.9  26.8  26.8  27.3  26.9  26.8   506   506   506   506   506   506   506   506   506   506   506   506 
1993  26.7  26.5  28.4  29.0  28.9  27.7  26.7  26.5  26.5  27.6  27.8  26.7   506   506   506   506   506   506   506   506   506   506   506   506 
1994  27.3  28.1  28.2  29.0  28.2  26.7  25.9  25.7  25.7  27.3  28.2  27.2   506   506   506   506   506   506   506   506   506   506   506   506 
1995  26.5  26.5  29.0  29.9  28.8  27.6  27.2  27.1  26.7  27.9  27.8  26.1   506   506   506   506   506   506   506   506   506   506   506   506 
1996  26.1  27.2  28.7  29.2  28.5  28.3  26.9  27.5  26.8  27.7  27.4  26.2   506   506   506   506   506   506   506   506   506   506   506   506 
1997  26.0  27.5  28.5  29.0  28.4  27.8  26.7  26.3  27.6  28.4  28.2  28.1   506   506   506   506   506   506   506   506   506   506   506   506 
1998  27.8  28.3  29.2  30.2  30.1  28.7  27.3  27.4  26.7  27.6  28.0  27.1   506   506   506   506   506   506   506   506   506   506   506   506 
1999  27.6  28.3  28.2  28.1  27.4  26.1  26.4  26.7  26.9  27.4  27.5  25.4   506   506   506   506   506   506   506   506   506   506   506   506 
2000  27.6  27.3  28.3  28.7  27.9  27.0  26.6  25.9  26.1  25.9  26.6  27.5   506   506   506   506   506   506   506   506   506   506   506   506 
2001  26.6  27.1  27.6  29.2  26.6  26.0  26.3  25.8  26.4  27.4  26.6  27.4   506   506   506   506   506   506   506   506   506   506   506   506 
2002  27.0  28.6  29.2  29.4  27.4  26.6  26.6  25.4  26.2  28.4  28.3  28.0   506   506   506   506   506   506   506   506   506   506   506   506 
2003  26.6  28.5  28.6  29.2  27.3  26.8  26.0  26.5  26.2  26.5  28.4  26.4   506   506   506   506   506   506   506   506   506   506   506   506 
2004  27.2  27.2  28.7  30.2  27.6  27.0  26.6  26.4  27.6  27.9  28.8  26.6   506   506   506   506   506   506   506   506   506   506   506   506 
2005  27.2  28.8  29.3  30.2  28.6  27.6  27.0  26.9  25.9  27.6  27.6  26.8   506   506   506   506   506   506   506   506   506   506   506   506 
2006  26.8  28.6  29.3  29.4  27.9  27.4  26.3  25.7  26.8  27.5  28.6  27.0   506   506   506   506   506   506   506   506   506   506   506   506 
2007  26.8  27.4  28.6  29.7  28.0  28.4  27.0  26.7  26.6  27.3  27.0  27.4   506   506   506   506   506   506   506   506   506   506   506   506 
2008  27.6  28.0  29.0  30.0  26.8  26.9  26.2  27.0  26.4  27.9  27.4  26.6   506   506   506   506   506   506   506   506   506   506   506   506 
2009  25.8  28.0  28.8  29.2  27.8  26.1  26.0  27.2  26.6  27.2  27.8  27.5   506   506   506   506   506   506   506   506   506   506   506   506 
2010  27.7  28.8  29.4  30.2  30.2  28.2  27.0  26.5  27.4  27.2  27.6  27.2   506   506   506   506   506   506   506   506   506   506   506   506 
2011  26.7  27.6  27.0  28.5  28.0  26.9  26.0  26.2  26.0  27.6  28.0  27.2   506   506   506   506   506   506   506   506   506   506   506   506 
2012  27.4  27.7  28.4  29.5  28.1  27.3  27.0  26.9  26.6  27.9  28.4  28.2   506   506   506   506   506   506   506   506   506   506   506   506 
2013  27.5  28.6  29.8  30.3  30.0  28.0  26.8  27.4  27.0  27.8  28.0  25.3   506   506   506   506   506   506   506   506   506   506   506   506 
