Number= 483250
Name= MAE SARIANG
Country= THAILAND
Lat=   18.1
Long=  -97.9
Height= 211
Start year= 1951
End year= 2010
First Good year= 1951
Source ID= 85
Source file= Jones
Jones data to= 2010
Normals source= Data
Normals source start year= 1961
Normals source end year= 1990
Normals=  22.0  23.4  26.8  30.0  29.4  27.3  26.7  26.7  27.3  27.3  25.5  22.8 
Standard deviations source= Data
Standard deviations source start year= 1951
Standard deviations source end year= 1990
Standard deviations=   0.9   0.8   0.6   0.7   0.9   0.5   0.5   0.4   0.4   0.5   0.9   1.3 
Obs:
1951 -99.0 -99.0 -99.0 -99.0 -99.0 -99.0 -99.0 -99.0 -99.0 -99.0 -99.0  23.7   -99   -99   -99   -99   -99   -99   -99   -99   -99   -99   -99   506 
1952  22.6  24.9  26.6  29.4  31.2  27.8  27.0  26.7  26.9  27.5  26.1  22.5   506   506   506   506   506   506   506   506   506   506   506   506 
1953  22.9  23.5 -99.0 -99.0  29.1  28.2  27.5  26.5  28.3  28.3  26.2  24.0   506   506   -99   -99   506   506   506   506   506   506   506   506 
1954  22.5  23.8  26.7 -99.0  29.4  28.0  27.8  27.2  27.3  26.9 -99.0  22.9   506   506   506   -99   506   506   506   506   506   506   -99   506 
1955  21.1  23.7  26.5  29.5  28.8  27.1  26.7  27.2  27.6  27.4  25.1  19.7   506   506   506   506   506   506   506   506   506   506   506   506 
1956  20.9  23.8  27.4  29.8  28.4  27.6  27.1  26.7  27.2  26.9  25.0  22.7   506   506   506   506   506   506   506   506   506   506   506   506 
1957  21.7  22.4  25.8  29.9  31.1  27.7  26.7  27.2  27.9  27.5  26.5  22.9   506   506   506   506   506   506   506   506   506   506   506   506 
1958  21.8  22.9  28.2  30.8 -99.0  27.8  26.7  27.3  27.7  27.9  24.7  19.6   506   506   506   506   -99   506   506   506   506   506   506   506 
1959  21.6  22.1  26.3  31.3  30.1  27.8  27.1  26.3  26.8  27.1  26.3  25.5   506   506   506   506   506   506   506   506   506   506   506   506 
1960  23.0  23.7  25.7  30.9  29.2  27.6  27.1  26.3  27.5  27.3  27.3  23.6   506   506   506   506   506   506   506   506   506   506   506   506 
1961  22.8  24.5  26.9  30.4  29.4  27.1  26.5  26.3  26.5  27.2  25.9  23.6   506   506   506   506   506   506   506   506   506   506   506   506 
1962  22.8  23.2  26.4  30.3  30.3  27.4  26.9  26.9  27.5  27.4  26.0  22.6   506   506   506   506   506   506   506   506   506   506   506   506 
1963  21.3  22.7  26.5  29.5  30.9  27.7  26.2  27.1  27.6  27.4  26.1  22.9   506   506   506   506   506   506   506   506   506   506   506   506 
1964  22.1  23.6  27.2  29.5  28.9  27.7  27.2  26.7  27.4  27.5  25.7  22.5   506   506   506   506   506   506   506   506   506   506   506   506 
1965  21.6  23.5  25.5  29.6  29.9  26.7  26.9  27.1  27.3  26.9  26.0  25.3   506   506   506   506   506   506   506   506   506   506   506   506 
1966  23.9  24.5  26.8  30.9  29.3  27.1  26.8  26.5  27.3  28.1  27.1  25.5   506   506   506   506   506   506   506   506   506   506   506   506 
1967  23.3  23.2  26.7  30.4  29.5  28.1  26.7  26.0  26.5  26.8  25.7  22.9   506   506   506   506   506   506   506   506   506   506   506   506 
1968  22.2  22.2  27.4  29.2  29.0  26.8  26.7  26.4  27.3  27.4  26.5  24.4   506   506   506   506   506   506   506   506   506   506   506   506 
1969  21.9  23.5  27.3  30.8  29.8  27.4  26.6  26.4  28.0  28.3  25.4  23.1   506   506   506   506   506   506   506   506   506   506   506   506 
1970  23.1  23.4  26.8  30.1  29.2  27.7  26.5  26.5  27.0  27.1  25.8  24.4   506   506   506   506   506   506   506   506   506   506   506   506 
1971  21.5  22.3  26.9  28.8  28.8  26.3  25.6  26.3  27.2  26.1  23.4  22.5   506   506   506   506   506   506   506   506   506   506   506   506 
1972  21.1  23.0  26.5  29.2  30.2  27.7  26.3  25.9  27.6  27.5  26.0  23.4   506   506   506   506   506   506   506   506   506   506   506   506 
1973  21.6  23.8  26.7  30.0  28.1  27.7  26.8  25.9  27.0  27.6  24.5  21.3   506   506   506   506   506   506   506   506   506   506   506   506 
1974  19.4  22.0  26.4  29.4  28.5  26.5  26.2  26.6  27.0  27.5  25.4  23.2   506   506   506   506   506   506   506   506   506   506   506   506 
1975  23.2  23.5  26.9  29.8  28.5  27.3  26.6  26.5  27.4  27.4  25.2  20.8   506   506   506   506   506   506   506   506   506   506   506   506 
1976  20.2  22.4  26.9  30.2  27.9  27.1  26.8  26.6  27.4  27.2  25.4  22.6   506   506   506   506   506   506   506   506   506   506   506   506 
1977  21.7  23.4  27.1  28.0  28.5  27.6  26.9  27.1  26.8  27.1  24.4  22.3   506   506   506   506   506   506   506   506   506   506   506   506 
1978  22.0  23.1  25.7  30.0  29.3  27.4  26.4  26.5  26.9  26.7  25.3  22.6   506   506   506   506   506   506   506   506   506   506   506   506 
1979  22.5  23.9  27.3  30.2  29.5  28.2  27.8  26.7  28.0  26.5  24.2  21.8   506   506   506   506   506   506   506   506   506   506   506   506 
1980  20.1  22.4  28.1  31.7  30.5  27.7  26.8  26.8  26.6  27.1  25.9  23.6   506   506   506   506   506   506   506   506   506   506   506   506 
1981  21.7  22.7  26.0  29.2  29.5  26.8  26.7  26.7  27.7  27.5  26.4  22.2   506   506   506   506   506   506   506   506   506   506   506   506 
1982  22.1  23.1  27.3  29.6  29.5  27.1  26.8  26.3  26.9  27.4  25.8  21.3   506   506   506   506   506   506   506   506   506   506   506   506 
1983  20.7  23.7  26.9  31.5  31.4  28.2  27.7  27.4  27.5  27.0  24.2  21.5   506   506   506   506   506   506   506   506   506   506   506   506 
1984  21.5  26.1  26.9  30.0  29.1  27.3  26.6  26.3  26.9  26.5  25.2  22.7   506   506   506   506   506   506   506   506   506   506   506   506 
1985  22.7  23.1  26.7  30.5  29.1  26.3  26.1  26.0  27.0  26.9  25.5  22.8   506   506   506   506   506   506   506   506   506   506   506   506 
1986  21.7  23.6  26.1  30.1  28.9  27.9  26.6  27.3  27.7  27.5  25.5  23.7   506   506   506   506   506   506   506   506   506   506   506   506 
1987  23.1  24.0  26.8  30.2  31.1  28.1  26.8  27.6  27.8  28.2  27.2  21.2   506   506   506   506   506   506   506   506   506   506   506   506 
1988  22.3  24.8  27.0  29.8  29.4  27.2  27.3  27.4  28.1  27.2  23.7  22.6   506   506   506   506   506   506   506   506   506   506   506   506 
1989  22.7  22.9  27.3  29.9  29.7  27.1  27.5  27.2  27.7  27.4  25.6  20.8   506   506   506   506   506   506   506   506   506   506   506   506 
1990  22.2  24.0  27.1  29.8  28.9  27.2  26.2  27.1  27.5  27.6  26.0  23.0   506   506   506   506   506   506   506   506   506   506   506   506 
1991  22.4  23.9  28.4  31.1  30.9  27.4  26.9  26.9  28.2  27.4  25.0  22.4   506   506   506   506   506   506   506   506   506   506   506   506 
1992  20.8  21.5  26.1  30.7  30.2  28.6  26.7  27.3  27.5  26.2  24.1  21.6   506   506   506   506   506   506   506   506   506   506   506   506 
1993  21.4  22.0  26.7  29.7  29.5  27.9  27.6  26.5  27.4  27.6  25.3  22.8   506   506   506   506   506   506   506   506   506   506   506   506 
1994  22.9  24.7  26.8  29.8  28.8  27.6  26.7  26.2  27.4  27.0  25.1  23.8   506   506   506   506   506   506   506   506   506   506   506   506 
1995  23.4  23.1  27.9  31.5  29.7  28.1  27.1  27.5  27.7  28.0  25.7  22.3   506   506   506   506   506   506   506   506   506   506   506   506 
1996  21.4  23.9  27.0  29.6  28.7  27.6  27.2  26.9  27.3  27.6  26.3  23.4   506   506   506   506   506   506   506   506   506   506   506   506 
1997  21.2  21.6  26.9  28.0  30.1  28.0  26.8  26.5  27.4  28.2  26.0  24.8   506   506   506   506   506   506   506   506   506   506   506   506 
1998  23.1  23.7  27.2  30.8  30.7  28.9  27.6  27.9  28.4  28.4  26.5  25.0   506   506   506   506   506   506   506   506   506   506   506   506 
1999  24.5  27.2  27.8  29.3  28.0  27.2  27.1  26.5  27.5  27.7  26.5  21.1   506   506   506   506   506   506   506   506   506   506   506   506 
2000  23.4  24.6  26.3  29.2  28.0  27.2  26.9  27.5  27.6  28.4  25.8  24.4   506   506   506   506   506   506   506   506   506   506   506   506 
2001  21.5  23.4 -99.0 -99.0  28.6  27.5  26.8  27.2  27.6  27.8  24.1  24.0   506   506   -99   -99   506   506   506   506   506   506   506   506 
2002  22.6  24.1  26.0  29.1  28.0  26.6  25.5  25.6  26.6  26.5  25.7  24.0   506   506   506   506   506   506   506   506   506   506   506   506 
2003  22.1  23.2 -99.0 -99.0 -99.0  27.3  27.8  27.2  27.5  28.1  25.8  23.0   506   506   -99   -99   -99   506   506   506   506   506   506   506 
2004  22.5  23.8  27.4  31.1  28.8  27.3  26.9  26.7  27.3  27.3  26.2  21.9   506   506   506   506   506   506   506   506   506   506   506   506 
2005  22.9  24.7  27.7  30.0  30.3  27.7  27.2  26.5  27.4  27.8  26.7  24.2   506   506   506   506   506   506   506   506   506   506   506   506 
2006  21.3  23.3  27.0  28.9  27.6  27.1  25.9  26.1  26.8  26.6  24.3  21.3   506   506   506   506   506   506   506   506   506   506   506   506 
2007  20.6  22.3  26.5  30.1  27.2  27.2  26.3  26.2  26.9  25.9  23.7  21.3   506   506   506   506   506   506   506   506   506   506   506   506 
2008  21.1  22.4  26.0  29.3  27.4  26.6  26.0  26.3  26.4  26.5  23.9  20.3   506   506   506   506   506   506   506   506   506   506   506   506 
2009  19.8  23.4  26.5  28.4  28.4  26.4  26.0  26.7  26.9  26.9  24.0  21.0   506   506   506   506   506   506   506   506   506   506   506   506 
2010  22.7  22.3  26.9  30.8  30.9  28.1  27.5  26.7  27.0  26.2  24.0  22.7   506   506   506   506   506   506   506   506   506   506   506   506 
