Number= 484000
Name= NAKHON SAWAN
Country= THAILAND
Lat=   15.8
Long= -100.2
Height= 34
Start year= 1939
End year= 2020
First Good year= 1939
Source ID= 10
Source file= Jones
Jones data to= 2012
Normals source= Data
Normals source start year= 1961
Normals source end year= 1990
Normals=  25.1  28.1  30.3  31.6  30.4  29.5  29.0  28.5  28.0  27.6  26.2  24.4 
Standard deviations source= Data
Standard deviations source start year= 1941
Standard deviations source end year= 1990
Standard deviations=   2.1   1.2   0.9   1.0   1.0   0.7   0.7   0.5   0.5   0.5   0.9   1.3 
Obs:
1939 -99.0 -99.0  29.2  31.2  30.6  29.2  29.1  29.1  28.6  28.8  28.2  22.1   -99   -99   506   506   506   506   506   506   506   506   506   506 
1940  23.0  27.8  30.6  33.4  31.8  30.1  29.4  29.0  29.0  29.3  27.9  26.2   506   506   506   506   506   506   506   506   506   506   506   506 
1941  28.8  29.4  32.5  33.4 -99.0  30.9  30.5  29.6  29.3  28.4  27.7  26.5   506   506   506   506   -99   506   506   506   506   506   506   506 
1942  24.9  30.7  31.1  31.3  30.4 -99.0  29.4  28.9  28.9  28.3  27.7 -99.0   506   506   506   506   506   -99   506   506   506   506   506   -99 
1943 -99.0 -99.0 -99.0 -99.0 -99.0 -99.0 -99.0 -99.0 -99.0 -99.0 -99.0 -99.0   -99   -99   -99   -99   -99   -99   -99   -99   -99   -99   -99   -99 
1944 -99.0 -99.0 -99.0 -99.0 -99.0 -99.0 -99.0 -99.0 -99.0 -99.0 -99.0 -99.0   -99   -99   -99   -99   -99   -99   -99   -99   -99   -99   -99   -99 
1945 -99.0 -99.0 -99.0 -99.0 -99.0 -99.0 -99.0 -99.0 -99.0 -99.0 -99.0 -99.0   -99   -99   -99   -99   -99   -99   -99   -99   -99   -99   -99   -99 
1946  24.6  23.6  30.2  30.0  28.8  29.4  29.0  28.8  28.4  27.1  25.8  25.7   506   506   506   506   506   506   506   506   506   506   506   506 
1947  27.9  28.3  29.5  29.8  30.7  29.2  28.7  29.2  28.9  28.7  26.2  24.7   506   506   506   506   506   506   506   506   506   506   506   506 
1948  24.4  28.9  30.6  30.6  29.8  30.2  28.9  29.7  28.4  27.7  25.2  25.6   506   506   506   506   506   506   506   506   506   506   506   506 
1949  23.6  26.6  30.7  30.6  30.3  30.7  29.2  28.5  28.6  28.6  26.8  25.9   506   506   506   506   506   506   506   506   506   506   506   506 
1950  15.1  27.2  30.8  31.5  30.1  29.2  29.3  29.6  28.7  27.8  27.4  23.5   506   506   506   506   506   506   506   506   506   506   506   506 
1951  24.8  27.3  30.6  32.2  30.9  28.7  28.8  28.9  28.7  28.1  27.6  25.0   506   506   506   506   506   506   506   506   506   506   506   506 
1952  25.8  29.3  30.1  31.3  31.1  30.3  29.1  28.3  28.0  27.8  27.0  23.4   506   506   506   506   506   506   506   506   506   506   506   506 
1953  25.3  27.3  29.3  30.6  30.0  29.4  29.2  28.3  27.5  28.3 -99.0 -99.0   506   506   506   506   506   506   506   506   506   506   -99   -99 
1954  26.8  27.4  29.0  32.2  29.7  29.1 -99.0  28.6  27.7  27.6  26.0  23.6   506   506   506   506   506   506   -99   506   506   506   506   506 
1955  22.9  27.5  29.3  29.6  29.2  28.4  28.4  28.1  27.8  27.6  24.8  22.5   506   506   506   506   506   506   506   506   506   506   506   506 
1956  23.0  27.7  30.5  29.7  28.7  28.4  28.1  27.7  27.5  27.0  24.6  21.8   506   506   506   506   506   506   506   506   506   506   506   506 
1957  24.5  26.7  28.9  30.7  32.3  29.8  29.1  28.9  28.2  27.6  26.6  25.4   506   506   506   506   506   506   506   506   506   506   506   506 
1958  25.6  27.1  31.1  31.2  32.1  30.2  29.4  28.5  28.3  28.0  25.5  23.5   506   506   506   506   506   506   506   506   506   506   506   506 
1959  25.3  29.4  28.9  31.5  30.1  30.3  28.5  28.4  27.9  28.1  27.3  26.9   506   506   506   506   506   506   506   506   506   506   506   506 
1960  25.9  27.3  31.8  33.0  31.4  29.7  28.8  28.9  28.5  27.6  27.3  24.2   506   506   506   506   506   506   506   506   506   506   506   506 
1961  24.9  28.7  30.8  32.2  29.3  28.6  28.3  28.0  27.6  27.0  26.6  24.3   506   506   506   506   506   506   506   506   506   506   506   506 
1962  23.7  26.0  30.5  32.2  30.8  29.6  28.7  28.3  27.3  27.1  26.0  23.0   506   506   506   506   506   506   506   506   506   506   506   506 
1963  21.7  27.2  30.2  31.2  33.4  30.2  28.3  28.5  28.4  27.7  27.3  24.7   506   506   506   506   506   506   506   506   506   506   506   506 
1964  26.3  27.5  30.2  32.2  29.6  29.5  28.8  28.7  28.2  27.9  25.1  23.4   506   506   506   506   506   506   506   506   506   506   506   506 
1965  23.5  28.2  29.3  31.5  30.6  28.6  29.4  29.2  28.1  28.0  26.9  26.1   506   506   506   506   506   506   506   506   506   506   506   506 
1966  26.5  28.6  31.2  32.1  30.1  29.5  29.3  28.9  27.9  28.0  26.4  26.2   506   506   506   506   506   506   506   506   506   506   506   506 
1967  24.2  26.9  29.7  30.9  30.2  30.3  30.1  29.2  28.3  27.2  26.3  23.3   506   506   506   506   506   506   506   506   506   506   506   506 
1968  24.5  27.4  29.9  30.6  30.2  29.4  29.2  28.9  28.4  27.6  27.7  26.8   506   506   506   506   506   506   506   506   506   506   506   506 
1969  27.7  28.8  31.2  32.0  31.2  29.6  28.0  28.0  27.4  27.4  24.9  23.0   506   506   506   506   506   506   506   506   506   506   506   506 
1970  25.3  27.3  30.5  29.8  29.2  28.6  28.2  27.6  27.7  26.9  25.9  25.3   506   506   506   506   506   506   506   506   506   506   506   506 
1971  23.7  26.4  28.4  30.8  29.8  29.5  28.5  28.4  28.2  26.8  24.6  24.9   506   506   506   506   506   506   506   506   506   506   506   506 
1972  23.8  28.6  29.5  30.6  32.4  30.0  30.2  29.0  28.5  28.5  27.4  25.8   506   506   506   506   506   506   506   506   506   506   506   506 
1973  24.7  29.0  30.7  33.2  30.7  30.1  29.7  28.7  28.2  27.6  25.5  23.0   506   506   506   506   506   506   506   506   506   506   506   506 
1974  24.5  27.0  29.7  31.2  29.8  29.3  28.8  28.6  28.2  28.1  26.2  26.4   506   506   506   506   506   506   506   506   506   506   506   506 
1975  25.1  27.3  30.2  32.2  30.0  29.9  28.9  28.7  27.7  27.8  26.0  22.5   506   506   506   506   506   506   506   506   506   506   506   506 
1976  23.5  28.2  30.1  31.8  29.0  29.7  29.4  27.9  28.3  28.5  25.2  25.0   506   506   506   506   506   506   506   506   506   506   506   506 
1977  26.3  27.0  29.5  31.6  30.3  31.3  30.4  29.6  28.4  28.9  26.9  25.9   506   506   506   506   506   506   506   506   506   506   506   506 
1978  27.1  28.1  32.1  32.7  31.2  30.0  28.5  28.6  27.9  27.8  26.4  25.3   506   506   506   506   506   506   506   506   506   506   506   506 
1979  27.7  29.6  32.0  32.4  31.7  30.1  30.7  29.2  28.6  28.0  26.2  25.2   506   506   506   506   506   506   506   506   506   506   506   506 
1980  25.7  28.9  31.5  33.6  32.3  29.4  29.5  28.0  27.3  27.4  26.7  25.2   506   506   506   506   506   506   506   506   506   506   506   506 
1981  23.9  28.0  30.1  30.0  29.5  28.6  27.8  27.8  27.9  27.6  26.1  23.2   506   506   506   506   506   506   506   506   506   506   506   506 
1982  24.1  28.5  30.4  30.4  30.6  29.4  28.7  27.7  27.4  27.6  27.5  22.5   506   506   506   506   506   506   506   506   506   506   506   506 
1983  23.9  28.5  30.5  32.8  31.0  30.1  29.1  28.2  28.4  27.1  24.8  23.4   506   506   506   506   506   506   506   506   506   506   506   506 
1984  24.1  28.4  29.9  31.3  30.0  29.2  27.9  28.2  27.6  26.9  26.5  25.0   506   506   506   506   506   506   506   506   506   506   506   506 
1985  26.4  29.0  30.7  31.6  29.3  28.4  27.7  28.1  27.4  27.0  26.8  24.0   506   506   506   506   506   506   506   506   506   506   506   506 
1986  23.6  28.0  29.1  31.0  28.9  29.7  28.9  28.3  28.3  28.0  26.2  25.0   506   506   506   506   506   506   506   506   506   506   506   506 
1987  25.7  28.1  29.2  31.5  31.1  30.1  30.2  29.0  27.9  27.8  27.5  22.0   506   506   506   506   506   506   506   506   506   506   506   506 
1988  26.0  29.2  31.4  30.8  28.8  28.8  28.5  28.0  28.3  27.2  24.7  23.9   506   506   506   506   506   506   506   506   506   506   506   506 
1989  26.5  28.2  29.3  32.3  30.4  29.1  29.1  28.7  28.2  27.8  26.5  23.9   506   506   506   506   506   506   506   506   506   506   506   506 
1990  27.4  29.1  30.0  31.9  30.1  29.7  29.2  29.0  28.2  27.8  26.6  24.9   506   506   506   506   506   506   506   506   506   506   506   506 
1991  28.0  28.3  32.5  32.5  32.2  30.4  30.6  29.2  29.4  28.3  26.0  25.6   506   506   506   506   506   506   506   506   506   506   506   506 
1992  25.0  28.2  31.3  33.8  32.6  30.2  29.6  29.1  28.9  26.9  25.2  24.8   506   506   506   506   506   506   506   506   506   506   506   506 
1993  26.1  27.3  30.7  31.8  31.6  31.2  30.9  29.1  28.6  28.3  27.3  24.8   506   506   506   506   506   506   506   506   506   506   506   506 
1994  27.1  30.6  29.9  32.0  30.3  29.6  29.1  28.8  28.9  27.3  26.1  26.1   506   506   506   506   506   506   506   506   506   506   506   506 
1995  26.6  27.4  30.9  32.3  30.3  30.3  29.1  27.8  28.8  28.0  26.1  23.9   506   506   506   506   506   506   506   506   506   506   506   506 
1996  25.7  26.0  30.2  30.3  29.0  28.7  28.9  28.6  27.7  27.6  26.9  23.9   506   506   506   506   506   506   506   506   506   506   506   506 
1997  24.5  27.6  29.7  29.6  30.6  30.6  28.8  28.8  27.7  28.3  27.3  26.6   506   506   506   506   506   506   506   506   506   506   506   506 
1998  27.1  29.7  31.5  32.4  31.3  30.0  29.1  28.9  28.4  28.1  26.9  25.2   506   506   506   506   506   506   506   506   506   506   506   506 
1999  25.7  27.4  30.5  29.3  28.4  28.8  28.8  28.2  27.9  27.3  27.2  23.1   506   506   506   506   506   506   506   506   506   506   506   506 
2000  26.6  27.1  29.9  30.3  29.6  29.3  29.2  29.2  28.4  28.8  26.6  26.7   506   506   506   506   506   506   506   506   506   506   506   506 
2001  28.0  28.5  29.5  33.4  28.8  28.9  28.9  28.6  28.3  28.1  25.0  25.7   506   506   506   506   506   506   506   506   506   506   506   506 
2002  25.0  28.5  30.3  31.5  29.5  29.2  29.2  28.4  27.6  28.0  27.2  26.5   506   506   506   506   506   506   506   506   506   506   506   506 
2003  24.6  27.5  29.0  31.6  30.8  28.8  28.4  28.6  27.8  28.3  27.8  24.4   506   506   506   506   506   506   506   506   506   506   506   506 
2004  25.9  26.4  30.5  32.5  30.1  29.0  28.5  28.7  28.1  28.2  27.7  24.2   506   506   506   506   506   506   506   506   506   506   506   506 
2005  26.0  29.8  29.8  31.2  31.0  29.8  28.7  28.8  28.0  28.3  27.0  24.8   506   506   506   506   506   506   506   506   506   506   506   506 
2006  25.5  28.1  30.7  31.1  29.0  29.1  28.9  28.3  28.0  28.2  28.1  25.0   506   506   506   506   506   506   506   506   506   506   506   506 
2007  25.4  27.6  30.9  31.0  28.7  29.5  28.7  28.7  28.2  27.5  25.4  26.3   506   506   506   506   506   506   506   506   506   506   506   506 
2008  25.2  26.9  29.6  30.3  28.7  28.7  28.5  28.2  27.9  28.1  25.9  23.8   506   506   506   506   506   506   506   506   506   506   506   506 
2009  23.2  28.4  29.6  30.5  29.3  29.0  28.5  29.1  28.6  28.2  26.4  25.5   506   506   506   506   506   506   506   506   506   506   506   506 
2010  26.3  29.8  30.7  33.1  32.5  30.6  29.4  28.1  28.1  27.3  26.6  25.7   506   506   506   506   506   506   506   506   506   506   506   506 
2011  24.3  27.7  26.5  29.4  28.9  28.9  28.3  28.3  28.0  27.7  27.2  24.5   506   506   506   506   506   506   506   506   506   506   506   506 
2012  26.8  28.7  30.5  31.6  30.0  29.1  28.6  28.5  28.1  28.4  28.3  27.1   506   506   506   506   506   506   506   506   506   506   506   506 
2013  25.9  28.8  30.3  31.8  31.1  29.3  28.6 -99.0  27.8  27.9  27.7  22.7   900   900   900   900   900   900   900   -99   900   900   900   900 
2014  23.1  28.2  30.7  31.1  30.7  29.9  29.3  28.5  28.5  27.9  27.8  25.6   900   900   900   900   900   900   900   900   900   900   903   900 
2015  23.9  27.9  30.6  31.3  32.5  31.5  30.5  29.2  28.7  28.0  28.6  26.8   900   900   900   900   900   900   900   900   900   900   900   900 
2016  25.8  27.4  31.5  34.2  32.6 -99.0 -99.0 -99.0 -99.0  28.4  28.4  25.8   900   900   900   900   900   -99   -99   -99   -99   900   902   900 
2017  26.2  27.2  30.6  31.7  29.8  29.3 -99.0  28.8  29.1  28.2  27.6  25.1   900   900   900   900   900   900   -99   900   900   900   900   900 
2018  26.3  27.0  30.1  30.3  29.8  29.6  28.9  28.5  28.9  29.2  27.8  27.4   900   900   900   900   900   900   900   900   900   900   900   900 
2019  27.0  29.6  31.6  33.2  31.5  30.1  29.7  28.5  28.8  29.2  27.8  25.1   900   900   900   900   900   900   900   900   900   900   900   900 
2020  28.2  29.0  31.9  32.9  32.4  30.3  30.3  29.3  29.4  27.1  28.0  26.0   900   900   900   900   900   900   900   900   900   900   900   900 
