Number= 485550
Name= SURAT_THANI
Country= THAILAND
Lat=    9.1
Long=  -99.4
Height= 11
Start year= 1951
End year= 2011
First Good year= 1951
Source ID= 60
Source file= Jones
Jones data to= 2011
Normals source= Data
Normals source start year= 1961
Normals source end year= 1990
Normals=  25.2  26.0  27.2  28.3  28.3  27.9  27.6  27.5  27.3  26.7  25.9  25.3 
Standard deviations source= Data
Standard deviations source start year= 1951
Standard deviations source end year= 1990
Standard deviations=   0.8   0.7   0.8   0.6   0.7   0.5   0.6   0.4   0.5   0.5   0.5   0.5 
Obs:
1951  26.1  27.1  28.2  29.7  29.0  28.7  27.8  28.3  28.1  27.7  27.4  25.9   506   506   506   506   506   506   506   506   506   506   506   506 
1952  26.8  28.2  29.1  29.5  28.8  28.0  28.3  27.5  27.8  27.7  26.3  25.3   506   506   506   506   506   506   506   506   506   506   506   506 
1953  26.1  27.0  28.2  28.9  28.7  28.3  27.5  28.1  27.4  27.7  26.3  26.0   506   506   506   506   506   506   506   506   506   506   506   506 
1954  27.0  27.3  28.6  29.8  28.4  28.0 -99.0 -99.0 -99.0  26.8  26.6  25.7   506   506   506   506   506   506   -99   -99   -99   506   506   506 
1955  25.0  26.6  27.9  29.1  28.6  27.0  27.5  27.3  27.5  26.6  25.3  25.4   506   506   506   506   506   506   506   506   506   506   506   506 
1956  25.5  27.1  28.7  28.8  27.9  27.2  27.2  27.3  27.0  26.6  25.6  24.9   506   506   506   506   506   506   506   506   506   506   506   506 
1957  26.3  26.4  27.9  29.4  29.4  28.7  27.9  28.3  27.5  26.8  27.0  26.4   506   506   506   506   506   506   506   506   506   506   506   506 
1958  26.9  27.5  29.1  29.9  29.8  28.5  27.8  27.7  27.7  27.0  25.9  25.7   506   506   506   506   506   506   506   506   506   506   506   506 
1959  26.0  27.1  28.2  29.2  28.9  28.6  27.4  27.5  27.7  26.8  26.3  25.8   506   506   506   506   506   506   506   506   506   506   506   506 
1960  25.5  26.0  27.2  28.5  28.4  28.0  27.5  28.0  27.6  27.1  26.2  25.5   506   506   506   506   506   506   506   506   506   506   506   506 
1961  25.1  26.3  27.6  28.1  28.1  27.7  27.4  27.4  26.9  26.4  25.8  24.9   506   506   506   506   506   506   506   506   506   506   506   506 
1962  25.1  24.9  26.3  28.2  28.7  28.1  27.8  27.6  27.4  26.9  25.9  25.3   506   506   506   506   506   506   506   506   506   506   506   506 
1963  23.9  25.1  26.4  27.6  29.0  28.7  28.7  27.8  27.8  26.7  26.3  25.7   506   506   506   506   506   506   506   506   506   506   506   506 
1964  26.2  26.5  26.9  28.3  28.6  28.4  28.0  27.4  27.3  27.2  25.4  24.7   506   506   506   506   506   506   506   506   506   506   506   506 
1965  24.2  26.2  27.2  28.4  28.3  28.0  27.7  27.5  27.5  26.8  26.3  26.0   506   506   506   506   506   506   506   506   506   506   506   506 
1966  25.6  26.7  27.9  28.6  28.9  28.2  28.0  28.0  28.1  26.8  25.7  25.6   506   506   506   506   506   506   506   506   506   506   506   506 
1967  24.7  25.9  26.1  28.1  28.4  27.9  27.6  27.2  27.6  26.6  26.0  25.0   506   506   506   506   506   506   506   506   506   506   506   506 
1968  24.7  25.3  26.9  28.0  28.1  28.1  27.8  27.7  27.6  26.8  26.2  26.4   506   506   506   506   506   506   506   506   506   506   506   506 
1969  25.8  26.3  27.5  29.0  29.4  28.6  28.3  27.9  27.4  27.1  25.6  25.2   506   506   506   506   506   506   506   506   506   506   506   506 
1970  25.8  25.8  27.6  28.3  28.9  28.4  27.6  27.5  27.6  26.8  25.8  25.5   506   506   506   506   506   506   506   506   506   506   506   506 
1971  24.6  25.9  26.3  28.1  28.4  27.8  27.6  27.4  27.7  26.0  25.0  25.4   506   506   506   506   506   506   506   506   506   506   506   506 
1972  24.2  26.0  26.3  27.9  29.1  28.5  28.1  28.2  27.8  27.2  26.1  26.2   506   506   506   506   506   506   506   506   506   506   506   506 
1973  25.8  26.7  28.0  29.0  29.1  28.1  27.6  27.7  27.7  26.7  25.6  24.5   506   506   506   506   506   506   506   506   506   506   506   506 
1974  24.1  25.8  26.2  28.2  27.6  27.9  27.6  27.7  27.2  27.2  26.0  25.1   506   506   506   506   506   506   506   506   506   506   506   506 
1975  25.7  25.9  27.2  28.3  28.4  27.2  27.6  27.8  27.1  26.8  25.4  24.3   506   506   506   506   506   506   506   506   506   506   506   506 
1976  23.5  25.3  26.9  28.2  27.7  27.7  27.6  27.4  27.3  27.0  25.8  25.4   506   506   506   506   506   506   506   506   506   506   506   506 
1977  25.7  25.7  26.1  28.1  29.0  28.6  28.2  27.5  27.4  26.8  25.6  25.8   506   506   506   506   506   506   506   506   506   506   506   506 
1978  26.0  26.4  27.8  28.6  28.3  27.8  27.2  27.7  27.3  27.0  25.7  25.4   506   506   506   506   506   506   506   506   506   506   506   506 
1979  25.4  26.5  28.0  29.3  29.1  28.4  27.6  27.9  27.4  27.1  26.5  25.3   506   506   506   506   506   506   506   506   506   506   506   506 
1980  25.3  26.6  28.1  29.2  29.0  27.9  27.7  27.4  27.8  27.3  26.3  25.9   506   506   506   506   506   506   506   506   506   506   506   506 
1981  24.4  26.0  27.1  27.7  27.0  27.0  27.2  27.7  26.6  26.5  25.5  24.6   506   506   506   506   506   506   506   506   506   506   506   506 
1982  24.8  25.9  26.8  27.2  27.5  27.2  26.4  26.6  26.6  25.9  25.9  25.4   506   506   506   506   506   506   506   506   506   506   506   506 
1983  25.8  26.0  27.7  28.7  28.3  27.2  27.1  27.0  26.6  26.3  25.7  25.1   506   506   506   506   506   506   506   506   506   506   506   506 
1984  25.0  25.8  27.3  28.0  27.3  26.8  26.7  27.1  26.3  26.1  26.2  25.4   506   506   506   506   506   506   506   506   506   506   506   506 
1985  25.4  26.6  27.1  27.8  27.2  27.3  26.7  26.9  26.3  25.9  26.0  25.3   506   506   506   506   506   506   506   506   506   506   506   506 
1986  25.4  26.1  27.5  28.5  27.9  28.2  26.9  27.1  27.0  27.1  26.5  25.4   506   506   506   506   506   506   506   506   506   506   506   506 
1987  25.3  25.7  27.5  29.1  27.6  27.9  29.3  26.8  28.0  27.7  26.4  25.3   506   506   506   506   506   506   506   506   506   506   506   506 
1988  26.0  26.8  27.6  29.0  28.6  27.4  26.5  28.1  27.4  26.2  25.1  25.0   506   506   506   506   506   506   506   506   506   506   506   506 
1989  25.8  25.2  28.0  27.6  27.2  27.2  28.1  27.8  26.5  27.3  26.4  25.5   506   506   506   506   506   506   506   506   506   506   506   506 
1990  26.1  27.0  28.2  29.0  27.6  28.2  27.4  27.5  26.6  26.2  25.9  25.6   506   506   506   506   506   506   506   506   506   506   506   506 
1991  25.8  26.7  27.2  28.2  27.5  28.2  26.7  26.8  26.5  26.3  25.9  25.6   506   506   506   506   506   506   506   506   506   506   506   506 
1992  25.3  26.5  28.0  30.4  28.4  27.2  27.3  26.9  26.6  25.6  25.4  25.3   506   506   506   506   506   506   506   506   506   506   506   506 
1993  25.7  25.7  26.7  28.5  28.6  28.1  27.4  27.4  27.0  26.8  26.5  25.5   506   506   506   506   506   506   506   506   506   506   506   506 
1994  25.7  26.8  27.7  28.9  28.7  27.2  27.9  27.4  25.9  26.2  25.8  25.8   506   506   506   506   506   506   506   506   506   506   506   506 
1995  26.0  26.0  27.2  29.1  28.4  28.0  26.8  27.8  27.6  27.4  26.1  25.4   506   506   506   506   506   506   506   506   506   506   506   506 
1996  26.1  26.2  27.6  28.0  28.7  28.6  28.2  26.9  27.4  27.3  26.9  25.1   506   506   506   506   506   506   506   506   506   506   506   506 
1997  25.6  27.0  27.8  28.7 -99.0  28.6  27.5  26.8  26.8  27.5  26.8  26.4   506   506   506   506   -99   506   506   506   506   506   506   506 
1998  26.5  27.7  28.4 -99.0 -99.0 -99.0 -99.0 -99.0 -99.0 -99.0 -99.0 -99.0   506   506   506   -99   -99   -99   -99   -99   -99   -99   -99   -99 
1999 -99.0 -99.0 -99.0 -99.0 -99.0 -99.0  27.9  28.1 -99.0 -99.0 -99.0 -99.0   -99   -99   -99   -99   -99   -99   506   506   -99   -99   -99   -99 
2000 -99.0 -99.0 -99.0 -99.0 -99.0 -99.0 -99.0 -99.0 -99.0 -99.0 -99.0 -99.0   -99   -99   -99   -99   -99   -99   -99   -99   -99   -99   -99   -99 
2001 -99.0 -99.0 -99.0 -99.0 -99.0 -99.0  28.2  28.2 -99.0 -99.0 -99.0 -99.0   -99   -99   -99   -99   -99   -99   506   506   -99   -99   -99   -99 
2002 -99.0  26.4 -99.0 -99.0 -99.0 -99.0 -99.0 -99.0 -99.0 -99.0 -99.0 -99.0   -99   506   -99   -99   -99   -99   -99   -99   -99   -99   -99   -99 
2003 -99.0 -99.0 -99.0 -99.0 -99.0  28.8 -99.0  28.3  27.9  27.2 -99.0 -99.0   -99   -99   -99   -99   -99   506   -99   506   506   506   -99   -99 
2004 -99.0 -99.0 -99.0  30.0 -99.0 -99.0 -99.0 -99.0 -99.0  27.4 -99.0 -99.0   -99   -99   -99   506   -99   -99   -99   -99   -99   506   -99   -99 
2005 -99.0 -99.0 -99.0 -99.0 -99.0 -99.0 -99.0  28.5  28.2  27.5  27.0 -99.0   -99   -99   -99   -99   -99   -99   -99   506   506   506   506   -99 
2006  26.0  27.0  28.1  28.4  27.8  27.9  27.5 -99.0 -99.0 -99.0 -99.0 -99.0   506   506   506   506   506   506   506   -99   -99   -99   -99   -99 
2007 -99.0 -99.0 -99.0 -99.0 -99.0  29.1 -99.0 -99.0 -99.0 -99.0 -99.0 -99.0   -99   -99   -99   -99   -99   506   -99   -99   -99   -99   -99   -99 
2008 -99.0 -99.0  28.2 -99.0 -99.0 -99.0 -99.0 -99.0 -99.0  28.2 -99.0 -99.0   -99   -99   506   -99   -99   -99   -99   -99   -99   506   -99   -99 
2009 -99.0 -99.0 -99.0 -99.0 -99.0 -99.0 -99.0 -99.0  28.4  28.1 -99.0 -99.0   -99   -99   -99   -99   -99   -99   -99   -99   506   506   -99   -99 
2010 -99.0 -99.0  29.2 -99.0 -99.0 -99.0 -99.0 -99.0 -99.0 -99.0 -99.0 -99.0   -99   -99   506   -99   -99   -99   -99   -99   -99   -99   -99   -99 
2011 -99.0 -99.0 -99.0 -99.0 -99.0 -99.0 -99.0 -99.0 -99.0 -99.0 -99.0 -99.0   -99   -99   -99   -99   -99   -99   -99   -99   -99   -99   -99   -99 
