Number= 486012
Name= HOSPITAL PARIT BUNTA
Country= MALAYSIA
Lat=    5.1
Long= -100.5
Height= 3
Start year= 1967
End year= 2000
First Good year= 1967
Source ID= 85
Source file= Jones
Jones data to= 2000
Normals source= Data
Normals source start year= 1967
Normals source end year= 1990
Normals=  27.3  27.6  27.9  28.1  28.0  27.9  27.7  27.7  27.4  27.5  27.4  27.3 
Standard deviations source= Data
Standard deviations source start year= 1967
Standard deviations source end year= 1990
Standard deviations=   0.4   0.5   0.6   0.7   0.7   0.6   0.5   0.4   0.3   0.3   0.4   0.4 
Obs:
1967  27.6  27.7  27.7  27.7  27.7  27.6  27.7  27.6  27.6  27.7  27.6  27.6   506   506   506   506   506   506   506   506   506   506   506   506 
1968  27.6  27.5  27.5  27.5  27.6  27.5  27.5  27.5  27.5  27.4  27.5  27.6   506   506   506   506   506   506   506   506   506   506   506   506 
1969  27.6  27.6  27.6  27.6  27.5  27.7  27.6  27.4  27.5  27.4  27.3  27.2   506   506   506   506   506   506   506   506   506   506   506   506 
1970  27.2  27.4  27.8 -99.0 -99.0 -99.0  27.5  27.0  27.1  27.6  27.3  27.1   506   506   506   -99   -99   -99   506   506   506   506   506   506 
1971  27.2  26.8  26.9  27.2  27.1  27.2  27.2  27.1  27.1  27.2  27.2  27.1   506   506   506   506   506   506   506   506   506   506   506   506 
1972  27.1  27.2  27.2  27.3  27.1  27.1  27.1  27.1  27.1  27.1  27.2  27.1   506   506   506   506   506   506   506   506   506   506   506   506 
1973  27.1  27.1  27.2  27.2  27.1  27.1  27.1  27.1  27.1  27.1  27.1  27.1   506   506   506   506   506   506   506   506   506   506   506   506 
1974  27.1  27.1  27.5  27.4  27.4  27.3  27.1  27.1 -99.0 -99.0  26.8 -99.0   506   506   506   506   506   506   506   506   -99   -99   506   -99 
1975  26.7  26.7  27.2  27.8  27.5  27.5  26.8  27.8  27.1  26.8  26.6  26.3   506   506   506   506   506   506   506   506   506   506   506   506 
1976  26.3  27.4  27.3  27.2  26.9  26.9  27.8  27.8  27.6  28.1  27.9  27.7   506   506   506   506   506   506   506   506   506   506   506   506 
1977  27.8  27.6  28.5  29.5  29.1  28.6  28.9  28.3  27.8  28.0  28.0  27.9   506   506   506   506   506   506   506   506   506   506   506   506 
1978  27.9  28.3  28.7  28.8  29.2  28.4  27.7  27.9  27.5  27.4  27.6  27.6   506   506   506   506   506   506   506   506   506   506   506   506 
1979  27.6  27.9  28.7  28.4  28.8  28.4  27.8  28.2  27.8  27.8  27.7  27.7   506   506   506   506   506   506   506   506   506   506   506   506 
1980  27.5  27.9  28.1  28.7  29.1  28.6  28.4  27.6  27.5  27.5  27.5  27.2   506   506   506   506   506   506   506   506   506   506   506   506 
1981  26.8  27.6  28.3  28.3  28.4  28.6  28.2  28.3  27.7  28.0  27.2  27.0   506   506   506   506   506   506   506   506   506   506   506   506 
1982  26.9  27.4  27.9  28.0  28.1  28.3  27.6  27.7  27.2  27.4  27.9  27.4   506   506   506   506   506   506   506   506   506   506   506   506 
1983  27.7  28.6  29.0  29.4  28.8  28.7  28.1  28.0  27.7  27.9  27.9  27.1   506   506   506   506   506   506   506   506   506   506   506   506 
1984  26.9  27.1  27.7  27.7  28.1  27.9  27.5  27.9  27.5  27.2  27.4  27.0   506   506   506   506   506   506   506   506   506   506   506   506 
1985  27.2  27.9  27.7  28.1  27.8  27.9  27.4  27.7  27.3  27.3  27.2  27.4   506   506   506   506   506   506   506   506   506   506   506   506 
1986  27.3  27.8  27.8  28.2  28.3  28.3  28.0  28.1  26.8  27.0  26.8  27.0   506   506   506   506   506   506   506   506   506   506   506   506 
1987  27.2  27.9  28.4  28.7  28.3 -99.0 -99.0  27.4  27.4  27.8  27.3  27.3   506   506   506   506   506   -99   -99   506   506   506   506   506 
1988  27.7  27.9  28.2  28.3  28.6  27.9  27.8  27.6  27.4  27.4  27.2  26.5   506   506   506   506   506   506   506   506   506   506   506   506 
1989  27.3  27.3  27.3  27.6  28.1  27.5  27.9  27.8  27.3  27.2  27.6  27.6   506   506   506   506   506   506   506   506   506   506   506   506 
1990  27.4  28.6  28.8  28.9  28.2  28.6  27.6  28.5  27.7  27.8  27.7  27.3   506   506   506   506   506   506   506   506   506   506   506   506 
1991  27.9  28.0  28.5  28.6  28.5  28.8  27.9  28.1 -99.0  27.6  27.4  27.5   506   506   506   506   506   506   506   506   -99   506   506   506 
1992  27.7  28.4  29.0  29.2  28.9  28.7  28.1  27.9  27.9  27.4  27.4  27.4   506   506   506   506   506   506   506   506   506   506   506   506 
1993  27.7  27.9  28.0  28.7  29.1  28.9  28.1  28.2  27.9  27.7  27.8  27.4   506   506   506   506   506   506   506   506   506   506   506   506 
1994  27.9  28.2  28.0  28.6  28.3  28.8  28.6  28.0  27.8  27.5  27.4  27.7   506   506   506   506   506   506   506   506   506   506   506   506 
1995  27.7  28.0  28.5  28.8  29.1  28.7  29.0  28.2  28.8  28.7  28.2  27.8   506   506   506   506   506   506   506   506   506   506   506   506 
1996  28.1  28.2  28.9  29.0  29.1  29.0  28.8  28.1  28.4  27.7  28.1  27.2   506   506   506   506   506   506   506   506   506   506   506   506 
1997  28.2  28.5  29.0  28.9  29.6  28.9  29.1  29.4  28.5  28.1  28.3  28.5   506   506   506   506   506   506   506   506   506   506   506   506 
1998  29.0  29.7  30.0  30.7  30.3  29.3  28.8  28.4  28.6  28.1  27.7  27.4   506   506   506   506   506   506   506   506   506   506   506   506 
1999  27.8  28.2  28.4  28.4  28.7  28.7  28.3  28.1  27.9  27.7  27.8  27.3   506   506   506   506   506   506   506   506   506   506   506   506 
2000  27.8  27.0  28.5  28.8  28.9  28.4  28.5  28.3  28.2  28.0  28.0  27.9   506   506   506   506   506   506   506   506   506   506   506   506 
