Number= 486201
Name= HOSPITAL TELUK INTAN
Country= MALAYSIA
Lat=    4.0
Long= -101.0
Height= 3
Start year= 1967
End year= 2000
First Good year= 1967
Source ID= 85
Source file= Jones
Jones data to= 2000
Normals source= Data
Normals source start year= 1967
Normals source end year= 1990
Normals=  27.8  28.1  28.4  28.8  28.6  28.4  28.0  28.1  27.9  27.9  27.7  27.5 
Standard deviations source= Data
Standard deviations source start year= 1967
Standard deviations source end year= 1990
Standard deviations=   0.5   0.6   0.5   0.5   0.8   0.8   0.8   0.4   0.3   0.4   0.4   0.6 
Obs:
1967  28.5  28.5  28.5  28.7  28.3  28.6  28.1  27.9  27.8  27.3  27.6  27.4   506   506   506   506   506   506   506   506   506   506   506   506 
1968  28.2  28.5  28.1  29.1  29.1  29.2  28.8  28.1  28.5  28.1  27.9  28.2   506   506   506   506   506   506   506   506   506   506   506   506 
1969  28.5  28.5  27.7 -99.0 -99.0  28.2  28.0  28.2  28.8  28.3  26.9  27.8   506   506   506   -99   -99   506   506   506   506   506   506   506 
1970  27.7  28.4  28.7  28.7  28.7  28.6  27.7  27.9  27.5  27.6  27.4  27.1   506   506   506   506   506   506   506   506   506   506   506   506 
1971  27.1  27.1  27.7  28.2  28.4  28.2  27.6  27.6  27.8  27.2  27.3  25.5   506   506   506   506   506   506   506   506   506   506   506   506 
1972 -99.0 -99.0 -99.0 -99.0  25.3  25.0  24.9 -99.0  27.7  27.7  27.7  27.8   -99   -99   -99   -99   506   506   506   -99   506   506   506   506 
1973  28.0  28.3  28.4 -99.0  28.1  28.4  28.0  27.8  27.6  27.5  27.2  26.4   506   506   506   -99   506   506   506   506   506   506   506   506 
1974  26.6  27.1  27.9  28.0  27.9  27.9  27.2  27.9  27.3  27.7  27.4  27.6   506   506   506   506   506   506   506   506   506   506   506   506 
1975  27.7  27.4  28.0 -99.0  28.2  28.3  27.6  28.1  27.8  28.2  27.3  27.4   506   506   506   -99   506   506   506   506   506   506   506   506 
1976  27.4  28.0  28.3  28.6  28.5  28.0  27.9  28.0  28.1  28.1  27.5 -99.0   506   506   506   506   506   506   506   506   506   506   506   -99 
1977  28.2  27.7  28.6  29.3  29.4  28.8  28.7  28.4  28.1  28.5 -99.0 -99.0   506   506   506   506   506   506   506   506   506   506   -99   -99 
1978  27.7  27.7  28.7  28.9  29.5  28.4  28.3  28.2  28.2  27.9  28.1  28.0   506   506   506   506   506   506   506   506   506   506   506   506 
1979  28.0  28.4  28.9  28.8  29.1  28.7  28.3  28.4  28.0  28.0  27.5  27.5   506   506   506   506   506   506   506   506   506   506   506   506 
1980  27.0  27.2  27.6  28.0  28.8  28.9  28.7  27.8  28.3  27.9  28.1  27.9   506   506   506   506   506   506   506   506   506   506   506   506 
1981  27.6  28.4  29.1  29.0  29.0  29.3  28.8  29.1  28.3  29.0  28.1  27.5   506   506   506   506   506   506   506   506   506   506   506   506 
1982  27.9  28.6  28.7  28.6  28.7  28.9  28.0  28.0  28.3  28.0  28.1  28.0   506   506   506   506   506   506   506   506   506   506   506   506 
1983  28.5  29.4  30.0  29.9  29.3  29.1  28.4  28.2  28.0  28.1  28.3  27.2   506   506   506   506   506   506   506   506   506   506   506   506 
1984  27.2  27.2  28.3  28.6  28.9  28.5  28.1  28.2  28.0  28.0  28.2  27.5   506   506   506   506   506   506   506   506   506   506   506   506 
1985  28.0  28.7  28.3  28.8  29.1  29.0  28.0  28.5  27.8  27.9  27.7  28.1   506   506   506   506   506   506   506   506   506   506   506   506 
1986  27.5  28.5  28.6  29.0  29.0  29.0  29.0  28.9  28.0  28.1  28.0  28.1   506   506   506   506   506   506   506   506   506   506   506   506 
1987  28.3  28.6  29.1  29.2  28.5 -99.0  28.9  27.9  27.7  28.0  27.4  26.9   506   506   506   506   506   -99   506   506   506   506   506   506 
1988  27.6  28.0  28.1  28.2  28.4  28.3  28.1  27.7  27.5  28.0  27.5  27.0   506   506   506   506   506   506   506   506   506   506   506   506 
1989  27.7  27.8  27.8  28.2  28.5  28.2  28.0  27.9  27.6  27.8  28.0  27.7   506   506   506   506   506   506   506   506   506   506   506   506 
1990  27.7  28.6  28.6  29.2  28.8  28.6  27.8  28.4  27.9  27.8  27.6  27.6   506   506   506   506   506   506   506   506   506   506   506   506 
1991  27.9  27.4  27.5  27.2  27.9  29.2  28.3  28.2  27.7  27.2  27.1  26.9   506   506   506   506   506   506   506   506   506   506   506   506 
1992  27.6  27.7  28.6  28.6  28.1  27.8  27.4  27.7  28.1  27.5  27.1  27.3   506   506   506   506   506   506   506   506   506   506   506   506 
1993  27.7  27.9  27.9  28.4  28.4  28.5  27.9  27.9  27.5  27.6  27.7  27.5   506   506   506   506   506   506   506   506   506   506   506   506 
1994  27.8  28.1  27.8  28.3  28.5  28.1  28.2  27.7  27.4  27.8  27.6  27.8   506   506   506   506   506   506   506   506   506   506   506   506 
1995  27.9  28.2  28.7  28.7  28.7  28.8  28.2  27.8  28.1  28.5  27.9  27.2   506   506   506   506   506   506   506   506   506   506   506   506 
1996  26.9  27.7  28.8  28.5  28.6  28.6  28.3  28.0  28.3  27.4  27.8  27.2   506   506   506   506   506   506   506   506   506   506   506   506 
1997  28.0  27.7  28.4  28.2  28.5  28.4  28.0  28.7  28.2  28.0  28.3  28.4   506   506   506   506   506   506   506   506   506   506   506   506 
1998  29.1  29.8  30.0  30.2  30.0  29.4  28.9  28.3  28.3  28.5  28.1  27.6   506   506   506   506   506   506   506   506   506   506   506   506 
1999  27.7  28.0  28.3  28.8  28.5  29.1  28.0  28.4  27.8 -99.0 -99.0 -99.0   506   506   506   506   506   506   506   506   506   -99   -99   -99 
2000  27.8  26.9  28.6  28.6  29.1  28.5  27.9  28.0  28.1  28.4  28.1  28.2   506   506   506   506   506   506   506   506   506   506   506   506 
