Number= 583620
Name= BAOSHAN
Country= CHINA
Lat=   31.4
Long= -121.5
Height= 6
Start year= 1924
End year= 2020
First Good year= 1924
Source ID= 68
Source file= Jones
Jones data to= 2016
Normals source= Data
Normals source start year= 1961
Normals source end year= 1990
Normals=   3.9   4.7   8.5  14.2  19.3  23.5  28.0  27.9  23.9  18.6  12.7   6.4 
Standard deviations source= Data
Standard deviations source start year= 1941
Standard deviations source end year= 1990
Standard deviations=   1.3   1.4   1.2   0.9   0.7   0.9   1.2   0.9   1.1   0.8   1.2   1.5 
Obs:
1924   5.9   6.1   7.9  15.8  19.2  23.3  28.9  28.5  24.5  19.5  10.8   7.2   506   506   506   506   506   506   506   506   506   506   506   506 
1925   4.1   3.6   9.4  12.7  19.8  24.7  26.9  27.4  22.8  18.2  14.0   6.9   506   506   506   506   506   506   506   506   506   506   506   506 
1926   4.9   5.4   9.5  14.1  21.4  22.4  28.6  29.5  25.2  17.4  13.2   6.0   506   506   506   506   506   506   506   506   506   506   506   506 
1927   4.2   4.2   8.0  14.0  19.4  23.5  28.6  28.4  23.2  17.7  14.1   8.8   506   506   506   506   506   506   506   506   506   506   506   506 
1928   5.3   5.3   9.5  14.7  19.7  23.3  27.6  26.6  24.5  18.3  12.8   7.6   506   506   506   506   506   506   506   506   506   506   506   506 
1929   5.0   3.9   9.5  15.2  19.7  23.9  28.1  28.4  23.6  18.6  11.3   7.4   506   506   506   506   506   506   506   506   506   506   506   506 
1930   1.8   6.8  10.9  15.3  20.0  24.4  29.2  28.2  23.5  18.4  10.9   7.7   506   506   506   506   506   506   506   506   506   506   506   506 
1931   4.2   4.1  10.2  13.8  19.0  24.4  26.8  28.4  23.4  17.8  14.1   7.9   506   506   506   506   506   506   506   506   506   506   506   506 
1932   5.8   3.7   8.4  14.6  19.3  23.1  29.3  28.2  22.8  17.6  12.4   7.0   506   506   506   506   506   506   506   506   506   506   506   506 
1933   2.0   4.3   6.9  13.2  20.0  23.4  28.5  28.5  24.2  18.6  13.0   8.7   506   506   506   506   506   506   506   506   506   506   506   506 
1934   1.5   4.2   8.3  12.2  19.4  25.3  30.4  29.4  24.2  17.6  11.3   9.2   506   506   506   506   506   506   506   506   506   506   506   506 
1935   4.9   6.3  11.4  14.0  20.4  24.2  28.1  28.4  23.7  19.6  14.2   4.5   506   506   506   506   506   506   506   506   506   506   506   506 
1936   2.2   3.8   5.8  14.6  17.9  24.4  27.7  27.7  24.3  19.0  12.9   6.9   506   506   506   506   506   506   506   506   506   506   506   506 
1937   5.7   5.6   9.2  14.8  19.7  22.6  28.4 -99.0 -99.0 -99.0 -99.0 -99.0   506   506   506   506   506   506   506   -99   -99   -99   -99   -99 
1938 -99.0 -99.0 -99.0 -99.0 -99.0 -99.0 -99.0 -99.0 -99.0 -99.0 -99.0 -99.0   -99   -99   -99   -99   -99   -99   -99   -99   -99   -99   -99   -99 
1939 -99.0 -99.0 -99.0 -99.0 -99.0 -99.0 -99.0 -99.0 -99.0 -99.0 -99.0 -99.0   -99   -99   -99   -99   -99   -99   -99   -99   -99   -99   -99   -99 
1940 -99.0 -99.0 -99.0 -99.0 -99.0 -99.0 -99.0 -99.0 -99.0 -99.0 -99.0 -99.0   -99   -99   -99   -99   -99   -99   -99   -99   -99   -99   -99   -99 
1941 -99.0 -99.0 -99.0 -99.0 -99.0 -99.0 -99.0 -99.0 -99.0 -99.0 -99.0 -99.0   -99   -99   -99   -99   -99   -99   -99   -99   -99   -99   -99   -99 
1942 -99.0 -99.0 -99.0 -99.0 -99.0 -99.0 -99.0 -99.0 -99.0 -99.0 -99.0 -99.0   -99   -99   -99   -99   -99   -99   -99   -99   -99   -99   -99   -99 
1943 -99.0 -99.0 -99.0 -99.0 -99.0 -99.0 -99.0 -99.0 -99.0 -99.0 -99.0 -99.0   -99   -99   -99   -99   -99   -99   -99   -99   -99   -99   -99   -99 
1944 -99.0 -99.0 -99.0 -99.0 -99.0 -99.0 -99.0 -99.0 -99.0 -99.0 -99.0 -99.0   -99   -99   -99   -99   -99   -99   -99   -99   -99   -99   -99   -99 
1945 -99.0 -99.0 -99.0 -99.0 -99.0 -99.0 -99.0 -99.0 -99.0 -99.0 -99.0 -99.0   -99   -99   -99   -99   -99   -99   -99   -99   -99   -99   -99   -99 
1946 -99.0 -99.0 -99.0 -99.0 -99.0 -99.0 -99.0 -99.0 -99.0 -99.0 -99.0 -99.0   -99   -99   -99   -99   -99   -99   -99   -99   -99   -99   -99   -99 
1947 -99.0 -99.0 -99.0 -99.0 -99.0 -99.0 -99.0 -99.0 -99.0 -99.0 -99.0 -99.0   -99   -99   -99   -99   -99   -99   -99   -99   -99   -99   -99   -99 
1948 -99.0 -99.0 -99.0 -99.0 -99.0 -99.0 -99.0 -99.0 -99.0 -99.0 -99.0 -99.0   -99   -99   -99   -99   -99   -99   -99   -99   -99   -99   -99   -99 
1949 -99.0 -99.0 -99.0 -99.0 -99.0 -99.0 -99.0 -99.0 -99.0 -99.0 -99.0 -99.0   -99   -99   -99   -99   -99   -99   -99   -99   -99   -99   -99   -99 
1950 -99.0 -99.0 -99.0 -99.0 -99.0 -99.0 -99.0 -99.0 -99.0 -99.0 -99.0 -99.0   -99   -99   -99   -99   -99   -99   -99   -99   -99   -99   -99   -99 
1951 -99.0 -99.0 -99.0 -99.0 -99.0 -99.0 -99.0 -99.0 -99.0 -99.0 -99.0 -99.0   -99   -99   -99   -99   -99   -99   -99   -99   -99   -99   -99   -99 
1952 -99.0 -99.0 -99.0 -99.0 -99.0 -99.0 -99.0 -99.0 -99.0 -99.0 -99.0 -99.0   -99   -99   -99   -99   -99   -99   -99   -99   -99   -99   -99   -99 
1953 -99.0 -99.0 -99.0 -99.0 -99.0 -99.0 -99.0 -99.0 -99.0 -99.0 -99.0 -99.0   -99   -99   -99   -99   -99   -99   -99   -99   -99   -99   -99   -99 
1954 -99.0 -99.0 -99.0 -99.0 -99.0 -99.0 -99.0 -99.0 -99.0 -99.0 -99.0 -99.0   -99   -99   -99   -99   -99   -99   -99   -99   -99   -99   -99   -99 
1955 -99.0 -99.0 -99.0 -99.0 -99.0 -99.0 -99.0 -99.0 -99.0 -99.0 -99.0 -99.0   -99   -99   -99   -99   -99   -99   -99   -99   -99   -99   -99   -99 
1956 -99.0 -99.0 -99.0 -99.0 -99.0 -99.0 -99.0 -99.0 -99.0 -99.0 -99.0 -99.0   -99   -99   -99   -99   -99   -99   -99   -99   -99   -99   -99   -99 
1957 -99.0 -99.0 -99.0 -99.0 -99.0 -99.0 -99.0 -99.0 -99.0 -99.0 -99.0 -99.0   -99   -99   -99   -99   -99   -99   -99   -99   -99   -99   -99   -99 
1958 -99.0 -99.0 -99.0 -99.0 -99.0 -99.0 -99.0 -99.0 -99.0 -99.0 -99.0 -99.0   -99   -99   -99   -99   -99   -99   -99   -99   -99   -99   -99   -99 
1959   2.4   5.8  10.5  14.0  18.7  23.7  28.9  28.9  23.7  18.7  12.7   7.4   506   506   506   506   506   506   506   506   506   506   506   506 
1960   4.6   7.0  10.9  14.0  18.7  23.8  29.7  27.0  24.6  18.0  12.8   4.7   506   506   506   506   506   506   506   506   506   506   506   506 
1961   3.4   5.0   9.5  14.7  19.1  24.2  29.5  29.4  25.0  19.8  14.3   7.2   506   506   506   506   506   506   506   506   506   506   506   506 
1962   2.4   6.0   8.5  12.6  18.6  23.8  28.9  27.9  24.6  18.6  12.5   7.3   506   506   506   506   506   506   506   506   506   506   506   506 
1963   1.1   3.6   9.7  14.6  19.4  22.0  28.2  28.1  24.3  17.2  13.3   7.1   506   506   506   506   506   506   506   506   506   506   506   506 
1964   5.6   2.2   8.8  16.8  18.8  23.1  29.9  28.1  25.9  19.2  12.3   6.4   506   506   506   506   506   506   506   506   506   506   506   506 
1965   5.2   5.8   7.9  12.2  19.9  22.5  28.8  27.2  23.3  18.3  14.4   5.3   506   506   506   506   506   506   506   506   506   506   506   506 
1966   4.6   6.9  10.2  13.8  19.3  23.6  27.6  28.7  23.1  18.1  12.8   6.3   506   506   506   506   506   506   506   506   506   506   506   506 
1967   2.5   4.4   8.9  13.6  19.3  24.5  28.3  29.7  24.2  18.8  12.8   1.8   506   506   506   506   506   506   506   506   506   506   506   506 
1968   3.1   2.1   9.0  13.9  18.9  23.0  27.2  28.1  24.3  17.7  13.8   9.8   506   506   506   506   506   506   506   506   506   506   506   506 
1969   3.8   3.0   6.8  14.6  19.9  22.6  27.1  28.6  25.3  18.2  10.8   5.2   506   506   506   506   506   506   506   506   506   506   506   506 
1970   2.1   6.3   5.9  13.1  19.0  22.4  27.3  28.4  25.0  18.8  12.5   7.1   506   506   506   506   506   506   506   506   506   506   506   506 
1971   3.2   4.3   7.9  13.8  19.9  25.2  30.4  28.7  23.8  17.2  12.8   6.5   506   506   506   506   506   506   506   506   506   506   506   506 
1972   5.5   2.9   8.1  13.8  18.6  23.3  27.0  27.4  22.6  17.6  11.9   6.9   506   506   506   506   506   506   506   506   506   506   506   506 
1973   4.6   6.5   9.6  16.0  18.7  22.9  27.7  28.2  21.9  17.8  11.6   4.5   506   506   506   506   506   506   506   506   506   506   506   506 
1974   3.7   3.6   7.4  14.8  19.7  22.0  26.1  27.2  23.0  18.4  13.0   6.7   506   506   506   506   506   506   506   506   506   506   506   506 
1975   4.8   5.4   8.7  13.6  18.2  23.2  27.7  28.3  26.6  20.0  12.9   4.8   506   506   506   506   506   506   506   506   506   506   506   506 
1976   3.4   6.6   7.7  13.8  19.2  23.3  25.6  28.9  22.7  18.6   9.4   6.4   506   506   506   506   506   506   506   506   506   506   506   506 
1977   1.5   3.4   9.8  15.3  18.1  23.3  28.5  26.5  24.3  20.0  12.6   9.1   506   506   506   506   506   506   506   506   506   506   506   506 
1978   3.9   4.4   7.7  14.7  19.9  24.8  29.6  28.7  24.3  19.0  13.2   7.4   506   506   506   506   506   506   506   506   506   506   506   506 
1979   5.5   6.4   8.7  14.2  18.4  24.6  27.4  27.6  23.6  18.5  11.5   8.7   506   506   506   506   506   506   506   506   506   506   506   506 
1980   4.5   3.6   7.5  13.7  19.2  24.8  27.2  24.9  22.4  18.1  14.1   5.3   506   506   506   506   506   506   506   506   506   506   506   506 
1981   2.6   5.0  10.0  14.7  20.0  23.9  28.4  27.8  22.6  16.6  10.9   5.8   506   506   506   506   506   506   506   506   506   506   506   506 
1982   4.3   5.0   8.9  13.4  21.3  23.0  26.3  27.1  23.1  19.6  13.7   6.0   506   506   506   506   506   506   506   506   506   506   506   506 
1983   4.3   4.8   8.7  15.2  20.3  22.2  27.8  27.7  24.3  18.6  11.7   5.6   506   506   506   506   506   506   506   506   506   506   506   506 
1984   2.6   3.0   8.2  13.3  18.7  23.9  28.6  27.9  23.1  19.0  14.5   5.7   506   506   506   506   506   506   506   506   506   506   506   506 
1985   3.8   5.2   6.8  14.8  19.9  23.0  28.3  27.8  25.3  19.3  12.0   4.9   506   506   506   506   506   506   506   506   506   506   506   506 
1986   3.5   4.1   8.6  13.6  19.9  24.1  27.5  27.7  22.8  17.3  12.6   7.2   506   506   506   506   506   506   506   506   506   506   506   506 
1987   5.4   6.7   7.9  13.4  18.7  22.8  27.1  28.5  23.0  19.8  13.7   6.4   506   506   506   506   506   506   506   506   506   506   506   506 
1988   5.5   4.5   7.2  14.8  19.5  24.0  29.4  26.8  23.3  19.3  11.8   7.1   506   506   506   506   506   506   506   506   506   506   506   506 
1989   5.5   5.6   9.5  14.2  18.9  23.8  26.2  26.9  23.9  19.0  12.6   7.5   506   506   506   506   506   506   506   506   506   506   506   506 
1990   5.4   5.9  11.4  14.7  20.4  25.5  29.9  28.6  24.1  18.7  15.0   7.2   506   506   506   506   506   506   506   506   506   506   506   506 
1991   5.0   6.2   8.6  13.5  19.4  24.4  28.3  26.9  24.4  18.7  12.9   7.6   506   506   506   506   506   506   506   506   506   506   506   506 
1992   4.7   7.0   8.3  15.0  20.3  22.7  28.3  27.2  24.3  17.7  11.9   8.2   506   506   506   506   506   506   506   506   506   506   506   506 
1993   3.7   7.2   9.0  14.8  19.0  24.9  26.9  26.5  24.0  18.6  13.6   6.4   506   506   506   506   506   506   506   506   506   506   506   506 
1994   5.2   5.7   9.0  15.6  22.4  24.6  30.4  29.1  24.4  19.2  16.0   9.5   506   506   506   506   506   506   506   506   506   506   506   506 
1995   5.2   6.1  10.3  14.2  19.7  23.4  28.7  29.5  25.6  19.6  12.2   6.4   506   506   506   506   506   506   506   506   506   506   506   506 
1996   4.7   5.0   8.2  13.7  20.2  24.9  27.6  28.4  25.7  19.9  13.7   7.5   506   506   506   506   506   506   506   506   506   506   506   506 
1997   4.1   6.8  10.8  15.7  22.8  25.2  28.1  27.9  23.7  19.9  13.8   8.1   506   506   506   506   506   506   506   506   506   506   506   506 
1998   5.0   8.0   9.8  17.9  20.7  24.1  29.9  30.1  24.6  20.9  16.4   9.7   506   506   506   506   506   506   506   506   506   506   506   506 
1999   6.6   7.9  10.2  15.2  20.9  22.3  25.7  27.4  26.1  20.2  13.3   7.7   506   506   506   506   506   506   506   506   506   506   506   506 
2000   5.2   4.5  10.9  16.5  21.9  25.1  29.4  28.5  24.5  20.1  13.3   9.3   506   506   506   506   506   506   506   506   506   506   506   506 
2001   6.2   7.1  11.5  15.5  21.0  24.4  29.9  27.1  24.9  20.2  13.8   7.4   506   506   506   506   506   506   506   506   506   506   506   506 
2002   7.6   9.0  13.5  17.4  19.8  25.7  28.0  27.8  25.3  20.3  13.3   8.0   506   506   506   506   506   506   506   506   506   506   506   506 
2003   4.1   7.0  10.3  15.7  20.3  24.8  30.0  29.8  26.4  18.8  14.2   6.6   506   506   506   506   506   506   506   506   506   506   506   506 
2004   4.4   9.1  10.2  16.5  21.3  24.7  30.2  29.3  24.4  19.2  14.9   9.3   506   506   506   506   506   506   506   506   506   506   506   506 
2005   3.6   4.5   9.5  18.1  21.1  26.8  29.7  28.7  26.7  19.2  15.6   5.2   506   506   506   506   506   506   506   506   506   506   506   506 
2006   6.0   5.9  11.5  16.8  21.0  26.0  29.8  30.4  23.9  22.2  15.7   8.3   506   506   506   506   506   506   506   506   506   506   506   506 
2007   5.8   9.9  12.3  16.0  23.2  25.1  30.0  29.8  25.3  20.5  13.8   9.3   506   506   506   506   506   506   506   506   506   506   506   506 
2008   4.4   4.2  11.6  16.2  22.0  24.4  30.6  28.7  26.1  20.7  13.2   7.8   506   506   506   506   506   506   506   506   506   506   506   506 
2009   4.1   9.1  10.7  16.4  22.0  26.7  29.1  28.3  25.2  21.3  12.6   6.6   506   506   506   506   506   506   506   506   506   506   506   506 
2010   5.7   7.8   9.8  13.1  21.2  24.3  29.3  31.1  26.7  19.2  14.0   8.3   506   506   506   506   506   506   506   506   506   506   506   506 
2011   1.7   6.4   9.3  16.5  22.0  24.6  30.4  28.3  24.7  19.2  16.8   6.6   506   506   506   506   506   506   506   506   506   506   506   506 
2012   4.7   4.6   9.7  18.0  21.5  24.9  30.1  29.4  23.9  19.7  12.1   6.0   506   506   506   506   506   506   506   506   506   506   506   506 
2013   5.1   6.7  11.7  15.6  21.7  24.3  32.1  31.1 -99.0 -99.0 -99.0   6.3   506   506   506   506   506   506   506   506   -99   -99   -99   506 
2014   7.2   6.2  11.8  16.0  22.1  23.6  27.7  26.6  24.5  20.3  14.7   5.9   506   506   506   506   506   506   506   506   506   506   506   506 
2015   6.5   7.0  10.9  16.2  20.8  24.7  27.0  28.2  24.4  19.6  14.1   7.9   506   506   506   506   506   506   506   506   506   506   506   506 
2016   4.7   7.2  11.2  17.1  20.7  24.5  30.4  29.7  25.0  21.1  13.7   9.5   506   506   506   506   506   506   506   506   506   506   506   506 
2017   6.8   6.8  10.3  17.1  21.9  24.0  31.9  29.4  24.6  19.3  13.6   7.0   900   900   900   900   900   900   900   900   900   900   900   900 
2018   4.3   5.3  12.1  17.5  22.3  25.2  29.3  29.4  25.9  18.8  14.4   8.2   900   900   900   900   900   900   900   900   900   900   900   900 
2019   5.8   6.1  11.3  16.4  20.8  23.9  27.5  28.5  24.5  19.8  14.9   8.8   900   900   900   900   900   900   900   900   900   900   900   900 
2020   7.3   8.6  12.3  15.2  22.3  25.3  26.6  30.5  24.3  19.2  15.3   7.0   900   900   900   900   900   900   900   900   900   900   900   900 
