Number= 587340
Name= JIANYANG
Country= CHINA
Lat=   27.3
Long= -118.1
Height= 197
Start year= 1940
End year= 2016
First Good year= 1940
Source ID= 68
Source file= Jones
Jones data to= 2016
Normals source= Data
Normals source start year= 1961
Normals source end year= 1990
Normals=   8.3   9.9  13.9  19.0  23.1  25.9  29.0  28.6  25.9  20.9  15.3   9.9 
Standard deviations source= Data
Standard deviations source start year= 1941
Standard deviations source end year= 1990
Standard deviations=   1.7   2.0   1.5   1.2   1.1   1.0   0.7   0.6   1.1   1.1   1.5   1.9 
Obs:
1940 -99.0 -99.0 -99.0 -99.0 -99.0 -99.0 -99.0 -99.0 -99.0  21.2  15.8  11.5   -99   -99   -99   -99   -99   -99   -99   -99   -99   506   506   506 
1941  11.1  11.5  14.2  19.0  24.1  27.2  28.4  29.8  25.2  21.3  15.3  11.3   506   506   506   506   506   506   506   506   506   506   506   506 
1942   8.2   8.6  16.7  19.1  23.6  26.9 -99.0 -99.0 -99.0 -99.0 -99.0 -99.0   506   506   506   506   506   506   -99   -99   -99   -99   -99   -99 
1943 -99.0 -99.0 -99.0 -99.0 -99.0 -99.0 -99.0 -99.0 -99.0 -99.0 -99.0 -99.0   -99   -99   -99   -99   -99   -99   -99   -99   -99   -99   -99   -99 
1944 -99.0 -99.0 -99.0 -99.0 -99.0 -99.0 -99.0  29.3  27.8  21.9  17.0   7.0   -99   -99   -99   -99   -99   -99   -99   506   506   506   506   506 
1945   6.6   5.9  14.4  19.7  22.3  27.4  29.8  28.9  27.3  18.5  18.1  10.3   506   506   506   506   506   506   506   506   506   506   506   506 
1946 -99.0 -99.0 -99.0 -99.0 -99.0 -99.0 -99.0 -99.0 -99.0 -99.0 -99.0 -99.0   -99   -99   -99   -99   -99   -99   -99   -99   -99   -99   -99   -99 
1947  10.7   7.4  13.4  18.0  24.6  25.5  29.6  29.0  27.3  19.7  15.5   9.2   506   506   506   506   506   506   506   506   506   506   506   506 
1948   7.8  11.4  15.6  20.4  22.1  26.1  28.2  29.6  27.3  21.8  13.4  14.8   506   506   506   506   506   506   506   506   506   506   506   506 
1949   7.9  12.7  14.8  19.6  23.8  25.2  28.6  28.8  28.0  20.8  16.1  12.7   506   506   506   506   506   506   506   506   506   506   506   506 
1950  12.2   9.6  15.4  18.8  23.0  25.6  29.0  28.4  26.0  23.2  14.7   7.7   506   506   506   506   506   506   506   506   506   506   506   506 
1951   8.6  10.7  11.6  17.8  24.3  26.6  29.0  29.5  26.2  21.3  15.4  11.9   506   506   506   506   506   506   506   506   506   506   506   506 
1952   9.6  10.5  14.3  18.7  25.0  26.0  29.0  29.0  26.5  20.2  17.6   8.3   506   506   506   506   506   506   506   506   506   506   506   506 
1953   8.6  11.6  14.9  16.9  21.9  27.3  30.6  30.6  25.4  22.3  16.9  11.8   506   506   506   506   506   506   506   506   506   506   506   506 
1954  11.5  10.7  11.2  19.4  23.5  26.1  28.2  28.7  26.3  20.6  17.1   8.8   506   506   506   506   506   506   506   506   506   506   506   506 
1955   5.5  10.9  15.5  19.6  22.5  26.2  28.4  27.9  28.4  19.5  13.2  10.3   506   506   506   506   506   506   506   506   506   506   506   506 
1956   7.2  10.1  14.2  19.9  22.5  27.7  30.8  28.9  25.2  19.9  12.9   9.7   506   506   506   506   506   506   506   506   506   506   506   506 
1957  10.6   6.6  13.2  20.1  23.1  25.7  29.6  28.7  24.6  18.7  15.9  12.1   506   506   506   506   506   506   506   506   506   506   506   506 
1958   7.5   8.9  15.8  21.3  22.4  26.4  29.1  28.9  25.9  19.5  13.7   9.4   506   506   506   506   506   506   506   506   506   506   506   506 
1959   7.1  11.0  16.2  20.0  23.3  25.4  28.8  28.7  25.1  19.7  15.7  12.3   506   506   506   506   506   506   506   506   506   506   506   506 
1960   8.5  12.1  17.6  18.3  21.5  26.0  29.0  27.8  27.0  20.3  15.7   9.1   506   506   506   506   506   506   506   506   506   506   506   506 
1961   7.1   9.0  14.1  18.6  23.3  27.7  29.4  28.9  27.1  21.6  17.1  11.8   506   506   506   506   506   506   506   506   506   506   506   506 
1962   6.0  11.5  12.5  17.7  22.4  25.4  29.5  28.8  26.8  21.3  14.2  10.1   506   506   506   506   506   506   506   506   506   506   506   506 
1963   4.5   9.4  14.9  20.9  26.4  25.9  28.5  28.9  27.7  20.3  16.8  10.4   506   506   506   506   506   506   506   506   506   506   506   506 
1964   9.5   8.0  14.9  22.4  23.6  25.0  29.7  28.9  27.7  22.6  14.3   9.6   506   506   506   506   506   506   506   506   506   506   506   506 
1965  10.1  13.0  13.2  18.1  22.9  24.6  29.2  27.9  24.4  20.5  18.0   9.1   506   506   506   506   506   506   506   506   506   506   506   506 
1966  10.4  12.1  16.0  20.2  22.7  24.9  28.7  29.1  23.4  21.2  15.9  11.2   506   506   506   506   506   506   506   506   506   506   506   506 
1967   7.6   8.3  14.6  19.9  24.9  26.4  29.3  29.7  25.5  20.3  17.7   6.4   506   506   506   506   506   506   506   506   506   506   506   506 
1968   8.7   5.7  14.5  18.9  23.7  24.4  28.0  28.8  27.0  20.6  16.8  14.5   506   506   506   506   506   506   506   506   506   506   506   506 
1969   9.5   7.9  14.0  20.4  24.2  24.7  29.7  28.8  27.6  20.2  13.5   8.8   506   506   506   506   506   506   506   506   506   506   506   506 
1970   6.7  11.7  10.6  16.8  23.3  25.9  28.6  29.0  27.3  21.2  15.0  11.0   506   506   506   506   506   506   506   506   506   506   506   506 
1971   6.6  11.1  14.0  20.1  22.3  27.5  30.2  28.7  25.8  19.4  14.1   9.8   506   506   506   506   506   506   506   506   506   506   506   506 
1972  10.6   8.6  15.7  17.3  23.3  26.9  28.3  27.7  24.9  20.7  16.4   9.6   506   506   506   506   506   506   506   506   506   506   506   506 
1973   8.1  14.3  15.5  19.9  22.1  25.3  27.8  28.4  25.9  20.4  14.1   7.5   506   506   506   506   506   506   506   506   506   506   506   506 
1974   7.4   8.6  13.5  20.0  23.7  25.6  28.4  27.2  26.0  22.1  15.5  11.2   506   506   506   506   506   506   506   506   506   506   506   506 
1975   9.7  11.7  13.9  18.8  21.2  26.0  28.3  28.2  27.4  22.1  14.0   7.2   506   506   506   506   506   506   506   506   506   506   506   506 
1976   7.6  11.5  13.0  18.0  23.5  24.4  27.6  29.3  24.4  19.9  11.9  10.0   506   506   506   506   506   506   506   506   506   506   506   506 
1977   5.5   7.8  15.8  20.2  24.0  25.8  28.9  28.2  26.0  21.5  14.4  12.7   506   506   506   506   506   506   506   506   506   506   506   506 
1978   8.5  10.2  13.2  18.6  22.4  26.0  29.5  28.3  26.6  20.4  15.8  10.9   506   506   506   506   506   506   506   506   506   506   506   506 
1979   9.6  12.3  13.0  19.0  21.1  25.2  29.4  28.6  25.1  18.3  13.3  12.9   506   506   506   506   506   506   506   506   506   506   506   506 
1980   9.4   7.3  14.8  17.6  22.4  27.5  29.4  27.8  24.3  21.4  16.5   9.7   506   506   506   506   506   506   506   506   506   506   506   506 
1981   8.1  10.5  14.8  19.6  21.5  25.5  28.6  29.8  25.7  20.4  14.1   8.0   506   506   506   506   506   506   506   506   506   506   506   506 
1982   9.6   9.3  14.6  18.0  22.9  23.4  28.3  28.8  25.1  21.4  16.2   7.6   506   506   506   506   506   506   506   506   506   506   506   506 
1983   8.2   9.0  12.6  19.9  23.9  26.5  29.0  28.7  26.5  23.2  14.1   7.8   506   506   506   506   506   506   506   506   506   506   506   506 
1984   4.9   7.0  13.5  18.4  22.6  27.3  29.3  28.4  25.4  19.4  16.6   8.8   506   506   506   506   506   506   506   506   506   506   506   506 
1985   8.6   9.9  10.8  18.4  25.2  25.7  28.2  28.2  25.5  22.5  14.6   8.8   506   506   506   506   506   506   506   506   506   506   506   506 
1986   7.5   7.9  12.4  19.5  24.0  27.0  29.0  28.7  25.4  20.1  15.4  11.1   506   506   506   506   506   506   506   506   506   506   506   506 
1987  10.1  12.8  15.4  18.9  22.7  25.9  29.4  28.9  24.8  21.8  16.6   9.1   506   506   506   506   506   506   506   506   506   506   506   506 
1988   9.8   8.7  11.0  17.3  23.0  27.0  30.3  28.6  24.7  21.2  13.3   9.8   506   506   506   506   506   506   506   506   506   506   506   506 
1989   8.8   9.6  14.3  18.7  22.0  26.1  28.6  28.8  26.6  21.3  15.4  10.1   506   506   506   506   506   506   506   506   506   506   506   506 
1990   9.8  10.9  15.7  18.6  22.1  26.8  29.7  28.5  25.9  19.5  16.0  10.9   506   506   506   506   506   506   506   506   506   506   506   506 
1991   8.9  11.4  14.9  19.5  23.3  27.3  30.1  29.1  26.3  19.5  14.2  10.5   506   506   506   506   506   506   506   506   506   506   506   506 
1992   8.6   9.4  12.6  20.3  22.5  25.7  28.2  28.8  26.4  18.9  13.7  12.1   506   506   506   506   506   506   506   506   506   506   506   506 
1993   7.3  11.3  14.5  18.8  22.8  25.7  27.8  29.3  25.8  19.7  16.9   9.8   506   506   506   506   506   506   506   506   506   506   506   506 
1994   9.8   9.8  11.3  21.7  23.9  26.4  29.4  28.8  24.6  20.1  17.7  12.5   506   506   506   506   506   506   506   506   506   506   506   506 
1995   8.2   8.9  13.6  19.0  22.8  25.5  28.8  28.0  26.2  22.3  14.0   9.5   506   506   506   506   506   506   506   506   506   506   506   506 
1996   8.6   8.3  13.2  16.7  22.2  27.2  28.9  28.5  26.5  21.4  17.5   9.1   506   506   506   506   506   506   506   506   506   506   506   506 
1997   9.3  11.3  16.2  19.5  23.1  25.6  27.3  27.5  23.7  20.9  15.8  11.3   506   506   506   506   506   506   506   506   506   506   506   506 
1998   8.1  11.8  14.3  22.8  24.5  25.6  28.8  29.2  25.3  22.3  16.7  12.2   506   506   506   506   506   506   506   506   506   506   506   506 
1999  10.2  11.9  13.8  19.2  21.9  27.4  28.0  27.7  26.4  21.9  15.5   8.9   506   506   506   506   506   506   506   506   506   506   506   506 
2000   9.4   9.1  13.8  18.3  24.0  25.6  28.6  27.7  24.9  22.2  15.2  12.0   506   506   506   506   506   506   506   506   506   506   506   506 
2001   9.8  11.7  15.5  18.3  24.1  26.3  29.2  28.0  25.5  21.7  14.2  10.5   506   506   506   506   506   506   506   506   506   506   506   506 
2002   9.6  12.7  16.6  20.8  23.8  26.7  28.5  28.0  24.7  19.8  14.9  11.2   506   506   506   506   506   506   506   506   506   506   506   506 
2003   7.9  13.2  14.6  21.2  23.6  25.8  31.2  30.9  27.7  21.2  16.6   9.1   506   506   506   506   506   506   506   506   506   506   506   506 
2004   8.2  11.9  13.6  20.0  23.8  26.4  28.7  28.9  25.0  19.0  16.2  10.4   506   506   506   506   506   506   506   506   506   506   506   506 
2005   6.4   9.7  13.0  20.5  23.8  27.0  29.4  28.8  27.8  21.8  17.4   8.9   506   506   506   506   506   506   506   506   506   506   506   506 
2006  11.3  11.4  13.6  19.4  22.6  26.2  29.3  29.2  24.6  23.7  16.4  10.4   506   506   506   506   506   506   506   506   506   506   506   506 
2007   8.7  13.5  14.9  18.1  24.3  27.0  30.2  28.2  25.3  21.9  14.8  12.4   506   506   506   506   506   506   506   506   506   506   506   506 
2008   8.2   7.6  15.0  20.1  23.1  26.3  29.1  28.8  27.7  22.5  15.1   9.8   506   506   506   506   506   506   506   506   506   506   506   506 
2009   6.9  16.7  13.7  19.1  23.1  26.3  28.8  29.0  27.7  21.2  13.6   9.7   506   506   506   506   506   506   506   506   506   506   506   506 
2010  10.2  12.3  15.0  16.2  23.0  24.2  28.7  29.4  27.5  19.9  15.1   8.9   506   506   506   506   506   506   506   506   506   506   506   506 
2011   5.1  10.9  12.7  19.8  22.4  27.0  29.7  29.0  26.4  21.1  18.4   9.4   506   506   506   506   506   506   506   506   506   506   506   506 
2012   7.3   9.3  14.5  19.8  23.6  26.1  29.0  28.7  24.4  21.2  13.7   9.4   506   506   506   506   506   506   506   506   506   506   506   506 
2013   8.7  12.9  16.8  18.4  24.3  26.9  29.3  29.7  26.9  20.8  15.0   8.2   506   506   506   506   506   506   506   506   506   506   506   506 
2014   9.3  10.3  14.4  20.7  22.7  26.6  29.5  28.6  27.8  21.7  17.1   8.8   506   506   506   506   506   506   506   506   506   506   506   506 
2015   9.9  11.9  15.2  19.8  23.4  27.7  27.6  27.8  24.9  22.1  17.6  11.7   506   506   506   506   506   506   506   506   506   506   506   506 
2016   9.1  10.3  13.5  21.1  23.7  27.4  29.1  29.3  26.0  24.0  16.4  12.3   506   506   506   506   506   506   506   506   506   506   506   506 
