Number= 915170
Name= HONIARA
Country= SOLOMON ISLAN
Lat=   -9.4
Long= -160.0
Height= 55
Start year= 1951
End year= 2012
First Good year= 1951
Source ID= 10
Source file= Jones
Jones data to= 2012
Normals source= Data
Normals source start year= 1961
Normals source end year= 1990
Normals=  26.9  26.8  26.8  26.7  26.8  26.5  26.1  26.2  26.4  26.6  26.8  26.9 
Standard deviations source= Data
Standard deviations source start year= 1951
Standard deviations source end year= 1990
Standard deviations=   0.4   0.4   0.4   0.4   0.3   0.4   0.4   0.5   0.4   0.5   0.5   0.4 
Obs:
1951  27.1  26.6  26.3  26.6  26.4  26.6  25.9  26.2  26.4  26.7  27.1  27.1   506   506   506   506   506   506   506   506   506   506   506   506 
1952  27.1  27.2  26.8  26.4  26.9  26.4  26.2  26.4  26.4  26.5  26.3  26.6   506   506   506   506   506   506   506   506   506   506   506   506 
1953  26.9  26.7  26.3  26.1  25.8  26.2  25.7  25.7  26.1  26.5  26.8  26.7   506   506   506   506   506   506   506   506   506   506   506   506 
1954  26.7  26.4  26.7  26.8  26.8  26.4  26.4  26.3  26.7  26.7  26.6  26.7   506   506   506   506   506   506   506   506   506   506   506   506 
1955  26.9  26.9  26.1  26.7  26.7  26.3  26.2  26.2  25.9  26.7  26.4  26.0   506   506   506   506   506   506   506   506   506   506   506   506 
1956  26.2  26.3  26.1  26.6  27.1  26.7  26.6  26.8  27.1  27.2  26.9  26.9   506   506   506   506   506   506   506   506   506   506   506   506 
1957  26.8  26.2  26.3  26.8  26.4  26.0  26.2  26.4  26.4  26.6  26.7  26.9   506   506   506   506   506   506   506   506   506   506   506   506 
1958  27.1  27.3  27.2  26.8  26.9  26.2  26.1  26.4  27.0  27.1  26.8  26.6   506   506   506   506   506   506   506   506   506   506   506   506 
1959  26.9  26.8  26.8  26.8  26.8  26.4  26.1  25.8  25.8  26.7  26.7  26.9   506   506   506   506   506   506   506   506   506   506   506   506 
1960  26.9  26.4  26.2  26.4  27.1  26.8  26.1  26.4  26.8  26.5  27.3  27.1   506   506   506   506   506   506   506   506   506   506   506   506 
1961  27.1  27.1  26.8  26.9  26.9  26.6  25.9  26.4  26.3  26.4  26.4  26.9   506   506   506   506   506   506   506   506   506   506   506   506 
1962  27.1  26.7  26.8  26.5  26.5  26.1  26.4  26.3  26.6  26.9  26.5  26.5   506   506   506   506   506   506   506   506   506   506   506   506 
1963  26.8  26.6  26.5  26.6  26.6  26.8  26.0  26.4  26.2  26.0  26.2  26.6   506   506   506   506   506   506   506   506   506   506   506   506 
1964  26.8  27.0  26.9  26.8  26.8  26.3  26.2  26.2  26.8  26.8  26.5  26.4   506   506   506   506   506   506   506   506   506   506   506   506 
1965  26.4  26.7  26.3  26.3  26.1  25.5  25.1  25.2  26.1  26.1  26.1  26.7   506   506   506   506   506   506   506   506   506   506   506   506 
1966  26.7  27.1  26.6  26.7  26.5  26.4  26.2  26.5  26.6  26.8  26.4  26.5   506   506   506   506   506   506   506   506   506   506   506   506 
1967  26.4  26.3  26.3  26.5  26.7  26.6  26.2  26.1  26.4  26.1  26.2  27.0   506   506   506   506   506   506   506   506   506   506   506   506 
1968  26.8  26.5  26.6  26.2  26.8  26.5  25.8  26.0  26.2  26.6  26.7  26.7   506   506   506   506   506   506   506   506   506   506   506   506 
1969  26.8  26.8  27.0  27.3  27.3  26.7  26.3  26.2  26.6  26.9  27.1  26.8   506   506   506   506   506   506   506   506   506   506   506   506 
1970  27.3  26.9  27.1  26.5  26.8  26.4  26.3  26.6  26.4  26.5  26.6  26.7   506   506   506   506   506   506   506   506   506   506   506   506 
1971  26.6  26.7  26.0  26.5  26.6  26.3  26.0  26.3  26.6  26.5  26.8  26.5   506   506   506   506   506   506   506   506   506   506   506   506 
1972  26.2  26.9  26.6  26.7  26.7  26.1  25.8  25.3  26.0  26.4  27.3  27.2   506   506   506   506   506   506   506   506   506   506   506   506 
1973  27.5  27.0  27.7  27.0  26.6  27.0  26.2  26.5  26.9  26.8  26.9  26.8   506   506   506   506   506   506   506   506   506   506   506   506 
1974  26.4  26.3  27.2  25.6  26.7  26.7  26.7  26.6  26.0  26.5  26.6  26.2   506   506   506   506   506   506   506   506   506   506   506   506 
1975  26.5  26.3  26.3  26.5  26.5  25.9  25.5  25.7  25.8  26.3  26.2  26.3   506   506   506   506   506   506   506   506   506   506   506   506 
1976  26.4  25.8  26.2  26.3  26.4  25.9  25.9  25.5  25.6  26.5  26.7  26.7   506   506   506   506   506   506   506   506   506   506   506   506 
1977  26.8  27.1  26.5  26.8  26.3  26.1  26.1  26.0  25.9  26.2  26.3  26.9   506   506   506   506   506   506   506   506   506   506   506   506 
1978  27.1  26.7  27.0  26.5  26.8  26.3  25.6  26.0  26.1  26.1  26.8  26.7   506   506   506   506   506   506   506   506   506   506   506   506 
1979  26.8  26.6  26.9  27.1  26.8  26.7  26.0  26.0  26.4  27.4  26.8  26.5   506   506   506   506   506   506   506   506   506   506   506   506 
1980  26.9  26.8  26.4  27.0  26.7  26.1  26.2  26.1  26.2  26.3  26.7  27.4   506   506   506   506   506   506   506   506   506   506   506   506 
1981  27.2  26.9  26.8  26.9  26.8  26.5  26.3  26.0  26.5  26.9  27.0  27.3   506   506   506   506   506   506   506   506   506   506   506   506 
1982  27.0  26.6  26.9  26.7  26.9  26.2  25.3  25.5  25.6  25.3  25.9  27.1   506   506   506   506   506   506   506   506   506   506   506   506 
1983  27.3  26.9  27.0  26.8  26.9  26.3  25.7  25.5  26.1  26.5  26.7  26.9   506   506   506   506   506   506   506   506   506   506   506   506 
1984  26.8  27.1  26.6  26.7  26.7  26.2  25.7  26.0  26.7  26.7  26.6  27.0   506   506   506   506   506   506   506   506   506   506   506   506 
1985  26.8  27.4  26.8  27.1  26.6  26.4  25.9  26.2  26.7  26.5  26.9  27.1   506   506   506   506   506   506   506   506   506   506   506   506 
1986  27.4  26.9  27.1  26.8  26.4  26.6  25.8  26.3  26.4  27.0  27.1 -99.0   506   506   506   506   506   506   506   506   506   506   506   -99 
1987 -99.0 -99.0  27.5  27.1  27.1  26.9  26.6  26.3  27.3  27.5  27.8  27.8   -99   -99   506   506   506   506   506   506   506   506   506   506 
1988  27.3  27.5  27.1  27.4  27.5  27.2  26.6  27.4  27.0  27.0  27.0  26.6   506   506   506   506   506   506   506   506   506   506   506   506 
1989  26.4  26.4  26.8  26.9  26.8  26.9  27.1  27.3  27.3  27.8  28.5  27.7   506   506   506   506   506   506   506   506   506   506   506   506 
1990  27.9  27.7  27.8  27.6  27.8  27.3  26.9  27.4  27.3  28.1  27.9  27.7   506   506   506   506   506   506   506   506   506   506   506   506 
1991 -99.0 -99.0 -99.0 -99.0 -99.0 -99.0 -99.0 -99.0 -99.0 -99.0 -99.0  26.9   -99   -99   -99   -99   -99   -99   -99   -99   -99   -99   -99   506 
1992 -99.0 -99.0 -99.0 -99.0 -99.0 -99.0 -99.0 -99.0 -99.0 -99.0 -99.0 -99.0   -99   -99   -99   -99   -99   -99   -99   -99   -99   -99   -99   -99 
1993 -99.0 -99.0 -99.0 -99.0 -99.0 -99.0 -99.0 -99.0 -99.0 -99.0 -99.0 -99.0   -99   -99   -99   -99   -99   -99   -99   -99   -99   -99   -99   -99 
1994 -99.0 -99.0 -99.0 -99.0 -99.0 -99.0 -99.0 -99.0 -99.0 -99.0 -99.0 -99.0   -99   -99   -99   -99   -99   -99   -99   -99   -99   -99   -99   -99 
1995 -99.0 -99.0 -99.0 -99.0 -99.0 -99.0 -99.0 -99.0 -99.0 -99.0 -99.0 -99.0   -99   -99   -99   -99   -99   -99   -99   -99   -99   -99   -99   -99 
1996 -99.0 -99.0 -99.0 -99.0 -99.0 -99.0 -99.0 -99.0 -99.0 -99.0 -99.0 -99.0   -99   -99   -99   -99   -99   -99   -99   -99   -99   -99   -99   -99 
1997 -99.0 -99.0 -99.0 -99.0 -99.0 -99.0 -99.0 -99.0 -99.0 -99.0 -99.0 -99.0   -99   -99   -99   -99   -99   -99   -99   -99   -99   -99   -99   -99 
1998 -99.0 -99.0 -99.0 -99.0 -99.0 -99.0 -99.0 -99.0 -99.0 -99.0 -99.0 -99.0   -99   -99   -99   -99   -99   -99   -99   -99   -99   -99   -99   -99 
1999 -99.0 -99.0 -99.0 -99.0 -99.0 -99.0 -99.0 -99.0 -99.0 -99.0 -99.0 -99.0   -99   -99   -99   -99   -99   -99   -99   -99   -99   -99   -99   -99 
2000 -99.0 -99.0  27.0 -99.0 -99.0 -99.0 -99.0 -99.0 -99.0 -99.0 -99.0 -99.0   -99   -99   506   -99   -99   -99   -99   -99   -99   -99   -99   -99 
2001 -99.0 -99.0 -99.0 -99.0 -99.0 -99.0 -99.0 -99.0 -99.0 -99.0 -99.0 -99.0   -99   -99   -99   -99   -99   -99   -99   -99   -99   -99   -99   -99 
2002 -99.0 -99.0 -99.0 -99.0 -99.0 -99.0 -99.0 -99.0 -99.0 -99.0 -99.0 -99.0   -99   -99   -99   -99   -99   -99   -99   -99   -99   -99   -99   -99 
2003 -99.0 -99.0 -99.0 -99.0 -99.0 -99.0 -99.0 -99.0 -99.0 -99.0 -99.0 -99.0   -99   -99   -99   -99   -99   -99   -99   -99   -99   -99   -99   -99 
2004 -99.0 -99.0 -99.0 -99.0 -99.0 -99.0 -99.0 -99.0 -99.0 -99.0 -99.0 -99.0   -99   -99   -99   -99   -99   -99   -99   -99   -99   -99   -99   -99 
2005 -99.0 -99.0 -99.0 -99.0 -99.0 -99.0 -99.0 -99.0 -99.0 -99.0 -99.0 -99.0   -99   -99   -99   -99   -99   -99   -99   -99   -99   -99   -99   -99 
2006 -99.0 -99.0 -99.0 -99.0 -99.0 -99.0 -99.0 -99.0 -99.0 -99.0 -99.0 -99.0   -99   -99   -99   -99   -99   -99   -99   -99   -99   -99   -99   -99 
2007 -99.0 -99.0 -99.0 -99.0 -99.0 -99.0 -99.0 -99.0 -99.0 -99.0 -99.0 -99.0   -99   -99   -99   -99   -99   -99   -99   -99   -99   -99   -99   -99 
2008 -99.0 -99.0 -99.0 -99.0 -99.0 -99.0 -99.0 -99.0 -99.0 -99.0 -99.0 -99.0   -99   -99   -99   -99   -99   -99   -99   -99   -99   -99   -99   -99 
2009 -99.0 -99.0 -99.0 -99.0 -99.0 -99.0 -99.0 -99.0 -99.0 -99.0 -99.0 -99.0   -99   -99   -99   -99   -99   -99   -99   -99   -99   -99   -99   -99 
2010 -99.0 -99.0 -99.0 -99.0 -99.0 -99.0 -99.0 -99.0 -99.0 -99.0 -99.0 -99.0   -99   -99   -99   -99   -99   -99   -99   -99   -99   -99   -99   -99 
2011 -99.0 -99.0 -99.0 -99.0 -99.0 -99.0 -99.0 -99.0 -99.0 -99.0 -99.0 -99.0   -99   -99   -99   -99   -99   -99   -99   -99   -99   -99   -99   -99 
2012 -99.0 -99.0 -99.0 -99.0 -99.0 -99.0 -99.0 -99.0 -99.0 -99.0 -99.0 -99.0   -99   -99   -99   -99   -99   -99   -99   -99   -99   -99   -99   -99 
