Number= 228370
Name= VYTEGRA
Country= RUSSIA
Lat=   61.0
Long=  -36.1
Height= 55
Start year= 1878
End year= 2020
First Good year= 1878
Source ID= 43
Source file= Jones
Jones data to= 2016
Normals source= Data
Normals source start year= 1961
Normals source end year= 1990
Normals= -12.0 -10.2  -4.6   2.1   9.1  14.1  16.6  14.6   9.3   3.6  -2.6  -8.0 
Standard deviations source= Data
Standard deviations source start year= 1941
Standard deviations source end year= 1990
Standard deviations=   5.1   4.5   3.4   2.1   2.2   2.1   1.7   1.3   1.6   1.9   2.3   4.4 
Obs:
1878 -13.0  -7.9  -3.5   1.9   7.2  15.4  15.3  14.2  11.2   7.8   0.0  -4.1   506   506   506   506   506   506   506   506   506   506   506   506 
1879 -12.6  -8.5  -6.6   2.4  11.1  13.5  14.2  15.0  10.5   4.0  -7.2 -11.0   506   506   506   506   506   506   506   506   506   506   506   506 
1880 -11.5  -8.2  -6.8   0.3   8.5  13.1  17.3  16.7  11.2  -1.9  -3.1  -7.3   506   506   506   506   506   506   506   506   506   506   506   506 
1881 -14.6 -10.7  -6.3   0.4   7.0  14.7  18.2  15.7   8.6   1.3  -2.7  -6.6   506   506   506   506   506   506   506   506   506   506   506   506 
1882  -3.9  -5.8  -1.5   1.6  10.0  13.4  18.0  18.3  10.8   1.0  -9.0 -10.9   506   506   506   506   506   506   506   506   506   506   506   506 
1883 -14.5  -9.8  -9.2   2.9  10.1  16.7  16.6  12.6  10.6   3.0   1.5  -4.3   506   506   506   506   506   506   506   506   506   506   506   506 
1884 -10.9  -8.9  -7.0  -1.1   4.4  15.0  15.4  11.4   7.6   5.5  -4.6  -9.8   506   506   506   506   506   506   506   506   506   506   506   506 
1885 -12.2  -6.2  -4.5  -0.7   8.7  12.4  20.7  13.7   7.8   2.3  -7.4  -8.6   506   506   506   506   506   506   506   506   506   506   506   506 
1886 -11.0 -12.7  -6.4   3.6   9.2  14.6  17.8  15.4   8.8   2.3  -0.6  -2.5   506   506   506   506   506   506   506   506   506   506   506   506 
1887  -6.9  -4.8  -7.1   2.0  10.8  10.6  17.1  14.2  11.0   1.3  -3.0 -10.6   506   506   506   506   506   506   506   506   506   506   506   506 
1888 -15.2 -12.9 -10.6   1.6   6.5   9.6  15.1  14.3   9.7   1.7  -3.2 -13.5   506   506   506   506   506   506   506   506   506   506   506   506 
1889 -10.7 -11.9  -7.6   2.6  12.5  12.7  16.5  14.4   9.1   5.2  -0.6  -5.2   506   506   506   506   506   506   506   506   506   506   506   506 
1890  -9.1  -6.5  -1.0   4.8   8.2  14.9  17.9  16.4  10.7   2.3  -7.3 -10.0   506   506   506   506   506   506   506   506   506   506   506   506 
1891 -11.4  -4.5  -4.4   2.0   9.1  11.7  17.3  12.1   7.0   3.5  -8.4  -5.3   506   506   506   506   506   506   506   506   506   506   506   506 
1892 -14.8 -10.0  -5.8  -1.3   8.3  11.5  15.8  13.2  10.0   1.3  -2.1 -13.5   506   506   506   506   506   506   506   506   506   506   506   506 
1893 -17.7 -18.8  -7.2  -0.7   7.6  13.1  15.8  14.2   8.1   4.9  -5.5  -6.9   506   506   506   506   506   506   506   506   506   506   506   506 
1894  -7.3  -6.8  -6.7   4.5  11.2  14.8  15.8  17.4   6.2   0.3  -1.9  -8.2   506   506   506   506   506   506   506   506   506   506   506   506 
1895 -10.7 -16.5  -7.3   0.6   9.0  15.9  16.3  14.0   8.8   6.2  -1.2  -7.7   506   506   506   506   506   506   506   506   506   506   506   506 
1896 -11.9 -12.9  -4.6   0.8   7.6  15.6  18.2  15.2   9.9   7.0  -6.2  -9.3   506   506   506   506   506   506   506   506   506   506   506   506 
1897 -11.6 -11.7  -7.4   2.7  15.7  12.6  18.0  14.5  10.2   3.7  -3.4  -9.9   506   506   506   506   506   506   506   506   506   506   506   506 
1898  -8.0 -12.3  -9.1   1.7  10.7  13.6  17.5  16.1   9.4   0.3   0.0  -8.1   506   506   506   506   506   506   506   506   506   506   506   506 
1899 -10.9 -99.0 -99.0 -99.0 -99.0 -99.0 -99.0 -99.0 -99.0   4.4  -0.5 -10.5   506   -99   -99   -99   -99   -99   -99   -99   -99   506   506   506 
1900 -12.4 -10.8  -5.7   0.7 -99.0 -99.0 -99.0 -99.0 -99.0 -99.0 -99.0 -99.0   506   506   506   506   -99   -99   -99   -99   -99   -99   -99   -99 
1901 -99.0 -99.0 -99.0 -99.0 -99.0 -99.0 -99.0 -99.0 -99.0 -99.0  -4.6 -14.1   -99   -99   -99   -99   -99   -99   -99   -99   -99   -99   506   506 
1902 -14.2  -9.1  -8.1  -1.8   7.2  11.6  15.0  13.5   7.9  -1.4  -7.0 -12.2   506   506   506   506   506   506   506   506   506   506   506   506 
1903 -10.7  -6.5  -1.5   5.8   9.0  15.9  15.2  14.2   9.0  -0.8  -0.4  -5.0   506   506   506   506   506   506   506   506   506   506   506   506 
1904  -4.8 -10.9  -6.5   3.5   6.7  11.4  13.2  14.1   9.1   5.4  -4.7 -10.9   506   506   506   506   506   506   506   506   506   506   506   506 
1905 -11.8  -6.3  -2.8   3.1  10.5  14.9  16.2  13.2   8.5   3.0  -1.9  -4.9   506   506   506   506   506   506   506   506   506   506   506   506 
1906  -7.2  -8.3  -6.0   5.0  14.9  14.7  17.8  12.4   6.4   1.8  -3.7  -7.1   506   506   506   506   506   506   506   506   506   506   506   506 
1907 -19.0  -7.7  -3.1   3.1   5.4  15.2  17.7  12.7   9.0   5.1  -5.5 -18.5   506   506   506   506   506   506   506   506   506   506   506   506 
1908 -12.2  -9.3  -8.8   3.2   5.9  13.4  15.8  14.2   8.8   2.2  -5.5  -7.3   506   506   506   506   506   506   506   506   506   506   506   506 
1909  -7.5 -13.2  -5.0  -0.5   5.0  12.0  15.4  14.0  11.0   7.9  -3.8  -6.0   506   506   506   506   506   506   506   506   506   506   506   506 
1910  -9.1  -4.1  -1.7   4.7   9.1  13.7  16.2  11.5   9.9   1.3  -3.7  -4.7   506   506   506   506   506   506   506   506   506   506   506   506 
1911  -9.3 -15.9  -4.9   0.1   8.4  13.5  14.2  15.5   8.6   2.5   1.0  -5.4   506   506   506   506   506   506   506   506   506   506   506   506 
1912 -15.5 -15.8  -1.0  -0.5   7.0  16.3  14.5  15.9   9.7  -1.7  -1.8  -6.4   506   506   506   506   506   506   506   506   506   506   506   506 
1913  -9.1 -11.6  -3.5   5.7   6.2  12.4  18.4  16.7   9.4   0.7  -0.9  -7.5   506   506   506   506   506   506   506   506   506   506   506   506 
1914 -13.9  -5.6  -4.2   0.7  10.0  16.3  19.2  12.4   8.6   1.6 -99.0  -3.7   506   506   506   506   506   506   506   506   506   506   -99   506 
1915  -9.3  -8.0 -10.6   1.7   7.7  11.2  17.5  13.2   8.8   2.1  -6.1 -17.9   506   506   506   506   506   506   506   506   506   506   506   506 
1916  -7.4  -4.1  -6.8   2.7   5.4  13.8  18.2  11.9   6.7   1.1  -0.2  -6.6   506   506   506   506   506   506   506   506   506   506   506   506 
1917 -13.5 -19.4 -13.2   2.8   5.3  17.6  14.9  17.1  10.4   6.3  -2.2  -7.5   506   506   506   506   506   506   506   506   506   506   506   506 
1918 -13.4  -9.6  -6.4   2.9   3.8  13.2  16.8  12.3   9.4 -99.0   0.2  -7.4   506   506   506   506   506   506   506   506   506   -99   506   506 
1919  -9.2 -13.7  -8.9   2.8   7.7 -99.0 -99.0 -99.0 -99.0 -99.0 -99.0 -99.0   506   506   506   506   506   -99   -99   -99   -99   -99   -99   -99 
1920 -99.0 -99.0 -99.0 -99.0 -99.0 -99.0 -99.0 -99.0 -99.0 -99.0 -99.0 -99.0   -99   -99   -99   -99   -99   -99   -99   -99   -99   -99   -99   -99 
1921 -99.0 -99.0 -99.0 -99.0 -99.0 -99.0 -99.0 -99.0 -99.0 -99.0 -99.0 -99.0   -99   -99   -99   -99   -99   -99   -99   -99   -99   -99   -99   -99 
1922 -99.0 -99.0 -99.0 -99.0 -99.0 -99.0 -99.0 -99.0 -99.0 -99.0 -99.0 -99.0   -99   -99   -99   -99   -99   -99   -99   -99   -99   -99   -99   -99 
1923 -99.0 -99.0 -99.0 -99.0 -99.0 -99.0 -99.0 -99.0 -99.0 -99.0 -99.0 -99.0   -99   -99   -99   -99   -99   -99   -99   -99   -99   -99   -99   -99 
1924 -99.0 -99.0 -99.0 -99.0 -99.0 -99.0 -99.0 -99.0 -99.0 -99.0   0.1  -4.7   -99   -99   -99   -99   -99   -99   -99   -99   -99   -99   506   506 
1925  -4.2  -3.7  -5.0   4.8  11.7  15.4  21.4  17.5   9.8   1.6  -4.5 -99.0   506   506   506   506   506   506   506   506   506   506   506   -99 
1926 -16.8 -11.7  -5.5  -0.9  10.2  15.5  14.8  13.5 -99.0   0.1  -0.4 -10.5   506   506   506   506   506   506   506   506   -99   506   506   506 
1927 -14.4  -8.9  -4.7   2.1   7.3  13.8  18.7  17.4   8.3   0.4  -5.3 -11.6   506   506   506   506   506   506   506   506   506   506   506   506 
1928  -7.4 -10.4  -6.2   1.6   9.8  11.1  14.1  14.1   9.4   3.3  -0.5  -5.0   506   506   506   506   506   506   506   506   506   506   506   506 
1929 -12.7 -19.1  -9.3  -5.6  10.7  12.3  16.3  14.9   7.9   4.7   0.5  -3.1   506   506   506   506   506   506   506   506   506   506   506   506 
1930  -3.8 -10.9  -5.7   1.9   9.9  11.8  16.8  17.2   6.6   3.2  -1.3 -10.5   506   506   506   506   506   506   506   506   506   506   506   506 
1931 -10.7 -13.1  -7.3   2.3  11.0  12.0  18.7  16.5   8.4   3.0  -2.4  -7.8   506   506   506   506   506   506   506   506   506   506   506   506 
1932 -99.0 -99.0  -7.8 -99.0 -99.0 -99.0  17.6  17.6  10.5   4.4  -2.0  -0.9   -99   -99   506   -99   -99   -99   506   506   506   506   506   506 
1933 -12.4 -12.3 -99.0   2.8   6.5  14.3  18.4  12.4   9.8   4.1  -4.8 -13.1   506   506   -99   506   506   506   506   506   506   506   506   506 
1934  -5.1 -10.5  -4.5   2.4  11.4  11.2  20.0  14.5  11.6   5.3   1.2  -8.1   506   506   506   506   506   506   506   506   506   506   506   506 
1935 -11.4  -5.9  -4.5   1.5   5.5  14.3  13.9  15.4   9.2   6.2  -0.9  -3.7   506   506   506   506   506   506   506   506   506   506   506   506 
1936  -7.3 -15.0  -3.8   3.0  10.3  17.8  19.9  15.2   8.5   1.0   0.2  -1.4   506   506   506   506   506   506   506   506   506   506   506   506 
1937  -8.7  -8.9  -2.9   6.1   8.1  16.3  17.0  16.9  11.1   5.2  -0.3 -13.3   506   506   506   506   506   506   506   506   506   506   506   506 
1938 -10.9  -6.4  -2.3   1.2   8.3  13.1  21.0  17.7  13.1   3.4   1.1  -9.7   506   506   506   506   506   506   506   506   506   506   506   506 
1939 -10.1  -6.6  -4.9  -0.5   6.8  14.2  16.9  16.5   6.0   0.8  -0.7  -8.3   506   506   506   506   506   506   506   506   506   506   506   506 
1940 -21.1 -14.4  -9.1   0.1   9.3  13.2  17.9  15.8  10.9   2.2  -1.5  -8.3   506   506   506   506   506   506   506   506   506   506   506   506 
1941 -18.2 -12.0  -9.9  -2.3   3.8   9.2  18.9  15.4   7.1  -0.2  -5.7 -18.0   506   506   506   506   506   506   506   506   506   506   506   506 
1942 -20.6 -12.6 -12.9   1.1   8.3  11.9  15.8  14.5   9.3   5.0  -4.0  -6.3   506   506   506   506   506   506   506   506   506   506   506   506 
1943 -14.5  -5.0  -2.1   3.5   9.9  14.8  17.8  14.7   8.9   4.8  -0.2  -3.3   506   506   506   506   506   506   506   506   506   506   506   506 
1944  -4.2  -7.9  -4.7  -0.9   8.3  12.0  15.5  14.6  11.1   4.7  -2.5  -6.7   506   506   506   506   506   506   506   506   506   506   506   506 
1945  -9.7  -7.8  -7.3   0.3   4.7  12.4  16.8  16.9   7.9   0.7  -4.1 -13.4   506   506   506   506   506   506   506   506   506   506   506   506 
1946  -8.7 -13.1  -5.5   1.6   7.5  16.1  17.8  15.1   9.8  -0.5  -2.8  -5.3   506   506   506   506   506   506   506   506   506   506   506   506 
1947 -10.9 -18.4  -8.0   2.8   6.5  15.6  15.6  14.1  10.7   2.8  -2.7  -7.0   506   506   506   506   506   506   506   506   506   506   506   506 
1948 -10.5 -11.5  -7.7   2.8  12.4  16.8  13.9  14.3   9.9   3.7  -0.7  -4.4   506   506   506   506   506   506   506   506   506   506   506   506 
1949  -3.8  -7.0  -4.9   3.0  11.0  13.5  14.8  13.8  11.4   3.0  -1.7  -5.1   506   506   506   506   506   506   506   506   506   506   506   506 
1950 -17.7  -8.6  -3.9   6.6   7.7  13.4  14.0  12.9  10.2   4.6  -1.9  -6.1   506   506   506   506   506   506   506   506   506   506   506   506 
1951 -11.9 -10.6  -7.7   5.1   4.7  13.0  14.6  16.7  10.2   3.4  -5.3  -3.2   506   506   506   506   506   506   506   506   506   506   506   506 
1952  -4.2  -7.5 -10.7   2.2   5.8  13.5  16.4  13.3   8.8   0.4  -3.3  -5.5   506   506   506   506   506   506   506   506   506   506   506   506 
1953 -10.8 -17.1  -4.3   4.2   7.7  16.7  16.7  15.3   7.1   3.7  -2.5  -4.4   506   506   506   506   506   506   506   506   506   506   506   506 
1954 -12.0 -13.4  -3.2   0.6   8.8  14.7  19.1  14.7  10.0   3.9  -3.1  -3.8   506   506   506   506   506   506   506   506   506   506   506   506 
1955  -8.9 -11.3  -8.9  -1.4   6.9  11.2  15.4  15.8  12.8   5.2  -5.3 -21.1   506   506   506   506   506   506   506   506   506   506   506   506 
1956 -12.9 -18.1  -6.9  -1.3   7.8  17.2  12.8  12.2   7.3   2.1  -8.6  -4.8   506   506   506   506   506   506   506   506   506   506   506   506 
1957  -6.4  -3.3 -10.7   1.4  10.4  12.4  17.8  15.5   9.8   4.2  -1.6  -4.1   506   506   506   506   506   506   506   506   506   506   506   506 
1958 -10.5  -9.8 -10.1   0.2   7.5  12.5  15.6  13.4   7.5   4.3  -0.1 -13.2   506   506   506   506   506   506   506   506   506   506   506   506 
1959  -7.1  -5.7  -2.2   1.9   8.2  14.9  16.8  15.5   7.0   0.3  -4.3 -11.6   506   506   506   506   506   506   506   506   506   506   506   506 
1960 -14.6 -12.4  -7.0   2.2   9.0  14.9  19.9  14.8   8.5   0.4  -4.7  -3.0   506   506   506   506   506   506   506   506   506   506   506   506 
1961  -6.8  -2.8  -1.7  -0.8   8.7  17.0  16.8  14.5   8.4   6.6  -3.9  -9.7   506   506   506   506   506   506   506   506   506   506   506   506 
1962  -6.0  -7.7  -8.8   4.7   9.7  11.0  15.4  12.5   9.3   4.3   0.5  -8.2   506   506   506   506   506   506   506   506   506   506   506   506 
1963 -18.1 -13.7 -14.5   1.9  13.0  11.0  16.4  16.0  12.7   4.5  -1.5  -9.0   506   506   506   506   506   506   506   506   506   506   506   506 
1964  -7.8 -10.2  -9.1   1.7   8.6  14.6  16.5  14.6   9.1   6.1  -4.8  -5.9   506   506   506   506   506   506   506   506   506   506   506   506 
1965 -10.6 -13.6  -4.9   0.8   5.0  14.6  14.3  14.1  11.7   3.5  -8.1  -3.9   506   506   506   506   506   506   506   506   506   506   506   506 
1966 -20.2 -18.3  -6.6   0.2  10.3  14.7  17.1  14.1   7.5   3.0   0.0 -11.9   506   506   506   506   506   506   506   506   506   506   506   506 
1967 -14.4  -9.5   0.4   3.7  10.1  13.4  16.0  17.5  10.4   6.7   0.8 -12.3   506   506   506   506   506   506   506   506   506   506   506   506 
1968 -20.5  -8.3  -1.8   1.2   8.3  15.3  13.3  15.4   8.5   0.2  -3.5  -6.2   506   506   506   506   506   506   506   506   506   506   506   506 
1969 -17.9 -15.1  -8.8   1.8   6.2  11.4  15.3  15.0   9.1   4.0  -0.4  -9.1   506   506   506   506   506   506   506   506   506   506   506   506 
1970 -11.4 -12.0  -2.4   3.2   8.1  14.0  18.1  15.0  10.2   4.0  -4.6  -7.7   506   506   506   506   506   506   506   506   506   506   506   506 
1971  -3.8 -13.6  -6.1   0.3   7.3  12.2  14.9  15.0   8.4   1.8  -3.6  -8.1   506   506   506   506   506   506   506   506   506   506   506   506 
1972 -15.5  -8.2  -7.1   1.6   7.6  16.0  20.9  18.7   9.2   3.6  -2.8  -0.1   506   506   506   506   506   506   506   506   506   506   506   506 
1973 -10.2  -7.2  -4.3   4.2  10.5  16.0  17.5  14.0   5.8   1.3  -4.4 -10.4   506   506   506   506   506   506   506   506   506   506   506   506 
1974 -13.4  -1.4  -2.3  -0.1   5.3  15.7  19.2  14.7  12.1   5.9  -0.2  -1.9   506   506   506   506   506   506   506   506   506   506   506   506 
1975  -5.2  -9.1  -0.7   4.6  11.8  13.3  17.0  13.1  11.9   2.6  -2.2  -5.4   506   506   506   506   506   506   506   506   506   506   506   506 
1976 -16.5 -13.0  -5.6   1.5   8.1  11.3  14.8  11.9   8.2  -1.5  -3.2  -6.2   506   506   506   506   506   506   506   506   506   506   506   506 
1977 -11.6  -9.6  -4.7   3.0   9.4  14.1  17.5  14.2   7.8   1.7  -0.1  -9.7   506   506   506   506   506   506   506   506   506   506   506   506 
1978 -10.0 -15.7  -2.8  -0.2   7.9  12.6  15.2  13.1   8.1   2.3  -0.2 -20.4   506   506   506   506   506   506   506   506   506   506   506   506 
1979 -13.5 -12.7  -2.6  -0.9  12.8  13.4  16.4  15.1   8.9   1.9  -1.1  -6.8   506   506   506   506   506   506   506   506   506   506   506   506 
1980 -12.2  -9.1  -8.9   2.8   6.4  17.2  15.3  13.4   8.8   4.0  -3.9  -6.7   506   506   506   506   506   506   506   506   506   506   506   506 
1981  -6.7  -8.6  -8.3  -0.3  10.0  15.5  19.4  15.6   9.4   7.0  -1.4  -7.2   506   506   506   506   506   506   506   506   506   506   506   506 
1982 -16.8  -9.1  -2.7   2.6   9.7  10.3  16.9  13.6   9.8   2.5   1.7  -2.7   506   506   506   506   506   506   506   506   506   506   506   506 
1983  -5.6 -11.1  -4.1   5.7  11.5  13.1  17.3  14.1  11.2   4.5  -3.3  -4.8   506   506   506   506   506   506   506   506   506   506   506   506 
1984  -6.7  -8.8  -6.0   3.4  12.6  13.5  17.1  13.4   9.7   4.0  -3.8 -10.3   506   506   506   506   506   506   506   506   506   506   506   506 
1985 -20.2 -20.5  -2.8   0.1   8.2  12.0  15.0  17.3   9.5   4.7  -4.1 -11.1   506   506   506   506   506   506   506   506   506   506   506   506 
1986 -10.9 -16.5  -1.4   3.0   9.3  16.4  16.2  13.2   6.7   3.8   1.1 -12.8   506   506   506   506   506   506   506   506   506   506   506   506 
1987 -23.8  -9.2  -6.8   0.6   9.4  15.5  14.8  13.0   8.4   4.6  -7.2 -10.6   506   506   506   506   506   506   506   506   506   506   506   506 
1988  -9.6  -8.1  -2.0   1.2  10.4  17.0  19.9  15.1   9.7   4.7  -6.4  -9.5   506   506   506   506   506   506   506   506   506   506   506   506 
1989  -4.4  -2.1   0.8   5.3  10.9  18.7  17.3  15.2  11.4   3.7  -2.5  -8.5   506   506   506   506   506   506   506   506   506   506   506   506 
1990 -10.6   0.2  -1.0   5.6   7.2  12.3  16.4  14.6   7.1   3.4  -4.6  -4.0   506   506   506   506   506   506   506   506   506   506   506   506 
1991  -9.8  -9.5  -4.7   3.6   9.2  15.8  16.1  14.5   8.7   5.8   1.7  -5.5   506   506   506   506   506   506   506   506   506   506   506   506 
1992  -8.1  -5.5   0.6   1.7   9.7  13.9  16.4  15.0  12.4  -1.0  -6.5  -2.8   506   506   506   506   506   506   506   506   506   506   506   506 
1993  -6.1  -5.7  -3.6   1.8  11.2  11.7  16.2  13.8   5.5   2.1  -9.3  -7.2   506   506   506   506   506   506   506   506   506   506   506   506 
1994  -8.0 -16.3  -4.0   5.0   6.2  13.8  15.9  13.9  11.5   4.2  -5.3  -7.1   506   506   506   506   506   506   506   506   506   506   506   506 
1995  -6.5  -2.4  -0.5   4.4  10.7  17.8  14.9  14.6  11.0   6.2  -5.0 -12.1   506   506   506   506   506   506   506   506   506   506   506   506 
1996  -9.8 -13.5  -5.6   1.7   8.6  13.5  15.8  15.7   7.5   4.4   2.5  -8.1   506   506   506   506   506   506   506   506   506   506   506   506 
1997 -11.1  -6.8  -3.3   1.3   7.3  14.9  17.4  16.1   8.1   1.8  -3.8 -10.0   506   506   506   506   506   506   506   506   506   506   506   506 
1998  -6.7 -15.2  -6.4  -1.6   9.7  16.4  17.6  13.4   9.9   4.9  -7.5  -7.3   506   506   506   506   506   506   506   506   506   506   506   506 
1999 -12.0 -10.7  -3.0   5.7   4.4  19.6  19.0  14.0  10.6   6.0  -6.0  -3.4   506   506   506   506   506   506   506   506   506   506   506   506 
2000  -8.7  -5.7  -2.0   6.8   8.7  15.0  18.8  14.2   8.9   6.9  -1.8  -6.3   506   506   506   506   506   506   506   506   506   506   506   506 
2001  -5.5 -12.0  -7.6   8.0   8.1  14.8  20.6  14.4  11.3   3.3  -3.5 -12.0   506   506   506   506   506   506   506   506   506   506   506   506 
2002  -7.7  -3.0  -1.5   4.4   9.0  14.8  19.4  14.4   9.4   0.4  -6.3 -13.9   506   506   506   506   506   506   506   506   506   506   506   506 
2003 -14.7  -8.1  -3.1   1.2  11.8  10.8  20.6  15.9  10.5   4.3  -0.3  -3.3   506   506   506   506   506   506   506   506   506   506   506   506 
2004 -11.9  -9.1  -2.7   1.4   9.5  13.4  17.6  15.5  11.6   4.2  -2.7  -4.6   506   506   506   506   506   506   506   506   506   506   506   506 
2005  -4.6 -10.0  -8.2   3.2  11.3  14.5  18.1  16.7  11.7   5.8   2.4  -7.5   506   506   506   506   506   506   506   506   506   506   506   506 
2006 -11.5 -17.3 -10.1   3.2   9.8  16.4  16.2  16.0  12.2   4.6  -1.7   1.1   506   506   506   506   506   506   506   506   506   506   506   506 
2007  -5.9 -18.7   2.0   3.6  11.2  12.7  17.0  17.8  10.4   5.6  -3.2  -1.6   506   506   506   506   506   506   506   506   506   506   506   506 
2008  -5.4  -3.5  -2.0   4.3   7.8  12.5  16.4  14.4   8.2   7.0   1.3  -2.3   506   506   506   506   506   506   506   506   506   506   506   506 
2009  -7.9  -6.1  -3.3   0.7  10.0  14.4  16.6  14.9  12.3   2.6   0.3  -9.0   506   506   506   506   506   506   506   506   506   506   506   506 
2010 -16.3 -12.0  -5.8   4.7  13.5  14.2  23.0  17.2  10.2   3.3  -3.0 -14.4   506   506   506   506   506   506   506   506   506   506   506   506 
2011 -10.4 -15.9  -4.6   3.7   9.9  15.3  21.5  15.1  10.3   5.6   0.0  -0.4   506   506   506   506   506   506   506   506   506   506   506   506 
2012  -8.1 -13.9  -6.5   3.2  10.5  14.4  18.1  14.4  10.8   4.4   0.1 -12.1   506   506   506   506   506   506   506   506   506   506   506   506 
2013 -10.8  -5.7 -11.9   2.8  12.5  17.5  17.4  16.3   8.8   5.0   2.5  -2.4   506   506   506   506   506   506   506   506   506   506   506   506 
2014 -10.8  -2.3  -0.3   3.7  11.8  13.0  18.2  16.8  11.1   1.7  -1.8  -4.2   506   506   506   506   506   506   506   506   506   506   506   506 
2015  -7.3  -3.3  -0.2   2.7  11.7  14.9  15.1  15.0  12.0   3.7  -0.4  -1.2   506   506   506   506   506   506   506   506   506   506   506   506 
2016 -14.3  -1.7  -1.9   5.0  12.6  15.2  19.6  16.6  10.2   2.9  -5.0  -4.5   506   506   506   506   506   506   506   506   506   900   900   900 
2017  -9.1  -8.3  -0.5   1.0   5.1  11.8  15.7  16.8  10.6   3.5   0.1  -1.7   900   900   900   900   900   900   900   900   900   900   900   900 
2018  -1.7 -11.1  -8.8   3.6  12.0  13.9  18.9  17.4  12.3   5.2   0.2  -7.2   900   900   900   900   900   900   900   900   900   900   900   900 
2019  -8.2  -3.3  -1.6   3.5  10.7  16.9  14.6  13.7  10.1   3.5  -1.2  -0.5   900   900   900   900   900   900   900   900   900   900   900   900 
2020  -1.5  -1.7   0.6   1.8   7.5  16.6  16.8  14.6  12.1   6.6   1.6  -4.8   900   900   900   900   900   900   900   900   900   900   900   900 
