Number= 228870
Name= KOTLAS
Country= RUSSIA
Lat=   61.3
Long=  -46.1
Height= 55
Start year= 1912
End year= 2016
First Good year= 1912
Source ID= 43
Source file= Jones
Jones data to= 2016
Normals source= Data
Normals source start year= 1961
Normals source end year= 1990
Normals= -15.1 -12.3  -5.3   1.8   8.8  14.3  17.2  14.2   8.2   1.5  -5.1 -10.9 
Standard deviations source= Data
Standard deviations source start year= 1941
Standard deviations source end year= 1990
Standard deviations=   4.7   4.3   3.3   2.4   2.3   2.1   2.0   1.6   1.7   2.1   2.6   4.7 
Obs:
1912 -17.3 -20.5  -4.5   0.0 -99.0  19.2  14.2  15.5   9.7 -99.0  -4.2 -11.0   506   506   506   506   -99   506   506   506   506   -99   506   506 
1913 -99.0 -99.0 -99.0 -99.0 -99.0 -99.0 -99.0 -99.0 -99.0 -99.0 -99.0 -99.0   -99   -99   -99   -99   -99   -99   -99   -99   -99   -99   -99   -99 
1914 -16.5 -10.9  -6.0  -2.4   9.2  15.2  16.9  14.6   7.5   1.2  -6.9  -6.7   506   506   506   506   506   506   506   506   506   506   506   506 
1915 -10.0  -7.2 -11.4   2.0   9.0  13.0  19.7  13.9   7.6  -0.1  -8.2 -20.2   506   506   506   506   506   506   506   506   506   506   506   506 
1916 -11.4  -5.8  -8.5   2.4   5.2  15.8  18.5  11.8   6.4   0.5  -3.2  -9.7   506   506   506   506   506   506   506   506   506   506   506   506 
1917 -99.0 -22.4 -13.2   4.5   4.9  17.5  17.0  16.3  10.2   5.2  -4.9 -99.0   -99   506   506   506   506   506   506   506   506   506   506   -99 
1918 -99.0 -99.0 -99.0 -99.0 -99.0 -99.0 -99.0 -99.0 -99.0 -99.0 -99.0 -99.0   -99   -99   -99   -99   -99   -99   -99   -99   -99   -99   -99   -99 
1919 -99.0 -99.0 -99.0 -99.0 -99.0 -99.0 -99.0 -99.0 -99.0 -99.0 -99.0 -99.0   -99   -99   -99   -99   -99   -99   -99   -99   -99   -99   -99   -99 
1920 -99.0 -99.0 -99.0 -99.0 -99.0 -99.0 -99.0 -99.0 -99.0 -99.0 -99.0 -99.0   -99   -99   -99   -99   -99   -99   -99   -99   -99   -99   -99   -99 
1921 -99.0 -99.0 -99.0 -99.0 -99.0 -99.0 -99.0 -99.0 -99.0 -99.0 -99.0 -99.0   -99   -99   -99   -99   -99   -99   -99   -99   -99   -99   -99   -99 
1922 -99.0 -99.0 -99.0 -99.0 -99.0 -99.0 -99.0 -99.0 -99.0 -99.0 -99.0 -99.0   -99   -99   -99   -99   -99   -99   -99   -99   -99   -99   -99   -99 
1923 -99.0 -99.0 -99.0 -99.0 -99.0 -99.0 -99.0 -99.0 -99.0 -99.0 -99.0 -99.0   -99   -99   -99   -99   -99   -99   -99   -99   -99   -99   -99   -99 
1924 -99.0 -99.0 -99.0 -99.0 -99.0 -99.0 -99.0 -99.0 -99.0 -99.0 -99.0 -99.0   -99   -99   -99   -99   -99   -99   -99   -99   -99   -99   -99   -99 
1925 -99.0 -99.0 -99.0 -99.0 -99.0 -99.0 -99.0 -99.0 -99.0 -99.0 -99.0 -99.0   -99   -99   -99   -99   -99   -99   -99   -99   -99   -99   -99   -99 
1926 -99.0 -99.0 -99.0 -99.0 -99.0 -99.0 -99.0 -99.0 -99.0 -99.0 -99.0 -99.0   -99   -99   -99   -99   -99   -99   -99   -99   -99   -99   -99   -99 
1927 -99.0 -99.0 -99.0 -99.0 -99.0 -99.0 -99.0 -99.0 -99.0 -99.0 -99.0 -99.0   -99   -99   -99   -99   -99   -99   -99   -99   -99   -99   -99   -99 
1928 -99.0 -99.0 -99.0 -99.0 -99.0 -99.0 -99.0 -99.0 -99.0 -99.0 -99.0 -99.0   -99   -99   -99   -99   -99   -99   -99   -99   -99   -99   -99   -99 
1929 -99.0 -99.0 -99.0 -99.0 -99.0 -99.0 -99.0 -99.0 -99.0 -99.0 -99.0 -99.0   -99   -99   -99   -99   -99   -99   -99   -99   -99   -99   -99   -99 
1930 -99.0 -99.0 -99.0 -99.0 -99.0 -99.0 -99.0 -99.0 -99.0 -99.0 -99.0 -99.0   -99   -99   -99   -99   -99   -99   -99   -99   -99   -99   -99   -99 
1931 -99.0 -99.0 -99.0 -99.0 -99.0 -99.0 -99.0 -99.0 -99.0 -99.0 -99.0 -99.0   -99   -99   -99   -99   -99   -99   -99   -99   -99   -99   -99   -99 
1932 -99.0 -99.0 -99.0 -99.0 -99.0 -99.0 -99.0 -99.0   9.5   3.6  -4.5  -6.0   -99   -99   -99   -99   -99   -99   -99   -99   506   506   506   506 
1933 -17.6 -14.6 -10.4   3.2   6.2  13.3  19.7  11.7   8.6   3.3  -7.3 -17.9   506   506   506   506   506   506   506   506   506   506   506   506 
1934  -7.6 -11.4  -6.4   1.0  11.7  12.1  19.4  15.2   7.4   3.1  -0.4 -10.3   506   506   506   506   506   506   506   506   506   506   506   506 
1935 -11.5  -6.3  -5.3   2.1   6.2  13.9  14.9  16.1   8.5   2.9  -4.5  -7.0   506   506   506   506   506   506   506   506   506   506   506   506 
1936  -9.6 -16.4  -7.5   2.6   9.1  17.6  19.1  14.4   7.8   0.6  -1.4  -4.1   506   506   506   506   506   506   506   506   506   506   506   506 
1937 -11.5  -9.3  -5.4   4.7   7.2  16.3  17.3  15.0   9.8   4.0  -3.4 -16.1   506   506   506   506   506   506   506   506   506   506   506   506 
1938 -14.0 -11.6  -4.3   1.4   8.7  13.9  20.4  16.6  12.2   0.4  -3.3 -14.2   506   506   506   506   506   506   506   506   506   506   506   506 
1939 -13.6 -11.2  -6.1  -1.2   6.6  15.1  16.6  13.6   5.2   0.0  -1.3  -9.7   506   506   506   506   506   506   506   506   506   506   506   506 
1940 -23.2 -15.0  -8.7   0.8   6.2  13.8  18.2  17.7  11.3  -0.4  -4.3 -12.3   506   506   506   506   506   506   506   506   506   506   506   506 
1941 -18.4 -14.6 -11.5  -3.2   4.8  11.4  17.4  15.5   6.8   0.3  -7.5 -21.1   506   506   506   506   506   506   506   506   506   506   506   506 
1942 -21.7 -13.6 -12.3   1.0   8.3  14.6  16.2  13.6   7.8   2.4  -6.3  -8.2   506   506   506   506   506   506   506   506   506   506   506   506 
1943 -19.0  -7.6  -3.5   2.9  10.3  14.5  19.8  14.0   8.2   2.2  -2.7  -6.9   506   506   506   506   506   506   506   506   506   506   506   506 
1944  -6.6  -9.6  -5.7  -1.7   9.6  12.6  15.2  13.2  10.3   3.7  -5.4 -10.3   506   506   506   506   506   506   506   506   506   506   506   506 
1945 -12.2 -12.4  -9.1  -0.8   3.9  14.1  15.7  17.3   7.8  -0.4  -5.3 -17.6   506   506   506   506   506   506   506   506   506   506   506   506 
1946 -10.5 -16.5  -7.4   0.6   6.8  15.4  18.1  15.6   8.5  -2.4  -4.1  -8.2   506   506   506   506   506   506   506   506   506   506   506   506 
1947 -13.0 -21.3  -8.8   1.7   5.2  15.0  14.2  13.8  10.1   2.0  -2.8 -11.4   506   506   506   506   506   506   506   506   506   506   506   506 
1948 -14.1 -13.7  -7.9   1.2  12.7  18.0  13.2  13.1   9.4   3.1  -2.1  -9.8   506   506   506   506   506   506   506   506   506   506   506   506 
1949  -5.6 -13.0  -7.4   2.0  10.4  14.7  14.6  15.2   9.3   1.2  -5.2  -9.4   506   506   506   506   506   506   506   506   506   506   506   506 
1950 -21.8 -11.0  -5.0   6.9   7.2  13.2  13.4  12.4   9.1   3.9  -5.1  -8.0   506   506   506   506   506   506   506   506   506   506   506   506 
1951 -14.7 -16.0  -6.6   5.8   4.5  14.5  15.0  17.6   9.6   1.8  -7.5  -5.1   506   506   506   506   506   506   506   506   506   506   506   506 
1952  -8.6 -10.2 -10.2  -1.3   5.1  15.6  17.6  13.1   8.9  -0.7  -5.2  -9.9   506   506   506   506   506   506   506   506   506   506   506   506 
1953 -12.5 -18.7  -5.6   5.6   7.7  17.3  17.2  16.3   5.3   0.9  -6.8  -8.1   506   506   506   506   506   506   506   506   506   506   506   506 
1954 -14.8 -16.0  -5.5   1.6   9.3  15.4  20.6  14.1   9.8   3.4  -5.2  -6.9   506   506   506   506   506   506   506   506   506   506   506   506 
1955 -10.1 -14.0  -9.9  -0.4   8.4  12.3  15.2  13.5   9.6   4.0  -6.5 -24.1   506   506   506   506   506   506   506   506   506   506   506   506 
1956 -16.5 -19.5  -4.9  -1.5   9.0  18.2  13.8  13.2   5.5   0.4 -10.9  -6.6   506   506   506   506   506   506   506   506   506   506   506   506 
1957 -13.1  -5.3 -12.6  -0.1  11.7  13.0  18.4  17.0  11.6   2.6  -5.7  -6.7   506   506   506   506   506   506   506   506   506   506   506   506 
1958 -11.0 -13.6 -10.9   1.0   7.4  13.3  15.8  15.3   5.2   3.0  -3.6 -18.1   506   506   506   506   506   506   506   506   506   506   506   506 
1959  -8.1  -8.7  -2.9  -0.2   8.4  16.8  17.8  14.9   6.4  -2.4  -5.9 -11.7   506   506   506   506   506   506   506   506   506   506   506   506 
1960 -18.1 -14.9  -8.9   2.8   8.8  16.4  20.6  14.1   8.3  -1.3  -7.8  -6.2   506   506   506   506   506   506   506   506   506   506   506   506 
1961 -11.0  -6.3  -3.6  -1.8   7.4  17.5  19.6  14.8   7.5   5.2  -7.5 -11.6   506   506   506   506   506   506   506   506   506   506   506   506 
1962  -9.0  -8.3  -7.8   4.4  11.5  11.8  16.9  12.8   9.3   2.3  -0.4 -10.5   506   506   506   506   506   506   506   506   506   506   506   506 
1963 -20.1 -14.6 -15.5   1.6  12.8  12.9  16.8  14.6  11.8   2.6  -3.2 -12.6   506   506   506   506   506   506   506   506   506   506   506   506 
1964 -13.3 -10.0  -9.3   0.3  10.1  14.6  19.2  15.4   8.3   2.2  -6.6  -8.7   506   506   506   506   506   506   506   506   506   506   506   506 
1965 -15.1 -15.0  -4.1   0.9   5.6  14.5  15.6  13.5  10.1   1.2  -8.8  -4.1   506   506   506   506   506   506   506   506   506   506   506   506 
1966 -20.5 -23.1  -7.6   2.2  10.7  15.4  18.6  14.9   7.8   0.3  -1.7 -17.8   506   506   506   506   506   506   506   506   506   506   506   506 
1967 -17.6 -11.7  -0.4   6.3  10.1  14.2  16.9  18.6   8.8   5.2  -0.7 -13.4   506   506   506   506   506   506   506   506   506   506   506   506 
1968 -21.2 -10.5  -3.6  -0.7   9.0  14.8  13.7  14.8   6.5  -1.3  -7.7 -14.6   506   506   506   506   506   506   506   506   506   506   506   506 
1969 -22.8 -19.6  -9.6   2.2   4.3  10.4  15.9  13.9   9.0   0.1  -1.7 -14.0   506   506   506   506   506   506   506   506   506   506   506   506 
1970 -14.2 -12.0  -3.4   2.4   7.9  14.1  18.5  14.0  10.0   3.5  -8.4 -10.0   506   506   506   506   506   506   506   506   506   506   506   506 
1971  -7.9 -17.4  -8.8  -0.4   6.0  12.3  16.2  13.4   7.6  -1.2  -3.5 -12.2   506   506   506   506   506   506   506   506   506   506   506   506 
1972 -20.8 -10.4  -6.7   1.8   6.4  14.9  19.6  18.1   5.8   2.7  -6.2  -3.8   506   506   506   506   506   506   506   506   506   506   506   506 
1973 -16.8  -9.1  -4.4   4.6   9.8  16.9  15.1  13.6   4.2  -0.5  -6.0 -12.5   506   506   506   506   506   506   506   506   506   506   506   506 
1974 -15.0  -8.2  -1.7   0.3   6.6  15.8  20.0  14.5  11.3   3.8  -6.3  -4.8   506   506   506   506   506   506   506   506   506   506   506   506 
1975  -9.3 -14.1  -1.7   4.4  11.0  13.7  16.7  12.4  10.3  -0.6  -4.2  -8.3   506   506   506   506   506   506   506   506   506   506   506   506 
1976 -17.6 -15.3  -6.3   2.1   8.2  12.9  16.2  13.2   7.6  -3.5  -6.3  -8.5   506   506   506   506   506   506   506   506   506   506   506   506 
1977 -14.3 -14.1  -5.3   3.6  10.8  16.0  17.5  13.7   7.2  -0.7  -1.1 -12.4   506   506   506   506   506   506   506   506   506   506   506   506 
1978  -9.8 -16.5  -2.2  -1.0   6.6  11.3  14.7  12.3   7.4   1.0  -3.6 -24.0   506   506   506   506   506   506   506   506   506   506   506   506 
1979 -18.2 -15.2  -3.9  -2.8  12.9  10.5  16.9  14.5   8.2  -0.5  -3.7  -9.5   506   506   506   506   506   506   506   506   506   506   506   506 
1980 -15.1  -9.9  -9.4   2.6   6.2  16.4  14.1  11.0   8.3   2.4  -6.9  -7.7   506   506   506   506   506   506   506   506   506   506   506   506 
1981  -7.1 -10.1  -8.9  -0.8   8.3  16.3  19.5  16.6   8.1   6.7  -2.4  -8.5   506   506   506   506   506   506   506   506   506   506   506   506 
1982 -21.2 -10.2  -5.7   1.9   9.4  10.1  17.7  12.7   9.6  -1.3  -0.9  -4.1   506   506   506   506   506   506   506   506   506   506   506   506 
1983  -9.8 -11.7  -6.3   6.6   9.2  13.0  18.1  13.7   8.2   2.4  -6.4  -7.0   506   506   506   506   506   506   506   506   506   506   506   506 
1984  -7.7 -10.5  -5.3   1.3  12.8  14.6  17.9  12.3   7.7   0.3  -7.9 -13.6   506   506   506   506   506   506   506   506   506   506   506   506 
1985 -20.3 -20.8  -4.5   0.2   7.2  13.8  16.1  16.7   8.8   2.5  -5.1 -13.8   506   506   506   506   506   506   506   506   506   506   506   506 
1986 -13.7 -17.7  -2.4   3.9   7.5  15.2  15.0  12.0   5.3   2.0  -2.2 -16.2   506   506   506   506   506   506   506   506   506   506   506   506 
1987 -22.7  -9.5  -6.3   0.4  10.6  16.6  14.7  13.5   8.0   2.4 -11.7 -14.5   506   506   506   506   506   506   506   506   506   506   506   506 
1988 -15.5  -9.4  -2.7   0.6   8.8  16.3  21.1  15.9   8.1   3.5  -9.1 -12.5   506   506   506   506   506   506   506   506   506   506   506   506 
1989 -11.2  -6.8  -1.3   3.5  10.4  19.8  18.1  13.4   9.1   1.8  -5.7 -10.7   506   506   506   506   506   506   506   506   506   506   506   506 
1990 -15.2  -2.0  -1.6   4.8   6.4  13.6  17.9  14.3   6.4   0.0  -8.0  -6.4   506   506   506   506   506   506   506   506   506   506   506   506 
1991 -15.1  -9.9  -7.3   4.4  12.5  18.2  16.5  12.8   6.9   4.5  -1.1 -10.9   506   506   506   506   506   506   506   506   506   506   506   506 
1992 -13.9  -9.4  -1.4   0.1   8.9  12.1  15.7  13.3  12.2  -2.4 -10.2  -6.1   506   506   506   506   506   506   506   506   506   506   506   506 
1993  -8.7  -8.8  -5.5   1.0   9.9  14.5  17.1  13.7   4.7   0.5 -12.2  -9.5   506   506   506   506   506   506   506   506   506   506   506   506 
1994  -9.7 -16.0  -3.7   4.7   6.5  14.3  15.6  13.6   9.6   3.7  -9.0  -9.4   506   506   506   506   506   506   506   506   506   506   506   506 
1995  -9.1  -3.7  -1.9   5.9  11.3  16.7  15.6  14.9  10.5   3.6  -7.4 -14.6   506   506   506   506   506   506   506   506   506   506   506   506 
1996 -12.1 -12.6  -6.2   0.2   7.9  14.5  17.0  13.8   6.2   2.4   0.4 -10.9   506   506   506   506   506   506   506   506   506   506   506   506 
1997 -17.8  -9.6  -4.7   1.9   7.2  15.8  15.4  13.9   8.1   1.4  -7.0 -14.0   506   506   506   506   506   506   506   506   506   506   506   506 
1998 -10.1 -20.8  -5.0  -3.5   9.6  16.8  18.4  14.1   8.0   3.5  -9.1 -12.0   506   506   506   506   506   506   506   506   506   506   506   506 
1999 -17.6 -10.8  -7.2   4.1   4.7  17.2  18.2  13.4   9.0   5.7 -10.4  -5.8   506   506   506   506   506   506   506   506   506   506   506   506 
2000 -11.9  -6.6  -2.6   5.7   8.6  15.9  20.1  13.2   7.9   5.0  -6.0 -13.4   506   506   506   506   506   506   506   506   506   506   506   506 
2001 -10.1 -16.2  -6.4   6.3   8.8  14.6  18.6  13.4  10.8   0.5  -6.1 -14.9   506   506   506   506   506   506   506   506   506   506   506   506 
2002 -11.3  -5.6  -3.3   3.2   7.4  14.5  18.5  10.8   7.8   0.0  -8.8 -18.1   506   506   506   506   506   506   506   506   506   506   506   506 
2003 -15.8 -12.8  -4.3   2.5  11.2  11.1  19.8  17.1   9.1   4.2  -2.1  -5.3   506   506   506   506   506   506   506   506   506   506   506   506 
2004 -10.9 -11.1  -2.6  -0.7  10.3  13.2  19.0  14.2  10.0   2.8  -5.4  -9.0   506   506   506   506   506   506   506   506   506   506   506   506 
2005  -7.2 -12.1  -9.5   3.2  12.7  14.6  17.4  15.5  10.3   5.1   1.2  -9.6   506   506   506   506   506   506   506   506   506   506   506   506 
2006 -16.9 -16.7  -9.0   3.1   9.9  18.1  15.2  14.3   9.8   1.2  -5.4  -2.7   506   506   506   506   506   506   506   506   506   506   506   506 
2007  -8.0 -18.9   0.5   3.0  11.0  11.6  18.1  16.8   9.3   3.8  -5.8  -5.1   506   506   506   506   506   506   506   506   506   506   506   506 
2008 -10.6  -7.9  -2.8   2.9   7.1  13.8  18.2  14.1   7.0   5.3   0.6  -4.0   506   506   506   506   506   506   506   506   506   506   506   506 
2009 -12.9  -9.1  -3.8  -0.1   9.8  15.4  16.1  13.8  12.1   1.8  -1.3 -13.7   506   506   506   506   506   506   506   506   506   506   506   506 
2010 -18.9 -15.1  -6.3   4.9  13.9  14.4  21.5  16.2   9.3   2.2  -4.4 -17.4   506   506   506   506   506   506   506   506   506   506   506   506 
2011 -13.3 -19.3  -4.1   3.6  11.1  15.9  20.7  13.4   9.6   4.4  -3.2  -3.6   506   506   506   506   506   506   506   506   506   506   506   506 
2012 -11.9 -16.4  -8.0   3.4  11.2  15.4  17.5  14.3   9.9   3.7  -1.8 -15.4   506   506   506   506   506   506   506   506   506   506   506   506 
2013 -12.7  -6.4 -13.8   2.5  10.2  17.2  18.7  16.5   8.7   2.7   1.2  -6.0   506   506   506   506   506   506   506   506   506   506   506   506 
2014 -14.4  -8.9  -1.0   1.7  11.9  13.5  15.7  16.7  10.0  -1.6  -3.8  -7.3   506   506   506   506   506   506   506   506   506   506   506   506 
2015 -13.0  -5.7  -0.8   3.0  13.7  16.0  14.5  12.9  11.2   1.5  -3.9  -4.3   506   506   506   506   506   506   506   506   506   506   506   506 
2016 -16.3  -2.5  -3.9   4.9  12.6  14.7  19.7  17.7   9.2 -99.0 -99.0 -99.0   506   506   506   506   506   506   506   506   506   -99   -99   -99 
