Number= 072070
Name= BELLE ILE-LE TALUT
Country= FRANCE
Lat=   47.3
Long=    3.2
Height= 34
Start year= 1991
End year= 2020
First Good year= 1991
Source ID= 98
Source file= Jones
Jones data to= 2014
Normals source start year= 1991
Normals source end year= 1990
Normals= -99.0 -99.0 -99.0 -99.0 -99.0 -99.0 -99.0 -99.0 -99.0 -99.0 -99.0 -99.0 
Standard deviations source= Data
Standard deviations source start year= 1991
Standard deviations source end year= 1990
Obs:
1991   6.9   4.7   9.5  10.0  13.1  14.4  17.3  19.1  18.3  13.2  10.9   7.1   506   506   506   506   506   506   506   506   506   506   506   506 
1992   5.9   7.3   8.9 -99.0  15.0 -99.0 -99.0 -99.0  15.9  12.0  12.3   8.5   506   506   506   -99   506   -99   -99   -99   506   506   506   506 
1993   9.9   6.7   8.9  11.2  13.4  16.4  16.6  17.6  15.4  11.5   8.4  10.2   506   506   506   506   506   506   506   506   506   506   506   506 
1994   9.1   8.6  10.3   9.8  13.3  16.0  18.5  18.4  15.3  14.3  13.1  11.1   506   506   506   506   506   506   506   506   506   506   506   506 
1995   9.5  10.3   9.1  10.6  14.1  16.1  19.3  19.7  15.5  15.9  11.3 -99.0   506   506   506   506   506   506   506   506   506   506   506   -99 
1996 -99.0 -99.0   8.3  10.3  11.4 -99.0 -99.0 -99.0 -99.0 -99.0 -99.0   5.9   -99   -99   506   506   506   -99   -99   -99   -99   -99   -99   506 
1997 -99.0   9.5 -99.0 -99.0 -99.0 -99.0 -99.0  20.0 -99.0  14.8 -99.0   9.7   -99   506   -99   -99   -99   -99   -99   506   -99   506   -99   506 
1998 -99.0 -99.0 -99.0  10.0 -99.0  15.7  16.4 -99.0 -99.0  14.2 -99.0 -99.0   -99   -99   -99   506   -99   506   506   -99   -99   506   -99   -99 
1999 -99.0 -99.0 -99.0  11.2 -99.0 -99.0 -99.0 -99.0  18.2  14.5  10.6  10.0   -99   -99   -99   506   -99   -99   -99   -99   506   506   506   506 
2000   7.2   9.5   8.7  10.2  13.9 -99.0  16.8 -99.0 -99.0 -99.0  11.5 -99.0   506   506   506   506   506   -99   506   -99   -99   -99   506   -99 
2001 -99.0 -99.0 -99.0 -99.0 -99.0  16.1 -99.0 -99.0 -99.0 -99.0 -99.0   6.2   -99   -99   -99   -99   -99   506   -99   -99   -99   -99   -99   506 
2002 -99.0 -99.0 -99.0 -99.0 -99.0 -99.0 -99.0 -99.0 -99.0 -99.0  12.7 -99.0   -99   -99   -99   -99   -99   -99   -99   -99   -99   -99   506   -99 
2003 -99.0 -99.0 -99.0 -99.0 -99.0  17.9 -99.0 -99.0 -99.0 -99.0  12.0 -99.0   -99   -99   -99   -99   -99   506   -99   -99   -99   -99   506   -99 
2004 -99.0 -99.0 -99.0 -99.0 -99.0 -99.0 -99.0  18.6  17.7  14.5  11.0   8.1   -99   -99   -99   -99   -99   -99   -99   506   506   506   506   506 
2005   9.2   6.0   8.7  10.7  13.3  18.0  18.9  18.0  17.3 -99.0 -99.0 -99.0   506   506   506   506   506   506   506   506   506   -99   -99   -99 
2006   6.2   5.4   7.9  10.7  13.4  17.4  20.7  17.4  18.3  16.7  13.2   9.8   506   506   506   506   506   506   506   506   506   506   506   506 
2007  10.1  10.4   9.5  13.5  13.8  16.2  16.7  17.6  15.9  13.6  10.7   8.5   506   506   506   506   506   506   506   506   506   506   506   506 
2008   9.5   8.8   9.3  10.3  15.4  16.6  17.4  17.4  15.6  13.2  10.6   7.1   506   506   506   506   506   506   506   506   506   506   506   506 
2009   6.3   6.6   9.3  10.8  13.8  17.3  17.8  17.8  16.7  14.8  12.9   7.9   506   506   506   506   506   506   506   506   506   506   506   506 
2010   5.4   6.6   7.6  11.6  13.1  16.8  18.3  17.2  16.1  14.0  10.1   5.4   506   506   506   506   506   506   506   506   506   506   506   506 
2011   7.1   9.2   9.6  13.8  14.3  15.8  16.7  17.4  17.3  15.5  14.2  11.0   506   506   506   506   506   506   506   506   506   506   506   506 
2012   9.2   5.7  11.1  10.0  13.9  15.7  17.2  18.8  16.1  14.3  10.9  10.6   506   506   506   506   506   506   506   506   506   506   506   506 
2013   8.4   6.6   7.1   9.6  11.9  15.2  20.2  18.8  17.0  16.1  10.7  10.1   506   506   506   506   506   506   506   506   506   506   506   506 
2014  10.0   9.7   9.7  11.9  13.6  17.4  18.8  17.5  18.5  16.3  13.1   9.6   506   506   506   506   506   506   506   506   506   506   506   506 
2015   9.2   7.1   9.2  12.5  13.4  16.4  18.0  17.8  15.8  13.8  13.8  13.3   900   900   900   900   900   900   900   900   900   900   900   900 
2016  10.1   8.9   8.6  10.6  14.1  16.2  18.3  19.3  18.1  13.4  10.6   9.6   900   900   900   900   900   900   900   900   900   900   900   900 
2017   6.7   8.9  10.6  11.4  15.1  17.8  18.4  18.1  15.6  15.1  11.1   9.8   900   900   900   900   900   900   900   900   900   900   900   900 
2018  10.1   5.9   8.6  12.1  14.6  18.6  20.3  18.9  16.9  13.6  11.3  10.8   900   900   900   900   900   900   900   900   900   900   900   900 
2019   8.0   9.7  10.5  11.6  13.5  16.5  20.0  18.6  17.0  14.8  11.3  10.4   900   900   900   900   900   900   900   900   900   900   900   900 
2020   9.7  10.6  10.0  13.0  15.7  16.6  18.0  19.3  17.6  13.7  12.9  10.3   900   900   900   900   900   900   900   900   900   900   900   900 
