Number= 712940
Name= BANCROFT
Country= CANADA
Lat=   45.1
Long=   77.9
Height= 327
Start year= 1882
End year= 2020
First Good year= 1882
Source ID= 10
Source file= Jones
Jones data to= 2012
Normals source= Data
Normals source start year= 1961
Normals source end year= 1990
Normals= -10.5 -10.0  -3.0   4.1  11.0  16.0  18.6  17.3  13.1   7.2   0.6  -7.5 
Standard deviations source= Data
Standard deviations source start year= 1941
Standard deviations source end year= 1990
Standard deviations=   3.0   2.3   2.7   2.1   1.7   1.3   1.0   1.3   1.4   1.8   1.7   2.5 
Obs:
1882 -99.0 -99.0 -99.0 -99.0 -99.0 -99.0 -99.0 -99.0 -99.0   8.1  -1.6  -8.7   -99   -99   -99   -99   -99   -99   -99   -99   -99   506   506   506 
1883 -13.6 -11.5 -10.0   1.5   8.7  16.2  16.5 -99.0 -99.0   4.4  -0.5  -8.8   506   506   506   506   506   506   506   -99   -99   506   506   506 
1884 -15.2  -9.9  -5.9   3.1  10.3  17.9 -99.0  17.3  14.5   7.3  -1.5  -8.3   506   506   506   506   506   506   -99   506   506   506   506   506 
1885 -99.0 -15.8 -12.0   1.4  10.8 -99.0  19.0  15.0  11.0   6.2   0.8  -6.7   -99   506   506   506   506   -99   506   506   506   506   506   506 
1886 -11.6 -10.4  -3.5 -99.0 -99.0 -99.0 -99.0 -99.0 -99.0 -99.0 -99.0 -99.0   506   506   506   -99   -99   -99   -99   -99   -99   -99   -99   -99 
1887 -99.0 -99.0 -99.0 -99.0 -99.0 -99.0 -99.0 -99.0 -99.0 -99.0 -99.0 -99.0   -99   -99   -99   -99   -99   -99   -99   -99   -99   -99   -99   -99 
1888 -99.0 -99.0 -99.0 -99.0 -99.0 -99.0 -99.0 -99.0 -99.0 -99.0 -99.0 -99.0   -99   -99   -99   -99   -99   -99   -99   -99   -99   -99   -99   -99 
1889 -99.0 -99.0 -99.0 -99.0 -99.0 -99.0 -99.0 -99.0 -99.0 -99.0  -0.2  -4.0   -99   -99   -99   -99   -99   -99   -99   -99   -99   -99   506   506 
1890  -8.8 -99.0  -6.5 -99.0   8.6  17.5  17.9  14.7 -99.0   6.5  -1.0 -12.4   506   -99   506   -99   506   506   506   506   -99   506   506   506 
1891 -10.0  -8.0 -99.0   4.4  10.2  16.5  16.0 -99.0  14.6   5.7  -0.3  -2.3   506   506   -99   506   506   506   506   -99   506   506   506   506 
1892 -11.1  -8.7  -6.2   3.3   9.7 -99.0  18.1 -99.0 -99.0 -99.0  -1.8  -8.6   506   506   506   506   506   -99   506   -99   -99   -99   506   506 
1893 -15.7 -12.7  -5.4   1.8 -99.0  18.2  18.2 -99.0  10.3 -99.0  -0.3 -11.4   506   506   506   506   -99   506   506   -99   506   -99   506   506 
1894  -9.0 -12.3 -99.0 -99.0  11.6  17.1 -99.0 -99.0 -99.0   7.9  -2.2  -5.6   506   506   -99   -99   506   506   -99   -99   -99   506   506   506 
1895 -11.6 -11.1  -8.3   4.1  12.9 -99.0 -99.0 -99.0  13.0 -99.0  -1.9  -5.1   506   506   506   506   506   -99   -99   -99   506   -99   506   506 
1896 -11.9 -10.1  -9.1   5.4 -99.0  15.9 -99.0 -99.0  11.2   4.7   1.5  -7.5   506   506   506   506   -99   506   -99   -99   506   506   506   506 
1897 -10.1  -9.2  -4.5   4.5  10.5  13.8  20.0  14.9 -99.0 -99.0 -99.0  -7.4   506   506   506   506   506   506   506   506   -99   -99   -99   506 
1898 -11.1  -7.4   0.1   3.8  12.1  16.6 -99.0  17.0  13.1   6.3  -0.6  -8.7   506   506   506   506   506   506   -99   506   506   506   506   506 
1899 -12.3 -12.4  -7.3   4.3  11.4  15.8  17.1 -99.0  10.6   7.4   0.1  -6.4   506   506   506   506   506   506   506   -99   506   506   506   506 
1900  -9.7 -11.3  -9.1   5.2  10.5  16.1  18.0  18.4  13.6  10.3  -1.0  -6.3   506   506   506   506   506   506   506   506   506   506   506   506 
1901 -99.0 -99.0 -99.0 -99.0 -99.0 -99.0 -99.0 -99.0 -99.0 -99.0 -99.0 -99.0   -99   -99   -99   -99   -99   -99   -99   -99   -99   -99   -99   -99 
1902 -99.0 -99.0 -99.0 -99.0 -99.0 -99.0 -99.0 -99.0 -99.0 -99.0 -99.0 -99.0   -99   -99   -99   -99   -99   -99   -99   -99   -99   -99   -99   -99 
1903 -99.0 -99.0 -99.0 -99.0 -99.0 -99.0 -99.0 -99.0 -99.0 -99.0 -99.0 -99.0   -99   -99   -99   -99   -99   -99   -99   -99   -99   -99   -99   -99 
1904 -99.0 -99.0 -99.0 -99.0 -99.0 -99.0 -99.0 -99.0 -99.0 -99.0 -99.0 -99.0   -99   -99   -99   -99   -99   -99   -99   -99   -99   -99   -99   -99 
1905 -15.6 -14.1  -6.2   3.2  10.2  15.8  20.0  16.1  13.9   6.6 -99.0  -6.7   506   506   506   506   506   506   506   506   506   506   -99   506 
1906  -6.1 -10.5  -6.8   4.9  10.8  17.3  18.0  18.5  14.7   6.7  -1.1 -11.7   506   506   506   506   506   506   506   506   506   506   506   506 
1907 -12.0 -15.5  -3.4   1.4   7.1  16.8  17.6  15.3  12.9   3.4  -2.0  -5.7   506   506   506   506   506   506   506   506   506   506   506   506 
1908 -12.2 -12.9  -4.9   2.7  12.2  17.1  19.0 -99.0  15.3   7.7   1.0  -9.1   506   506   506   506   506   506   506   -99   506   506   506   506 
1909  -8.5  -8.8  -5.3   1.4   9.6  17.3  17.5  17.8  12.1   6.1   1.7  -7.8   506   506   506   506   506   506   506   506   506   506   506   506 
1910  -8.3 -11.4  -1.1   8.1  10.3  16.2  18.6  17.2  11.5   6.5  -1.8 -12.8   506   506   506   506   506   506   506   506   506   506   506   506 
1911 -10.4 -10.9  -6.6   2.6  14.9  16.5  20.3  18.4  12.2   6.9 -99.0  -3.8   506   506   506   506   506   506   506   506   506   506   -99   506 
1912 -16.9 -12.4  -8.4   3.6  11.2  14.8 -99.0  15.3  14.0   8.4   0.2  -4.1   506   506   506   506   506   506   -99   506   506   506   506   506 
1913  -7.0 -13.4  -4.0   5.6  10.4  16.5  18.0  17.3  11.8   8.3   1.9  -4.8   506   506   506   506   506   506   506   506   506   506   506   506 
1914 -10.5 -15.4  -4.5   2.5  12.5  15.4  18.6  17.0  12.0   8.4  -2.4  -9.4   506   506   506   506   506   506   506   506   506   506   506   506 
1915  -9.6  -7.0  -4.6   8.5   8.8  15.0  18.0  16.3  14.2   8.1   0.2  -7.9   506   506   506   506   506   506   506   506   506   506   506   506 
1916 -99.0 -99.0  -8.1   5.1  10.8  15.1  21.6  19.1  12.5   6.2  -1.9  -8.7   -99   -99   506   506   506   506   506   506   506   506   506   506 
1917 -12.2 -15.6  -4.9   3.1   7.8  15.2  19.8  16.6  11.3   3.9  -3.3 -14.6   506   506   506   506   506   506   506   506   506   506   506   506 
1918 -16.9 -12.8  -3.5   4.2  12.8  13.8  18.4  16.9   9.9 -99.0   0.4  -6.5   506   506   506   506   506   506   506   506   506   -99   506   506 
1919  -8.3  -8.3  -3.8   3.6  12.0  20.2  19.7  15.8  12.4   7.7  -1.6 -11.7   506   506   506   506   506   506   506   506   506   506   506   506 
1920 -16.3 -99.0 -99.0 -99.0 -99.0  17.7 -99.0 -99.0  13.9 -99.0 -99.0 -99.0   506   -99   -99   -99   -99   506   -99   -99   506   -99   -99   -99 
1921  -4.8  -5.8  -1.1   7.6  13.3  17.6  22.6  15.1  12.8   4.8  -2.8  -6.3   506   506   506   506   506   506   506   506   506   506   506   506 
1922 -13.8 -10.7  -2.7   3.9  13.1 -99.0  17.5  15.6  13.5   3.7   0.8  -7.2   506   506   506   506   506   -99   506   506   506   506   506   506 
1923 -13.6 -14.6 -99.0   1.0   7.9  16.4  17.0  15.4  12.8   4.5  -0.6  -1.8   506   506   -99   506   506   506   506   506   506   506   506   506 
1924 -12.5 -14.1  -2.8   1.5   5.9 -99.0  16.4  15.6   9.2   7.0   0.5 -12.1   506   506   506   506   506   -99   506   506   506   506   506   506 
1925 -15.4  -7.2  -4.0   3.4   5.9  14.9  15.4  17.8  10.8   1.9  -2.2  -8.1   506   506   506   506   506   506   506   506   506   506   506   506 
1926 -10.9 -11.3 -99.0  -2.4   9.9  10.3  17.6  14.3   9.8   3.9  -1.0  -8.3   506   506   -99   506   506   506   506   506   506   506   506   506 
1927 -11.3  -8.1  -2.2   3.3   8.9   9.1  17.0 -99.0  12.3   8.3   3.0  -6.5   506   506   506   506   506   506   506   -99   506   506   506   506 
1928  -8.2 -12.0  -6.2   1.4  10.1  15.0  18.4  17.8   8.9   6.8   0.3  -3.2   506   506   506   506   506   506   506   506   506   506   506   506 
1929 -10.5 -12.9  -0.5   3.3   9.1  14.6  17.4  14.3  13.1   6.3  -1.0  -8.8   506   506   506   506   506   506   506   506   506   506   506   506 
1930  -8.4 -10.1  -3.0   2.9  11.3  18.8  16.4 -99.0  13.0   7.1   1.6  -6.2   506   506   506   506   506   506   506   -99   506   506   506   506 
1931 -10.5  -8.6  -2.7   3.7  11.4  15.3  19.4  15.7  14.4   5.0   4.2  -5.5   506   506   506   506   506   506   506   506   506   506   506   506 
1932  -2.9  -7.3  -5.5   2.5  12.4  15.5  16.0  19.3  13.3   6.3  -2.9  -6.3   506   506   506   506   506   506   506   506   506   506   506   506 
1933  -3.5  -9.1 -99.0 -99.0  12.2  17.4 -99.0 -99.0  13.2   4.5  -5.9 -13.8   506   506   -99   -99   506   506   -99   -99   506   506   506   506 
1934  -9.1 -20.1  -6.6   3.0  10.6  15.4  18.4 -99.0  13.8 -99.0   2.3 -11.7   506   506   506   506   506   506   506   -99   506   -99   506   506 
1935 -14.3 -11.6  -1.5 -99.0   7.9 -99.0  20.2  17.0 -99.0   6.0   3.2 -99.0   506   506   506   -99   506   -99   506   506   -99   506   506   -99 
1936 -11.3 -15.0  -2.0  -0.8  11.2  12.2  17.1  15.7  11.4   4.8  -3.2  -6.2   506   506   506   506   506   506   506   506   506   506   506   506 
1937  -3.6  -8.3  -7.5   2.4  10.3  15.5  19.7  19.4  11.3   3.2 -99.0 -99.0   506   506   506   506   506   506   506   506   506   506   -99   -99 
1938 -99.0  -8.1 -99.0   5.6  10.3  16.2  19.0  18.4 -99.0 -99.0 -99.0 -99.0   -99   506   -99   506   506   506   506   506   -99   -99   -99   -99 
1939 -99.0 -99.0 -99.0   1.4 -99.0 -99.0 -99.0  17.9 -99.0 -99.0 -99.0 -99.0   -99   -99   -99   506   -99   -99   -99   506   -99   -99   -99   -99 
1940 -99.0 -99.0 -99.0 -99.0 -99.0 -99.0 -99.0 -99.0 -99.0 -99.0 -99.0 -99.0   -99   -99   -99   -99   -99   -99   -99   -99   -99   -99   -99   -99 
1941 -99.0 -99.0 -99.0 -99.0  11.6  18.0  19.4  15.1  12.5   5.8  -0.2  -8.6   -99   -99   -99   -99   506   506   506   506   506   506   506   506 
1942 -12.1 -11.4 -99.0 -99.0  10.8  14.7  17.3 -99.0 -99.0   6.7  -1.3 -10.3   506   506   -99   -99   506   506   506   -99   -99   506   506   506 
1943 -18.7 -10.7  -8.6  -1.1   9.6  16.7  18.2  16.8   9.9   5.3 -99.0 -10.6   506   506   506   506   506   506   506   506   506   506   -99   506 
1944 -99.0 -99.0 -99.0   1.0  13.7  14.6  18.3  19.6  13.6   6.6   0.3 -10.7   -99   -99   -99   506   506   506   506   506   506   506   506   506 
1945 -16.3  -9.1   2.0 -99.0   8.5 -99.0 -99.0 -99.0  11.6 -99.0 -99.0 -99.0   506   506   506   -99   506   -99   -99   -99   506   -99   -99   -99 
1946 -99.0 -99.0 -99.0 -99.0 -99.0 -99.0 -99.0 -99.0 -99.0 -99.0 -99.0  -8.5   -99   -99   -99   -99   -99   -99   -99   -99   -99   -99   -99   506 
1947 -99.0 -99.0  -3.7   1.4 -99.0 -99.0 -99.0 -99.0 -99.0 -99.0  -1.4 -10.8   -99   -99   506   506   -99   -99   -99   -99   -99   -99   506   506 
1948 -99.0 -99.0 -99.0 -99.0 -99.0 -99.0 -99.0 -99.0 -99.0 -99.0 -99.0 -99.0   -99   -99   -99   -99   -99   -99   -99   -99   -99   -99   -99   -99 
1949 -99.0 -99.0 -99.0 -99.0  10.8  18.5  18.9  17.7  10.4   8.8  -2.0  -5.1   -99   -99   -99   -99   506   506   506   506   506   506   506   506 
1950  -7.2 -11.6  -7.6   0.8  10.0  15.4  17.4  16.2  11.0   7.7   0.0  -8.8   506   506   506   506   506   506   506   506   506   506   506   506 
1951 -10.3  -9.4  -3.1   4.2  11.1  14.6  17.5  15.7  11.5   6.3  -2.7  -7.7   506   506   506   506   506   506   506   506   506   506   506   506 
1952 -10.0  -8.0  -4.9   5.3   8.6  15.0  19.6 -99.0  13.7   3.5   1.0  -4.3   506   506   506   506   506   506   506   -99   506   506   506   506 
1953  -7.2  -6.6  -1.0 -99.0  12.6  16.4  19.1  17.8  13.3   6.6   2.0  -4.8   506   506   506   -99   506   506   506   506   506   506   506   506 
1954 -99.0  -5.3  -4.9   4.7  10.2  17.4  17.2  16.3  11.8   8.2   1.2  -7.8   -99   506   506   506   506   506   506   506   506   506   506   506 
1955 -11.9  -8.5  -4.6   7.3  12.8  17.4  21.0  19.9  12.5 -99.0 -99.0  -8.7   506   506   506   506   506   506   506   506   506   -99   -99   506 
1956 -99.0 -99.0 -99.0 -99.0 -99.0 -99.0 -99.0 -99.0 -99.0 -99.0 -99.0 -99.0   -99   -99   -99   -99   -99   -99   -99   -99   -99   -99   -99   -99 
1957 -99.0 -99.0 -99.0 -99.0 -99.0 -99.0 -99.0 -99.0 -99.0 -99.0 -99.0 -99.0   -99   -99   -99   -99   -99   -99   -99   -99   -99   -99   -99   -99 
1958 -99.0 -99.0 -99.0 -99.0 -99.0 -99.0 -99.0  16.7  13.8   7.4 -99.0 -99.0   -99   -99   -99   -99   -99   -99   -99   506   506   506   -99   -99 
1959 -99.0 -99.0 -99.0 -99.0  11.9  16.9  18.8  20.2 -99.0   5.9  -1.1 -99.0   -99   -99   -99   -99   506   506   506   506   -99   506   506   -99 
1960 -99.0 -99.0 -99.0 -99.0 -99.0 -99.0  17.3 -99.0 -99.0 -99.0 -99.0 -99.0   -99   -99   -99   -99   -99   -99   506   -99   -99   -99   -99   -99 
1961 -99.0  -7.4  -3.1   3.2   8.9  14.7  18.9  18.1  16.4   8.4   0.5  -5.9   -99   506   506   506   506   506   506   506   506   506   506   506 
1962 -12.5 -13.2  -2.1   4.4  13.7  16.0  16.8  17.2  11.5 -99.0  -0.8 -99.0   506   506   506   506   506   506   506   506   506   -99   506   -99 
1963 -11.9 -13.5  -2.9   4.8   9.8  17.3  19.1  15.9  11.1  11.1   3.9 -12.7   506   506   506   506   506   506   506   506   506   506   506   506 
1964  -6.4  -7.6  -2.3   4.4  13.0  15.8  20.4  15.2  12.7   6.2   1.0  -6.1   506   506   506   506   506   506   506   506   506   506   506   506 
1965 -11.5 -10.1  -4.7   2.8  12.8  15.3  16.3  16.6  13.7   6.4  -0.2  -3.1   506   506   506   506   506   506   506   506   506   506   506   506 
1966 -10.6  -7.5  -1.4   3.7   8.1  17.1  19.7  17.6  11.9   6.9   2.5  -6.8   506   506   506   506   506   506   506   506   506   506   506   506 
1967  -5.6 -12.2  -4.6   4.5   7.4  17.9  18.5  16.9  13.3   7.0  -1.6  -4.9   506   506   506   506   506   506   506   506   506   506   506   506 
1968 -11.9 -10.6  -0.9   6.8   9.9  16.0  18.7  16.9  15.2   8.9  -0.9  -9.1   506   506   506   506   506   506   506   506   506   506   506   506 
1969  -9.7  -6.2  -3.4   5.4  10.3  15.2  18.0  18.8  13.4   7.2   1.5  -9.0   506   506   506   506   506   506   506   506   506   506   506   506 
1970 -13.9 -10.5  -4.6   4.6  10.9 -99.0  19.0  17.7  13.5   8.6   1.7 -10.3   506   506   506   506   506   -99   506   506   506   506   506   506 
1971 -13.2  -8.3  -5.2   2.7  11.0  16.3  17.2  16.5  15.6  11.3  -0.3  -6.2   506   506   506   506   506   506   506   506   506   506   506   506 
1972  -9.2 -11.5  -6.7   1.6  11.8  14.4  18.2  16.7  13.5   4.4  -1.1  -7.5   506   506   506   506   506   506   506   506   506   506   506   506 
1973  -7.8 -10.0   1.9   4.5  10.1  17.4  19.0  19.9  13.2   9.0   0.4  -7.0   506   506   506   506   506   506   506   506   506   506   506   506 
1974  -9.0 -10.8  -4.2   5.2   9.1  15.9  18.2  17.3  11.4   4.9   0.8  -3.9   506   506   506   506   506   506   506   506   506   506   506   506 
1975  -8.2  -9.9  -7.7  -0.7  11.8  17.2  19.4  17.8  11.6   7.7   3.6  -8.9   506   506   506   506   506   506   506   506   506   506   506   506 
1976 -13.7  -6.1  -3.1   6.2   9.5  17.8  17.8  16.8  12.5   4.0  -2.4 -12.1   506   506   506   506   506   506   506   506   506   506   506   506 
1977 -14.4  -8.4   0.8   5.6  13.5  15.0  19.4  16.4  13.3   6.4 -99.0  -8.2   506   506   506   506   506   506   506   506   506   506   -99   506 
1978 -12.5 -12.8 -99.0   2.1  13.4  15.7  18.4  18.2  12.1   6.1   0.9  -5.1   506   506   -99   506   506   506   506   506   506   506   506   506 
1979  -9.7 -13.6   0.4   4.7  11.8  16.1  19.3  16.6  13.6   6.8   2.7  -4.7   506   506   506   506   506   506   506   506   506   506   506   506 
1980  -8.0  -9.8  -2.7   5.8  12.5  13.3  19.2  19.5  12.7   5.5  -1.0 -11.4   506   506   506   506   506   506   506   506   506   506   506   506 
1981 -99.0 -99.0 -99.0 -99.0 -99.0 -99.0 -99.0 -99.0 -99.0 -99.0 -99.0 -99.0   -99   -99   -99   -99   -99   -99   -99   -99   -99   -99   -99   -99 
1982 -99.0 -99.0 -99.0 -99.0 -99.0 -99.0 -99.0 -99.0 -99.0 -99.0 -99.0 -99.0   -99   -99   -99   -99   -99   -99   -99   -99   -99   -99   -99   -99 
1983 -99.0 -99.0 -99.0 -99.0 -99.0 -99.0 -99.0 -99.0 -99.0 -99.0 -99.0 -99.0   -99   -99   -99   -99   -99   -99   -99   -99   -99   -99   -99   -99 
1984 -99.0 -99.0 -99.0 -99.0 -99.0 -99.0 -99.0 -99.0 -99.0 -99.0 -99.0 -99.0   -99   -99   -99   -99   -99   -99   -99   -99   -99   -99   -99   -99 
1985 -99.0 -99.0 -99.0 -99.0 -99.0 -99.0 -99.0 -99.0 -99.0 -99.0 -99.0 -99.0   -99   -99   -99   -99   -99   -99   -99   -99   -99   -99   -99   -99 
1986 -99.0 -99.0 -99.0 -99.0 -99.0 -99.0 -99.0 -99.0 -99.0 -99.0 -99.0 -99.0   -99   -99   -99   -99   -99   -99   -99   -99   -99   -99   -99   -99 
1987 -99.0 -99.0 -99.0 -99.0 -99.0 -99.0 -99.0 -99.0 -99.0 -99.0 -99.0 -99.0   -99   -99   -99   -99   -99   -99   -99   -99   -99   -99   -99   -99 
1988 -99.0 -99.0 -99.0 -99.0 -99.0 -99.0 -99.0 -99.0 -99.0 -99.0 -99.0 -99.0   -99   -99   -99   -99   -99   -99   -99   -99   -99   -99   -99   -99 
1989 -99.0 -99.0 -99.0 -99.0 -99.0 -99.0 -99.0 -99.0 -99.0 -99.0 -99.0 -99.0   -99   -99   -99   -99   -99   -99   -99   -99   -99   -99   -99   -99 
1990 -99.0 -99.0 -99.0 -99.0 -99.0 -99.0 -99.0 -99.0 -99.0 -99.0 -99.0 -99.0   -99   -99   -99   -99   -99   -99   -99   -99   -99   -99   -99   -99 
1991 -99.0 -99.0 -99.0 -99.0 -99.0 -99.0 -99.0 -99.0 -99.0 -99.0 -99.0 -99.0   -99   -99   -99   -99   -99   -99   -99   -99   -99   -99   -99   -99 
1992 -99.0 -99.0 -99.0 -99.0 -99.0 -99.0 -99.0 -99.0 -99.0 -99.0 -99.0 -99.0   -99   -99   -99   -99   -99   -99   -99   -99   -99   -99   -99   -99 
1993 -99.0 -99.0 -99.0 -99.0 -99.0 -99.0 -99.0 -99.0 -99.0 -99.0 -99.0 -99.0   -99   -99   -99   -99   -99   -99   -99   -99   -99   -99   -99   -99 
1994 -99.0 -99.0 -99.0 -99.0 -99.0 -99.0 -99.0 -99.0 -99.0 -99.0 -99.0 -99.0   -99   -99   -99   -99   -99   -99   -99   -99   -99   -99   -99   -99 
1995 -99.0 -99.0 -99.0 -99.0 -99.0 -99.0 -99.0 -99.0 -99.0 -99.0 -99.0 -99.0   -99   -99   -99   -99   -99   -99   -99   -99   -99   -99   -99   -99 
1996 -99.0 -99.0 -99.0 -99.0 -99.0 -99.0 -99.0 -99.0 -99.0 -99.0 -99.0 -99.0   -99   -99   -99   -99   -99   -99   -99   -99   -99   -99   -99   -99 
1997 -99.0 -99.0 -99.0 -99.0 -99.0 -99.0 -99.0 -99.0 -99.0 -99.0 -99.0 -99.0   -99   -99   -99   -99   -99   -99   -99   -99   -99   -99   -99   -99 
1998 -99.0 -99.0 -99.0 -99.0 -99.0 -99.0 -99.0 -99.0 -99.0 -99.0 -99.0 -99.0   -99   -99   -99   -99   -99   -99   -99   -99   -99   -99   -99   -99 
1999 -99.0 -99.0 -99.0 -99.0 -99.0 -99.0 -99.0 -99.0 -99.0 -99.0 -99.0 -99.0   -99   -99   -99   -99   -99   -99   -99   -99   -99   -99   -99   -99 
2000 -99.0 -99.0 -99.0 -99.0 -99.0 -99.0 -99.0 -99.0 -99.0 -99.0 -99.0 -99.0   -99   -99   -99   -99   -99   -99   -99   -99   -99   -99   -99   -99 
2001 -99.0 -99.0 -99.0 -99.0 -99.0 -99.0 -99.0 -99.0 -99.0 -99.0 -99.0 -99.0   -99   -99   -99   -99   -99   -99   -99   -99   -99   -99   -99   -99 
2002 -99.0 -99.0 -99.0 -99.0 -99.0 -99.0 -99.0 -99.0 -99.0 -99.0 -99.0 -99.0   -99   -99   -99   -99   -99   -99   -99   -99   -99   -99   -99   -99 
2003 -99.0 -99.0 -99.0 -99.0 -99.0 -99.0 -99.0 -99.0 -99.0 -99.0 -99.0 -99.0   -99   -99   -99   -99   -99   -99   -99   -99   -99   -99   -99   -99 
2004 -99.0 -99.0 -99.0 -99.0 -99.0 -99.0 -99.0 -99.0 -99.0 -99.0 -99.0 -99.0   -99   -99   -99   -99   -99   -99   -99   -99   -99   -99   -99   -99 
2005 -99.0 -99.0 -99.0 -99.0 -99.0 -99.0 -99.0 -99.0 -99.0 -99.0 -99.0 -99.0   -99   -99   -99   -99   -99   -99   -99   -99   -99   -99   -99   -99 
2006 -99.0 -99.0 -99.0   5.3  12.4  16.5  19.7  16.8  11.7   5.7   3.0  -2.6   -99   -99   -99   506   506   506   506   506   506   506   506   506 
2007  -9.4 -12.5  -3.4   3.7  11.2  17.0  16.9  17.6  13.8   9.6  -1.9  -8.9   506   506   506   506   506   506   506   506   506   506   506   506 
2008  -7.3 -10.5  -6.6   5.8   9.4  17.1  18.2  16.8  12.8   5.4  -1.3  -8.6   506   506   506   506   506   506   506   506   506   506   506   506 
2009 -14.6  -7.9  -2.4   4.7  10.3  15.0  16.5  17.1  12.1   5.0   2.3  -7.9   506   506   506   506   506   506   506   506   506   506   506   506 
2010  -9.2  -7.2   1.5   7.6  13.2  16.0  19.5  18.1  13.0   6.2   0.6  -7.3   506   506   506   506   506   506   506   506   506   506   506   506 
2011 -12.5  -9.7  -4.4   4.0  12.1  16.4  20.0  17.5  14.1   7.8   4.0   1.0   506   506   506   506   506   506   506   506   506   506   506   506 
2012  -0.8  -2.1   6.5   4.1  13.3  17.0  19.3  17.9  12.2   7.7   1.6  -5.0   506   900   900   900   900   900   900   900   900   900   900   900 
2013  -9.0  -9.1  -2.9   3.1  12.1  15.6  19.0  16.7  12.0   8.0  -2.8 -10.9   900   900   900   900   900   900   900   900   900   900   900   900 
2014 -13.4 -12.2  -8.6   3.5  11.8  16.6  16.6  16.4  12.9   8.1  -1.5  -5.2   900   900   900   900   900   900   900   900   900   900   900   900 
2015 -14.1 -17.6  -5.9   4.3  13.1  14.8  18.4  17.6  15.8   5.8   2.7   0.6   900   900   900   900   900   900   900   900   900   900   900   900 
2016  -9.4  -8.7  -2.1   1.7  11.2  15.7  19.0  19.5  13.9   7.3   2.3  -6.2   900   900   900   900   900   900   900   900   900   900   900   900 
2017  -7.5  -6.1  -6.4   6.0  10.5  15.6  18.1  16.5  15.0   9.3  -1.1 -10.8   900   900   900   900   900   900   900   900   900   900   900   900 
2018 -11.3  -6.7  -3.1   0.2  13.0  15.1  19.5  19.0  14.5   5.7  -3.3  -6.5   900   900   900   900   900   900   900   900   900   900   900   900 
2019 -13.1  -9.7  -6.1   2.9   9.2  14.8  20.6  17.2  13.4   6.7  -2.9  -5.9   900   900   900   900   900   900   900   900   900   900   900   900 
2020  -6.9  -7.3  -0.3   3.1  10.4  17.3  21.6  17.8  12.4   5.6   2.9  -4.3   900   900   900   900   900   900   900   900   900   900   900   900 
