Number= 713211
Name= QUAQTAQ
Country= CANADA
Lat=   61.1
Long=   69.6
Height= 30
Start year= 1943
End year= 1988
First Good year= 1943
Source ID= 65
Source file= Jones
Jones data to= 1988
Normals source= Data
Normals source start year= 1961
Normals source end year= 1988
Normals= -21.5 -22.3 -19.2 -12.0  -3.5   1.6   5.8   6.0   2.8  -2.1  -7.4 -16.4 
Standard deviations source= Data
Standard deviations source start year= 1943
Standard deviations source end year= 1988
Standard deviations=   3.4   3.9   3.7   2.5   1.5   1.1   1.0   1.1   0.9   1.3   2.4   3.7 
Obs:
1943 -18.3 -26.3 -21.6 -13.4  -4.8   1.0   4.8   3.6   2.5  -1.9  -7.2 -16.8   506   506   506   506   506   506   506   506   506   506   506   506 
1944 -20.1 -23.8 -19.3  -9.2  -4.3   1.5   5.8   6.7   2.5  -2.9  -8.2 -17.3   506   506   506   506   506   506   506   506   506   506   506   506 
1945 -19.8 -22.9 -15.1 -13.7  -3.5   1.7   5.5   5.1   2.1  -1.6  -6.0 -15.3   506   506   506   506   506   506   506   506   506   506   506   506 
1946 -26.4 -22.9 -16.3 -11.7  -3.4   0.8   4.4   5.6   2.2  -2.1  -8.0 -13.9   506   506   506   506   506   506   506   506   506   506   506   506 
1947 -20.8  -9.2 -15.3 -12.4  -3.9   1.8   6.6 -99.0   3.2  -0.3  -4.6  -9.4   506   506   506   506   506   506   506   -99   506   506   506   506 
1948 -20.7 -23.0 -22.1 -99.0 -99.0 -99.0 -99.0 -99.0 -99.0 -99.0  -4.2 -11.4   506   506   506   -99   -99   -99   -99   -99   -99   -99   506   506 
1949 -21.5 -27.3 -18.1 -11.2  -5.0   3.7   6.5   6.4   2.8  -1.5  -7.3 -13.5   506   506   506   506   506   506   506   506   506   506   506   506 
1950 -27.1 -24.1 -15.7 -10.2  -2.5   1.6   5.0   6.2   1.7  -3.5  -8.1 -12.8   506   506   506   506   506   506   506   506   506   506   506   506 
1951 -24.2 -23.5 -13.4  -8.3  -3.6   3.9   6.1   5.8   2.7  -2.1  -9.3 -20.1   506   506   506   506   506   506   506   506   506   506   506   506 
1952 -24.3 -21.8 -15.2  -9.5  -0.4   2.5   7.5   6.7   1.9  -3.5  -6.9 -11.0   506   506   506   506   506   506   506   506   506   506   506   506 
1953 -24.3 -20.2 -16.6  -3.7  -3.0   0.6   5.1   6.1   2.5  -2.4  -6.7 -22.0   506   506   506   506   506   506   506   506   506   506   506   506 
1954 -27.7 -23.3 -13.6 -14.0  -1.4   3.5   6.5   5.9   3.6  -2.0  -8.9 -16.7   506   506   506   506   506   506   506   506   506   506   506   506 
1955 -17.4 -20.4 -18.2 -10.3  -1.2   3.3   6.2   7.3   2.4   1.5  -3.4  -8.7   506   506   506   506   506   506   506   506   506   506   506   506 
1956 -19.3 -19.0 -17.1  -8.3  -6.4   0.7   5.8   5.8   2.2  -3.0 -10.2 -22.4   506   506   506   506   506   506   506   506   506   506   506   506 
1957 -29.0 -21.6 -13.9 -10.8  -5.2   1.4   6.4   4.9   4.2  -3.2  -9.5 -17.4   506   506   506   506   506   506   506   506   506   506   506   506 
1958 -18.6 -20.7 -12.4 -11.6  -2.3   1.0   6.3   4.0   3.2  -2.5 -99.0 -16.5   506   506   506   506   506   506   506   506   506   506   -99   506 
1959 -16.8 -28.0 -21.1 -11.4  -2.7   1.2 -99.0 -99.0   2.6  -3.7  -7.9 -13.6   506   506   506   506   506   506   -99   -99   506   506   506   506 
1960 -18.7 -13.4 -20.4 -13.3  -1.2   2.0   6.0   5.4   2.9  -0.3  -6.7 -14.5   506   506   506   506   506   506   506   506   506   506   506   506 
1961 -21.8 -22.3 -21.6  -7.0  -3.1   1.7   6.4   7.6   3.7  -0.8  -5.4  -8.5   506   506   506   506   506   506   506   506   506   506   506   506 
1962 -23.2 -27.3 -10.3 -12.4  -3.8   1.0   6.6   7.0   3.1  -1.1  -7.0 -16.1   506   506   506   506   506   506   506   506   506   506   506   506 
1963 -21.6 -19.1 -22.0  -8.0  -4.3   1.4   4.5   6.1   1.1  -2.7  -7.0 -15.7   506   506   506   506   506   506   506   506   506   506   506   506 
1964 -21.7 -22.5 -24.3 -13.0  -3.2   1.0   5.9   4.6   3.1  -2.8  -6.8 -16.2   506   506   506   506   506   506   506   506   506   506   506   506 
1965 -21.6 -22.6 -16.1 -11.4  -1.0   1.6   4.3   5.4   2.6  -4.0  -7.5 -16.8   506   506   506   506   506   506   506   506   506   506   506   506 
1966 -18.1 -18.0 -17.1  -6.8  -3.8   2.6   6.3   5.9   4.3  -0.6  -8.1 -14.4   506   506   506   506   506   506   506   506   506   506   506   506 
1967 -21.1 -28.6 -21.7 -14.3  -1.7   1.5   4.8   6.0   2.2  -2.0 -99.0 -99.0   506   506   506   506   506   506   506   506   506   506   -99   -99 
1968 -21.9 -20.0 -20.6  -9.4  -3.6   1.9   5.1   5.3   4.5   0.3  -5.9 -11.5   506   506   506   506   506   506   506   506   506   506   506   506 
1969 -16.7 -15.0 -18.7 -16.2  -5.1   0.2   5.1   4.6   0.9  -3.5  -7.0 -13.5   506   506   506   506   506   506   506   506   506   506   506   506 
1970 -19.7 -24.9 -16.2 -12.4  -5.7   0.5   4.0   5.0   2.1  -1.0  -6.8 -16.6   506   506   506   506   506   506   506   506   506   506   506   506 
1971 -20.1 -23.4 -15.5 -10.6  -4.5   0.1   3.8   5.5 -99.0 -99.0 -99.0 -21.0   506   506   506   506   506   506   506   506   -99   -99   -99   506 
1972 -28.0 -27.2 -23.9 -12.1  -6.3  -0.9   4.6   3.5   1.8  -4.3 -11.1 -24.1   506   506   506   506   506   506   506   506   506   506   506   506 
1973 -24.1 -25.9 -19.9 -12.5  -2.2   2.4   5.6   7.5   3.7  -0.5  -3.3 -13.3   506   506   506   506   506   506   506   506   506   506   506   506 
1974 -25.0 -20.5 -22.3 -14.7  -3.7   3.6   7.7   7.2   2.2  -2.9  -6.2 -18.5   506   506   506   506   506   506   506   506   506   506   506   506 
1975 -25.3 -19.9 -21.9 -13.9  -1.9   3.3   7.7   7.5   3.5  -0.9  -6.4 -17.7   506   506   506   506   506   506   506   506   506   506   506   506 
1976 -22.8 -26.1 -21.5 -11.4  -2.1   2.1   5.3   4.6   1.8  -3.5  -6.4 -19.4   506   506   506   506   506   506   506   506   506   506   506   506 
1977 -15.4 -21.3 -13.4 -13.1  -2.9   2.6   5.4   6.1   3.3  -1.3  -4.5 -16.4   506   506   506   506   506   506   506   506   506   506   506   506 
1978 -26.8 -18.1 -25.2 -13.7  -4.7   1.0   5.2   4.5   0.7  -4.3 -15.5 -14.0   506   506   506   506   506   506   506   506   506   506   506   506 
1979 -19.2 -26.6 -19.8  -9.8  -1.5   1.3   6.5   6.8   3.5  -1.7  -7.7 -17.1   506   506   506   506   506   506   506   506   506   506   506   506 
1980 -18.2 -21.3 -17.2 -12.0  -1.6   1.9   6.3   7.6   2.5  -1.5  -7.0 -99.0   506   506   506   506   506   506   506   506   506   506   506   -99 
1981 -99.0 -19.6 -10.9 -13.2  -4.4   1.7   7.8   6.7 -99.0 -99.0 -99.0 -99.0   -99   506   506   506   506   506   506   506   -99   -99   -99   -99 
1982 -99.0 -99.0 -99.0 -15.4  -3.3   1.0   6.8   4.9 -99.0 -99.0 -99.0 -99.0   -99   -99   -99   506   506   506   506   506   -99   -99   -99   -99 
1983 -99.0 -99.0 -99.0 -99.0 -99.0 -99.0 -99.0 -99.0 -99.0 -99.0 -99.0 -99.0   -99   -99   -99   -99   -99   -99   -99   -99   -99   -99   -99   -99 
1984 -99.0 -99.0 -99.0 -99.0 -99.0 -99.0 -99.0 -99.0 -99.0  -1.7  -6.7 -21.0   -99   -99   -99   -99   -99   -99   -99   -99   -99   506   506   506 
1985 -17.1 -22.2 -20.0 -14.5  -3.1   3.1   6.8   7.5   4.5  -0.8  -5.2 -12.0   506   506   506   506   506   506   506   506   506   506   506   506 
1986 -21.0 -19.2 -22.3 -10.8 -99.0 -99.0 -99.0 -99.0   2.7  -4.3 -13.7 -20.1   506   506   506   506   -99   -99   -99   -99   506   506   506   506 
1987 -23.0 -22.7 -19.1 -12.1  -5.4 -99.0 -99.0 -99.0   4.6  -1.8  -8.2 -99.0   506   506   506   506   506   -99   -99   -99   506   506   506   -99 
1988 -99.0 -99.0 -99.0 -99.0 -99.0 -99.0 -99.0 -99.0 -99.0 -99.0 -99.0 -99.0   -99   -99   -99   -99   -99   -99   -99   -99   -99   -99   -99   -99 
