Number= 717260
Name= PARENT
Country= CANADA
Lat=   47.9
Long=   74.6
Height= 445
Start year= 1943
End year= 2020
First Good year= 1943
Source ID= 65
Source file= Jones
Jones data to= 2016
Normals source= Data
Normals source start year= 1961
Normals source end year= 1990
Normals= -17.0 -15.7  -9.4   0.5   8.3  13.6  16.1  14.7   9.5   3.7  -3.8 -14.1 
Standard deviations source= Data
Standard deviations source start year= 1943
Standard deviations source end year= 1990
Standard deviations=   2.5   3.1   3.3   2.1   2.0   1.3   1.1   1.4   1.4   1.7   1.9   3.5 
Obs:
1943 -99.0 -99.0 -99.0 -99.0 -99.0 -99.0  17.0  14.2   9.5   5.5  -3.5 -15.9   -99   -99   -99   -99   -99   -99   506   506   506   506   506   506 
1944 -12.2 -17.7 -12.0  -2.4  10.5  14.3  17.0  16.9  12.1   3.6  -1.5 -14.0   506   506   506   506   506   506   506   506   506   506   506   506 
1945 -21.7 -13.5  -3.5   3.6   7.7  13.6  16.6  15.7  11.3   3.3  -3.1 -13.8   506   506   506   506   506   506   506   506   506   506   506   506 
1946 -16.4 -19.1  -2.7   0.2   7.1  13.1  15.6  13.7  12.2   6.3  -3.9 -13.3   506   506   506   506   506   506   506   506   506   506   506   506 
1947 -16.3 -14.5  -7.1  -4.2   5.3  14.0  17.8  18.5   9.9   8.7  -3.9 -14.7   506   506   506   506   506   506   506   506   506   506   506   506 
1948 -19.5 -19.2 -10.0   0.6   8.2  13.8  16.1  16.1  11.6   4.3   1.4  -9.1   506   506   506   506   506   506   506   506   506   506   506   506 
1949 -15.6 -15.7 -10.7   1.1   7.1  16.3  17.8  16.2  10.3 -99.0  -6.1 -10.2   506   506   506   506   506   506   506   506   506   -99   506   506 
1950 -14.5 -18.2 -12.4  -1.4   9.0  13.7  16.2 -99.0   9.0   4.5  -1.7 -99.0   506   506   506   506   506   506   506   -99   506   506   506   -99 
1951 -99.0 -99.0 -99.0 -99.0 -99.0 -99.0  16.2  13.8  11.3   5.6  -6.0 -13.1   -99   -99   -99   -99   -99   -99   506   506   506   506   506   506 
1952 -16.3 -11.6  -6.7   2.0   7.7  14.0  18.9  15.3  11.4   2.4  -1.6  -8.9   506   506   506   506   506   506   506   506   506   506   506   506 
1953 -14.1 -11.8  -5.8   1.5   9.1  14.3  16.7  15.4  11.1   4.8   1.3  -9.6   506   506   506   506   506   506   506   506   506   506   506   506 
1954 -20.0  -9.4  -9.2   0.0   8.1  15.1  15.1  14.1   9.7   5.1  -2.1 -11.8   506   506   506   506   506   506   506   506   506   506   506   506 
1955 -17.9 -14.4 -11.0   2.5  10.8  16.6  18.7  17.0   9.3   5.4  -3.1 -99.0   506   506   506   506   506   506   506   506   506   506   506   -99 
1956 -99.0 -99.0 -99.0 -99.0 -99.0 -99.0 -99.0 -99.0 -99.0 -99.0 -99.0 -99.0   -99   -99   -99   -99   -99   -99   -99   -99   -99   -99   -99   -99 
1957 -99.0 -12.8  -7.6   0.3   7.4  15.4  15.0  13.1  10.9   4.6  -1.5 -10.5   -99   506   506   506   506   506   506   506   506   506   506   506 
1958 -13.3 -15.5  -2.1   2.4 -99.0  10.9  16.1  13.9  10.7   3.9  -3.0 -18.6   506   506   506   506   -99   506   506   506   506   506   506   506 
1959 -99.0 -99.0 -11.5 -99.0 -99.0  14.2  18.6  16.6  12.3   3.6 -99.0 -11.7   -99   -99   506   -99   -99   506   506   506   506   506   -99   506 
1960 -15.3  -9.4 -11.1   0.6  12.3  13.8 -99.0 -99.0 -99.0 -99.0 -99.0 -99.0   506   506   506   506   506   506   -99   -99   -99   -99   -99   -99 
1961 -99.0 -99.0 -99.0 -99.0 -99.0 -99.0 -99.0 -99.0 -99.0 -99.0 -99.0 -99.0   -99   -99   -99   -99   -99   -99   -99   -99   -99   -99   -99   -99 
1962 -99.0 -99.0 -99.0 -99.0 -99.0 -99.0 -99.0 -99.0 -99.0 -99.0 -99.0 -99.0   -99   -99   -99   -99   -99   -99   -99   -99   -99   -99   -99   -99 
1963 -99.0 -99.0 -99.0 -99.0 -99.0 -99.0 -99.0 -99.0 -99.0 -99.0 -99.0 -99.0   -99   -99   -99   -99   -99   -99   -99   -99   -99   -99   -99   -99 
1964 -99.0 -99.0 -99.0 -99.0 -99.0 -99.0 -99.0 -99.0 -99.0 -99.0 -99.0 -99.0   -99   -99   -99   -99   -99   -99   -99   -99   -99   -99   -99   -99 
1965 -99.0 -99.0 -99.0 -99.0 -99.0 -99.0 -99.0 -99.0 -99.0 -99.0 -99.0 -99.0   -99   -99   -99   -99   -99   -99   -99   -99   -99   -99   -99   -99 
1966 -99.0 -99.0 -99.0 -99.0 -99.0 -99.0 -99.0 -99.0 -99.0 -99.0 -99.0 -99.0   -99   -99   -99   -99   -99   -99   -99   -99   -99   -99   -99   -99 
1967 -99.0 -99.0 -99.0 -99.0 -99.0 -99.0 -99.0 -99.0 -99.0 -99.0 -99.0 -99.0   -99   -99   -99   -99   -99   -99   -99   -99   -99   -99   -99   -99 
1968 -99.0 -99.0 -99.0 -99.0 -99.0 -99.0 -99.0 -99.0 -99.0 -99.0 -99.0 -99.0   -99   -99   -99   -99   -99   -99   -99   -99   -99   -99   -99   -99 
1969 -99.0 -99.0 -99.0 -99.0 -99.0 -99.0 -99.0 -99.0 -99.0 -99.0 -99.0 -99.0   -99   -99   -99   -99   -99   -99   -99   -99   -99   -99   -99   -99 
1970 -99.0 -99.0 -99.0   0.0   6.9  12.9  17.3  15.3   9.3   5.6  -2.5 -16.6   -99   -99   -99   506   506   506   506   506   506   506   506   506 
1971 -19.3 -14.1 -10.1  -0.5   7.9  13.6  14.7  14.0  12.3   6.8  -4.8 -14.6   506   506   506   506   506   506   506   506   506   506   506   506 
1972 -16.9 -18.5 -12.1  -2.0   8.7  13.0  16.0  12.8   8.8   1.4  -5.0 -16.1   506   506   506   506   506   506   506   506   506   506   506   506 
1973 -14.4 -18.1  -2.9   0.9   8.1  15.3  16.7  17.6   9.2   6.0  -4.7 -12.8   506   506   506   506   506   506   506   506   506   506   506   506 
1974 -18.5 -18.8 -11.3  -0.7   4.6  14.6  16.0  14.8   7.6   1.0  -2.8  -9.2   506   506   506   506   506   506   506   506   506   506   506   506 
1975 -15.8 -15.1 -10.5  -2.2  11.5  14.9  18.2  15.2   9.1   4.2  -2.4 -16.3   506   506   506   506   506   506   506   506   506   506   506   506 
1976 -20.1 -13.6 -10.1   1.3   7.6  15.9  15.0  14.3   8.4   0.6  -6.6 -19.6   506   506   506   506   506   506   506   506   506   506   506   506 
1977 -18.4 -12.9  -3.7  -0.4   9.8  12.2  14.9  13.3   8.6   3.7  -2.1 -14.1   506   506   506   506   506   506   506   506   506   506   506   506 
1978 -18.3 -18.2 -12.3  -1.6  10.8  13.2  15.2  14.2   7.1   2.6 -99.0 -99.0   506   506   506   506   506   506   506   506   506   506   -99   -99 
1979 -99.0 -99.0 -99.0 -99.0 -99.0 -99.0 -99.0 -99.0 -99.0 -99.0 -99.0 -99.0   -99   -99   -99   -99   -99   -99   -99   -99   -99   -99   -99   -99 
1980 -99.0 -99.0 -99.0 -99.0 -99.0 -99.0 -99.0 -99.0 -99.0 -99.0 -99.0 -99.0   -99   -99   -99   -99   -99   -99   -99   -99   -99   -99   -99   -99 
1981 -99.0 -99.0 -99.0 -99.0 -99.0 -99.0 -99.0 -99.0 -99.0 -99.0 -99.0 -99.0   -99   -99   -99   -99   -99   -99   -99   -99   -99   -99   -99   -99 
1982 -99.0 -99.0 -99.0 -99.0 -99.0 -99.0  16.4  12.2  11.2   5.4  -2.8  -9.6   -99   -99   -99   -99   -99   -99   506   506   506   506   506   506 
1983 -15.1 -12.4 -99.0 -99.0   4.0 -99.0  16.7  16.5 -99.0 -99.0 -99.0 -99.0   506   506   -99   -99   506   -99   506   506   -99   -99   -99   -99 
1984 -20.0  -8.2 -12.2   3.9   6.4  12.7  15.7  16.0   8.5   5.0  -2.1  -8.7   506   506   506   506   506   506   506   506   506   506   506   506 
1985 -20.0 -15.5  -9.7  -1.3   7.5  12.7  14.9  14.2  11.2   4.9  -5.1 -16.3   506   506   506   506   506   506   506   506   506   506   506   506 
1986 -16.8 -17.4  -8.3   4.1   9.2  11.0  15.0  13.9   8.7   2.6  -6.6 -11.2   506   506   506   506   506   506   506   506   506   506   506   506 
1987 -14.9 -15.9  -4.6   5.2   8.6  14.5  17.0  14.0  10.6   2.2  -4.7  -9.1   506   506   506   506   506   506   506   506   506   506   506   506 
1988 -14.7 -16.6  -9.1   1.0  11.5  13.7  17.5  15.3   9.8   2.2  -1.9 -15.3   506   506   506   506   506   506   506   506   506   506   506   506 
1989 -16.0 -20.0 -13.8  -1.7  10.4  13.9  16.4  15.0  11.0   4.4 -99.0 -22.8   506   506   506   506   506   506   506   506   506   506   -99   506 
1990 -12.2 -16.6  -9.9   1.8   8.0  13.8  16.4  16.3   9.5   3.5  -3.1 -13.3   506   506   506   506   506   506   506   506   506   506   506   506 
1991 -19.7 -15.3 -13.3   0.3   9.2  14.3  17.0  16.4   9.4   5.0 -99.0 -99.0   506   506   506   506   506   506   506   506   506   506   -99   -99 
1992 -19.0 -18.6 -99.0  -0.9   9.2 -99.0 -99.0  15.1  10.8   4.0  -4.5 -10.5   506   506   -99   506   506   -99   -99   506   506   506   506   506 
1993 -18.0 -24.6 -12.3   2.8   9.1  13.7  17.4  17.1   9.0   2.5  -4.0 -11.7   506   506   506   506   506   506   506   506   506   506   506   506 
1994 -24.7 -99.0 -99.0 -99.0 -99.0 -99.0 -99.0 -99.0 -99.0 -99.0 -99.0  -9.9   506   -99   -99   -99   -99   -99   -99   -99   -99   -99   -99   506 
1995 -13.4 -18.1  -6.6  -3.3   7.7  15.6  17.2  15.0   8.3   6.9  -8.6 -15.0   506   506   506   506   506   506   506   506   506   506   506   506 
1996 -19.6 -16.6  -9.8  -0.6   6.4 -99.0 -99.0  14.3   9.7   3.0  -6.1  -7.9   506   506   506   506   506   -99   -99   506   506   506   506   506 
1997 -19.0 -16.1 -11.4  -0.8 -99.0  14.3  15.7  12.8   9.4 -99.0  -5.9 -13.0   506   506   506   506   -99   506   506   506   506   -99   506   506 
1998 -14.6 -10.2 -99.0 -99.0  11.9  14.6 -99.0 -99.0 -99.0   4.3  -3.4 -10.1   506   506   -99   -99   506   506   -99   -99   -99   506   506   506 
1999 -18.2 -12.5  -9.7  -0.8  11.2  16.3  19.3  16.4 -99.0 -99.0  -1.4 -10.1   506   506   506   506   506   506   506   506   -99   -99   506   506 
2000 -17.5 -12.6  -3.6  -0.7   9.4  11.8  15.7  15.2  10.0   4.9  -1.7 -14.8   506   506   506   506   506   506   506   506   506   506   506   506 
2001 -15.7 -15.1  -8.4   1.5  11.6  15.3  15.4  16.2  11.4   5.3  -0.9  -5.9   506   506   506   506   506   506   506   506   506   506   506   506 
2002 -12.9 -13.4 -10.4  -0.5   6.7  12.7  17.1  16.2  12.7   1.6  -5.7 -10.6   506   506   506   506   506   506   506   506   506   506   506   506 
2003 -20.0 -18.7  -9.7  -2.2   9.0  14.5  15.6  16.6 -99.0   3.6  -2.2 -10.4   506   506   506   506   506   506   506   506   -99   506   506   506 
2004 -21.6 -13.0  -7.0  -0.2   6.8  12.5  16.3  14.3  11.8   5.3  -3.5 -15.8   506   506   506   506   506   506   506   506   506   506   506   506 
2005 -19.7 -12.7  -8.0   2.5   8.6  17.4  17.6  16.7  12.5   7.2  -2.5 -11.9   506   506   506   506   506   506   506   506   506   506   506   506 
2006 -10.6 -15.0  -5.4   3.2  11.3  15.7  18.0  14.4  10.4   3.7   0.1  -7.6   506   506   506   506   506   506   506   506   506   506   506   506 
2007 -14.3 -18.0  -8.8   1.6   9.8  14.7  15.6  14.2  11.7   7.2  -3.6 -12.3   506   506   506   506   506   506   506   506   506   506   506   506 
2008 -13.0 -14.6 -11.4   4.0   7.6  15.2  16.8  15.8  11.1   4.5  -2.3 -14.0   506   506   506   506   506   506   506   506   506   506   506   506 
2009 -20.8 -13.1  -7.8   2.0   7.0  14.8  15.7  15.4  11.2   2.7   1.2 -11.4   506   506   506   506   506   506   506   506   506   506   506   506 
2010 -11.6  -8.8  -3.3   4.4  10.5  13.4  17.9  16.4  11.6   4.0  -2.1 -10.8   506   506   506   506   506   506   506   506   506   506   506   506 
2011 -16.3 -15.4  -8.3   0.4   9.3  14.2  18.1  16.0  12.5   5.8   0.5 -10.3   506   506   506   506   506   506   506   506   506   506   506   506 
2012 -15.8 -12.3  -2.2   1.7  11.3  15.8  17.3  16.2  10.9   6.3  -3.5  -9.8   506   506   506   506   506   506   506   506   506   506   506   506 
2013 -15.0 -13.4  -4.3  -0.7  11.0  13.3  16.8  15.9  11.0   5.9  -4.1 -16.1   506   506   506   506   506   506   506   506   506   506   506   506 
2014 -17.4 -16.5 -14.7  -0.1   9.4  15.6  16.0  16.0  10.6   6.4  -4.7  -9.8   506   506   506   506   506   506   506   506   506   506   506   506 
2015 -19.3 -23.1 -12.1  -0.2  10.5  13.2  17.0  16.8  13.8   2.4  -0.5  -3.4   506   506   506   506   506   506   506   506   506   506   506   506 
2016 -11.7 -15.0  -8.2  -4.6   9.0  13.7  16.7  17.1  12.5   5.1   0.4 -11.5   506   506   506   506   506   506   506   506   506   506   506   506 
2017 -11.4 -12.0 -11.7   2.0   8.8  13.7  15.9  14.1  13.7   8.0  -5.4 -15.9   900   900   900   900   900   900   900   900   900   900   900   900 
2018 -16.3 -13.4  -6.1  -3.1   9.7  13.8  18.9  17.1  11.6   1.2  -6.4 -11.6   900   900   900   900   900   900   900   900   900   900   900   900 
2019 -18.4 -14.8  -9.5  -0.9   6.0  13.4  18.2  15.4  10.5   4.9  -6.6 -10.5   900   900   900   900   900   900   900   900   900   900   900   900 
2020 -11.7 -11.4  -5.8  -0.7   7.3  15.7  19.2  15.2   9.9   2.2  -0.4  -9.0   900   900   900   900   900   900   900   900   900   900   900   900 
