Number= 475800
Name= MISAWA AB
Country= JAPAN--------
Lat=   40.7
Long= -141.4
Height= 39
Start year= 1949
End year= 1980
First Good year= 1949
Source ID= 84
Source file= Jones
Jones data to= 1980
Normals source start year= 1961
Normals source end year= 1980
Normals= -99.0 -99.0 -99.0 -99.0 -99.0 -99.0 -99.0 -99.0 -99.0 -99.0 -99.0 -99.0 
Standard deviations source= Data
Standard deviations source start year= 1949
Standard deviations source end year= 1980
Standard deviations=   1.3   1.6   1.0   1.2   1.1   1.4   1.7   1.5   1.0   0.9   0.9   1.7 
Obs:
1949   0.9   1.6   0.4   6.5  15.0  13.9  19.8  23.3  18.9 -99.0   4.9   0.1   506   506   506   506   506   506   506   506   506   -99   506   506 
1950  -2.1  -1.3   1.9 -99.0  13.4 -99.0  23.6  24.8  19.9  11.2   6.8   0.5   506   506   506   -99   506   -99   506   506   506   506   506   506 
1951  -3.9  -1.3   1.8   8.2  13.7 -99.0  20.2  25.6  17.6  12.9   6.7   2.6   506   506   506   506   506   -99   506   506   506   506   506   506 
1952  -2.0  -4.1   1.3   8.2  13.3  17.5  20.3  21.9  19.3  13.0   6.3  -1.6   506   506   506   506   506   506   506   506   506   506   506   506 
1953  -2.6  -2.8   3.2   7.9  12.3  15.2  20.8  21.3  18.2  13.6   4.4   2.0   506   506   506   506   506   506   506   506   506   506   506   506 
1954  -1.6   0.7   2.2   9.1  13.1  12.7  16.7  22.5  20.7  12.4   6.9   1.2   506   506   506   506   506   506   506   506   506   506   506   506 
1955  -2.5  -1.1   2.5 -99.0  11.4  17.8  24.5  24.6  18.7  13.8   7.0   3.8   506   506   506   -99   506   506   506   506   506   506   506   506 
1956  -1.6  -1.9   2.8   9.2  15.7  16.3  19.1  20.9  19.8  13.9   6.3  -0.7   506   506   506   506   506   506   506   506   506   506   506   506 
1957  -0.8  -2.2   0.8   9.0  13.6  15.4  19.3  22.4  17.8  13.6   8.0   2.8   506   506   506   506   506   506   506   506   506   506   506   506 
1958  -0.9   0.5   2.1   8.0  13.5  18.0  21.0  21.8  18.9  12.2   6.9   3.3   506   506   506   506   506   506   506   506   506   506   506   506 
1959  -1.9   1.3   3.9  10.3  13.7  15.7  21.3  22.2  19.6  13.7   6.8   1.3   506   506   506   506   506   506   506   506   506   506   506   506 
1960  -2.8   0.4   2.7   7.8  12.6  16.9 -99.0  24.1  20.3  12.8   7.7   0.4   506   506   506   506   506   506   -99   506   506   506   506   506 
1961  -3.7  -1.9   2.1   9.6  14.6  17.8  21.7  22.0  20.4  12.9   8.1   2.2   506   506   506   506   506   506   506   506   506   506   506   506 
1962  -0.1  -0.5   2.9  10.0  14.5  16.9  21.3  24.3  19.5  12.0   8.0   2.8   506   506   506   506   506   506   506   506   506   506   506   506 
1963  -1.4  -1.1   2.5   9.5  13.3  15.6  20.2  21.9  17.6  11.8   7.1   3.2   506   506   506   506   506   506   506   506   506   506   506   506 
1964  -0.6  -3.3 -99.0   8.0  13.2  16.5  19.6  22.1  17.2  11.3   6.6   1.0   506   506   -99   506   506   506   506   506   506   506   506   506 
1965  -0.7  -3.1  -0.2   6.1  12.6  16.0  18.8  22.5  18.9  12.4   6.2   0.6   506   506   506   506   506   506   506   506   506   506   506   506 
1966  -2.2  -1.3   3.2   6.9  12.4  14.3  19.4  22.1  17.9  13.2   7.1  -1.5   506   506   506   506   506   506   506   506   506   506   506   506 
1967  -3.1  -2.3   3.2   7.9  13.9  16.6  21.1  22.9  17.9  12.3   6.2   0.2   506   506   506   506   506   506   506   506   506   506   506   506 
1968  -1.1  -2.4   3.6 -99.0 -99.0 -99.0 -99.0 -99.0 -99.0 -99.0 -99.0 -99.0   506   506   506   -99   -99   -99   -99   -99   -99   -99   -99   -99 
1969 -99.0 -99.0 -99.0 -99.0 -99.0 -99.0 -99.0 -99.0 -99.0 -99.0 -99.0 -99.0   -99   -99   -99   -99   -99   -99   -99   -99   -99   -99   -99   -99 
1970 -99.0 -99.0 -99.0 -99.0 -99.0 -99.0 -99.0 -99.0 -99.0 -99.0 -99.0 -99.0   -99   -99   -99   -99   -99   -99   -99   -99   -99   -99   -99   -99 
1971 -99.0 -99.0 -99.0 -99.0 -99.0 -99.0 -99.0 -99.0 -99.0 -99.0 -99.0 -99.0   -99   -99   -99   -99   -99   -99   -99   -99   -99   -99   -99   -99 
1972 -99.0 -99.0 -99.0 -99.0 -99.0 -99.0 -99.0 -99.0 -99.0 -99.0 -99.0 -99.0   -99   -99   -99   -99   -99   -99   -99   -99   -99   -99   -99   -99 
1973 -99.0 -99.0 -99.0 -99.0 -99.0 -99.0 -99.0 -99.0 -99.0 -99.0 -99.0 -99.0   -99   -99   -99   -99   -99   -99   -99   -99   -99   -99   -99   -99 
1974 -99.0 -99.0 -99.0 -99.0 -99.0 -99.0 -99.0 -99.0 -99.0 -99.0 -99.0 -99.0   -99   -99   -99   -99   -99   -99   -99   -99   -99   -99   -99   -99 
1975 -99.0 -99.0 -99.0 -99.0 -99.0 -99.0 -99.0 -99.0 -99.0 -99.0 -99.0 -99.0   -99   -99   -99   -99   -99   -99   -99   -99   -99   -99   -99   -99 
1976 -99.0 -99.0 -99.0 -99.0 -99.0 -99.0 -99.0 -99.0 -99.0 -99.0 -99.0 -99.0   -99   -99   -99   -99   -99   -99   -99   -99   -99   -99   -99   -99 
1977  -4.9  -2.8   2.3   7.1  11.6  14.6  20.2 -99.0  18.1  12.3   6.9   1.5   506   506   506   506   506   506   506   -99   506   506   506   506 
1978  -2.6 -99.0   1.8   7.0  12.3  16.9  23.0  23.4  17.6  12.6   7.0   4.0   506   -99   506   506   506   506   506   506   506   506   506   506 
1979   0.0   0.4   2.9   7.5  11.5  17.7  19.4  22.0  18.9  15.5   8.2   4.3   506   506   506   506   506   506   506   506   506   506   506   506 
1980  -1.4  -3.5   1.3   6.4  12.9  18.0  18.2  18.8  17.4  12.6 -99.0 -99.0   506   506   506   506   506   506   506   506   506   506   -99   -99 
