Number= 476430
Name= IRUMA
Country= JAPAN--------
Lat=   35.8
Long= -139.4
Height= 92
Start year= 1949
End year= 1960
First Good year= 1949
Source ID= 84
Source file= Jones
Jones data to= 1960
Normals source start year= 1961
Normals source end year= 1960
Normals= -99.0 -99.0 -99.0 -99.0 -99.0 -99.0 -99.0 -99.0 -99.0 -99.0 -99.0 -99.0 
Standard deviations source= Data
Standard deviations source start year= 1949
Standard deviations source end year= 1960
Obs:
1949   5.4   5.8   5.8  11.1  18.1  19.1  25.4  26.5  21.9  15.5   9.8   5.8   506   506   506   506   506   506   506   506   506   506   506   506 
1950   4.2   4.0   7.1  13.3  19.0  21.3  26.7  26.3  23.6 -99.0  10.5   5.2   506   506   506   506   506   506   506   506   506   -99   506   506 
1951   2.8   4.0   8.2  12.8  17.7  20.9  24.3  27.0  20.1  17.2  10.8   7.4   506   506   506   506   506   506   506   506   506   506   506   506 
1952   4.0   2.4   7.2  12.7  17.5  21.1  24.7  26.9  22.0  16.4  11.7   5.0   506   506   506   506   506   506   506   506   506   506   506   506 
1953   3.0   3.5   8.4  11.7  17.1  20.3  24.1  24.8  21.5  16.4   9.7   7.1   506   506   506   506   506   506   506   506   506   506   506   506 
1954   3.7   5.0   7.4  14.2  16.9  17.6  22.2  26.6  23.6  14.9  11.5   6.7   506   506   506   506   506   506   506   506   506   506   506   506 
1955   3.4   5.7   8.2  12.9  17.5  22.6  27.4  26.0  21.3  17.0  10.5   7.3   506   506   506   506   506   506   506   506   506   506   506   506 
1956   3.8   3.5   7.8  12.3  17.0  21.9  24.2  25.1  22.3  16.6  11.0   4.4   506   506   506   506   506   506   506   506   506   506   506   506 
1957   4.8   3.4   6.1  13.5  16.1  19.0  23.8  26.8  19.7  16.3  11.6   6.8   506   506   506   506   506   506   506   506   506   506   506   506 
1958   3.7   5.2   7.2  12.8  16.9  21.5  24.3  25.1  22.2  14.7   9.7   6.6   506   506   506   506   506   506   506   506   506   506   506   506 
1959   2.6   5.9   7.4  13.4  17.5  19.2  25.5  26.1  22.9  16.6  10.8   5.9   506   506   506   506   506   506   506   506   506   506   506   506 
1960   3.6   5.5   8.0  11.5  16.7  20.6  25.6  25.6  22.2  15.5  10.8   5.2   506   506   506   506   506   506   506   506   506   506   506   506 
