Number= 111501
Name= BAD REICHENHALL
Country= GERMANY
Lat=   47.7
Long=  -12.9
Height= 470
Start year= 1945
End year= 2006
First Good year= 1945
Source ID= 73
Source file= Jones
Jones data to= 2006
Normals source= Data
Normals source start year= 1961
Normals source end year= 1990
Normals=  -1.7  -0.1   3.7   7.9  12.3  15.3  17.2  16.6  13.7   8.8   3.5  -0.6 
Standard deviations source= Data
Standard deviations source start year= 1945
Standard deviations source end year= 1990
Standard deviations=   2.8   3.3   2.3   1.7   1.5   1.2   1.3   1.0   1.4   1.5   1.5   2.4 
Obs:
1945  -6.4   3.2   5.4   9.0  14.8  17.2  18.2  16.5  13.5   9.0   2.2  -0.1   506   506   506   506   506   506   506   506   506   506   506   506 
1946  -3.9   2.9   5.1  11.1  14.6  15.5  18.6  17.1  14.4   6.3   3.0  -3.7   506   506   506   506   506   506   506   506   506   506   506   506 
1947  -5.4  -4.2   5.6  10.9  15.1  17.4  18.7  17.8  16.2   7.0   5.7   0.4   506   506   506   506   506   506   506   506   506   506   506   506 
1948   4.0   0.0   6.1  10.0  14.6  14.3  15.4  16.9  13.7   9.3   4.4  -2.0   506   506   506   506   506   506   506   506   506   506   506   506 
1949   0.5   1.0   1.8  10.9  12.5  14.3  17.4  16.1  15.9  10.4   3.4   2.8   506   506   506   506   506   506   506   506   506   506   506   506 
1950  -1.8   3.1   5.4   8.0  14.7  18.3  19.2  17.3  13.3   7.3   4.3  -1.9   506   506   506   506   506   506   506   506   506   506   506   506 
1951   1.0   1.8   3.0   8.4  12.6  15.3  17.3  17.4  14.6   6.5   6.2   0.7   506   506   506   506   506   506   506   506   506   506   506   506 
1952  -1.4  -1.4   2.7  10.8  12.1  16.1  19.0  18.5  10.7   7.5   1.5  -1.2   506   506   506   506   506   506   506   506   506   506   506   506 
1953  -2.7  -1.0   4.7   9.4  12.7  15.7  18.1  15.8  14.3  10.4   2.5   0.5   506   506   506   506   506   506   506   506   506   506   506   506 
1954  -4.6  -3.9   5.1   6.0  11.1  16.2  14.4  16.2  14.2   8.9   3.3   2.6   506   506   506   506   506   506   506   506   506   506   506   506 
1955  -1.9  -0.7   0.6   6.9  11.3  15.0  16.9  15.7  13.4   7.8   2.3   2.9   506   506   506   506   506   506   506   506   506   506   506   506 
1956   0.6 -10.6   3.1   6.7  12.5  13.6  17.6  16.2  14.5   7.5   2.3   0.2   506   506   506   506   506   506   506   506   506   506   506   506 
1957  -1.6   3.9   7.4   7.7   9.8  17.3  17.7  15.6  12.8   8.2   3.8   0.1   506   506   506   506   506   506   506   506   506   506   506   506 
1958  -1.3   2.0  -0.7   6.1  15.4  15.1  18.2  17.4  14.8   8.6 -99.0 -99.0   506   506   506   506   506   506   506   506   506   506   -99   -99 
1959 -99.0 -99.0 -99.0 -99.0 -99.0 -99.0 -99.0 -99.0 -99.0 -99.0 -99.0 -99.0   -99   -99   -99   -99   -99   -99   -99   -99   -99   -99   -99   -99 
1960 -99.0 -99.0 -99.0 -99.0 -99.0 -99.0 -99.0 -99.0 -99.0 -99.0 -99.0 -99.0   -99   -99   -99   -99   -99   -99   -99   -99   -99   -99   -99   -99 
1961  -2.0   3.6   6.1  11.7  10.5  16.4  15.8  16.3  16.6  10.0   2.7  -2.2   506   506   506   506   506   506   506   506   506   506   506   506 
1962   0.5  -0.7  -0.2   9.1  10.3  13.7  15.9  17.8  13.1   8.2   2.1  -6.6   506   506   506   506   506   506   506   506   506   506   506   506 
1963  -7.5  -7.8   2.1   9.3  11.7  16.0  18.2  16.1  14.3   7.9   7.8  -5.0   506   506   506   506   506   506   506   506   506   506   506   506 
1964  -6.7  -0.4   0.9   9.4  13.5  17.0  18.1  15.9  13.2   6.8   5.0  -1.1   506   506   506   506   506   506   506   506   506   506   506   506 
1965   0.3  -4.3   2.1   6.7  10.6  15.7  16.0  15.0  12.7   7.5   2.6   1.9   506   506   506   506   506   506   506   506   506   506   506   506 
1966  -3.9   5.7   2.9  10.1  12.0  16.5  15.6  15.3  14.2  11.7   1.4   0.9   506   506   506   506   506   506   506   506   506   506   506   506 
1967  -0.9   1.9   5.1   6.7  12.4  14.5  19.0  16.8  13.6  11.0   3.4  -1.1   506   506   506   506   506   506   506   506   506   506   506   506 
1968  -1.7   1.2   4.4   9.6  12.3  15.8  16.0  15.4  13.1   9.6   3.9  -2.9   506   506   506   506   506   506   506   506   506   506   506   506 
1969  -0.8  -1.6   2.5   7.9  14.3  13.8  18.0  15.4  14.5   9.1   4.8  -5.4   506   506   506   506   506   506   506   506   506   506   506   506 
1970  -2.1  -0.4   1.4   6.2  10.4  17.1  16.7  16.8  13.8   7.9   6.1  -1.9   506   506   506   506   506   506   506   506   506   506   506   506 
1971  -3.2  -0.4   0.0   9.9  13.6  14.1  17.9  18.3  11.8   8.5   3.3   2.1   506   506   506   506   506   506   506   506   506   506   506   506 
1972  -2.2   1.4   6.2   7.5  11.8  15.1  16.8  16.1  10.7   5.5   2.9  -2.6   506   506   506   506   506   506   506   506   506   506   506   506 
1973  -2.4  -0.6   2.6   5.2  13.3  15.7  16.5  18.0  14.2   6.7   2.3  -1.6   506   506   506   506   506   506   506   506   506   506   506   506 
1974   2.2   3.0   7.1   7.7  11.3  13.6  16.3  18.2  13.6   4.7   4.5   3.3   506   506   506   506   506   506   506   506   506   506   506   506 
1975   3.0   0.5   3.9   6.8  13.4  14.1  17.0  17.1  16.5   7.3   2.6  -0.9   506   506   506   506   506   506   506   506   506   506   506   506 
1976   1.1   0.2   1.9   7.5  12.9  16.7  18.4  14.5  12.0   9.5   4.2  -3.2   506   506   506   506   506   506   506   506   506   506   506   506 
1977  -1.0   3.4   7.0   6.4  12.2  16.0  17.1  16.0  12.0  10.2   4.7  -0.2   506   506   506   506   506   506   506   506   506   506   506   506 
1978  -0.7  -1.6   4.7   7.1  10.8  14.9  15.7  15.3  12.9   8.1   2.5   0.1   506   506   506   506   506   506   506   506   506   506   506   506 
1979  -4.7   0.7   5.4   6.1  12.8  16.8  15.6  15.7  13.6   8.3   3.1   3.8   506   506   506   506   506   506   506   506   506   506   506   506 
1980  -3.5   2.8   4.0   4.7  10.5  14.4  15.4  17.4  13.9   8.2   2.8  -1.4   506   506   506   506   506   506   506   506   506   506   506   506 
1981  -3.6  -1.8   6.9   9.0  12.8  16.1  16.1  17.1  14.1   9.0   4.0  -1.5   506   506   506   506   506   506   506   506   506   506   506   506 
1982  -3.4  -1.8   4.3   6.3  13.1  16.6  18.7  17.1  16.2   9.4   5.5   1.9   506   506   506   506   506   506   506   506   506   506   506   506 
1983   3.2  -3.0   4.8   9.5  12.6  16.2  21.0  17.5  13.8   9.4   1.7  -1.3   506   506   506   506   506   506   506   506   506   506   506   506 
1984   0.7  -1.9   1.4   6.8  11.3  14.7  16.3  16.3  12.6  10.0   3.7   0.2   506   506   506   506   506   506   506   506   506   506   506   506 
1985  -6.4  -3.3   2.6   8.2  13.9  13.8  18.4  16.9  14.5   7.8   1.0   3.6   506   506   506   506   506   506   506   506   506   506   506   506 
1986  -0.1  -6.9   3.1   8.2  14.8  15.5  16.9  17.1  13.5   9.4   4.5   0.8   506   506   506   506   506   506   506   506   506   506   506   506 
1987  -5.6  -0.7  -0.5   9.2  10.2  14.9  18.2  16.2  16.7   9.9   4.0   1.4   506   506   506   506   506   506   506   506   506   506   506   506 
1988   2.4   1.0   2.2 -99.0 -99.0 -99.0  18.4  17.7  13.4  10.8   1.3   1.4   506   506   506   -99   -99   -99   506   506   506   506   506   506 
1989   0.1   2.6   8.0   8.7  13.3  14.0  17.9  17.0  13.8  10.1   1.6   0.5   506   506   506   506   506   506   506   506   506   506   506   506 
1990  -0.6   5.4   7.4   7.4  14.3  15.2  16.9  18.1  12.0  10.2   3.9  -1.5   506   506   506   506   506   506   506   506   506   506   506   506 
1991  -0.4  -2.7   6.2   7.1   8.9  14.9  18.7  17.6  15.4   7.5   2.8  -2.4   506   506   506   506   506   506   506   506   506   506   506   506 
1992   0.1   1.9   4.7   8.0  14.8  16.7  19.0  21.1  14.2   7.5   5.7  -0.1   506   506   506   506   506   506   506   506   506   506   506   506 
1993   2.6  -2.1   2.8  10.3  15.4  16.0  16.3  17.4  13.3   8.7   0.8   2.5   506   506   506   506   506   506   506   506   506   506   506   506 
1994   1.9   1.0   8.4   7.8  13.4  16.6  21.1  19.4  14.4   7.5   7.3   2.2   506   506   506   506   506   506   506   506   506   506   506   506 
1995  -1.5   4.6   3.0   9.1  13.0  14.2  20.5  16.7  12.5  11.7   1.6  -1.3   506   506   506   506   506   506   506   506   506   506   506   506 
1996  -3.0  -2.1   1.0   8.8  13.3  17.2  16.5  16.6  10.5   8.7 -99.0 -99.0   506   506   506   506   506   506   506   506   506   506   -99   -99 
1997 -99.0 -99.0 -99.0 -99.0 -99.0 -99.0  16.8  18.7  15.2   8.4   5.1   3.1   -99   -99   -99   -99   -99   -99   506   506   506   506   506   506 
1998   2.5   5.4   5.2  10.1  14.7  17.7  18.1  18.3  13.9  10.5   1.8   1.3   506   506   506   506   506   506   506   506   506   506   506   506 
1999   2.0   0.2   6.6   9.6  15.2  16.0  18.8  17.9  17.0  10.3   3.1   2.0   506   506   506   506   506   506   506   506   506   506   506   506 
2000  -0.9   4.5   5.8  11.8  15.9  18.8  16.5  19.5  14.5  11.1   6.7   3.0   506   506   506   506   506   506   506   506   506   506   506   506 
2001   1.1   3.5   7.6   8.0  16.4  15.2  18.8  19.4  11.7  14.0   2.8  -1.4   506   506   506   506   506   506   506   506   506   506   506   506 
2002   0.0   6.1   7.2   9.2  15.4  19.3  18.8  18.5  13.0  10.1   7.3   2.3   506   506   506   506   506   506   506   506   506   506   506   506 
2003  -0.1  -2.2   6.2   9.3  15.9  21.6  19.8  22.4  14.3   6.9   5.9   1.5   506   506   506   506   506   506   506   506   506   506   506   506 
2004   0.4   2.7   4.3  10.3  11.9  16.2  18.2  19.0  14.9  12.1   4.2  -0.5   506   506   506   506   506   506   506   506   506   506   506   506 
2005   1.1  -1.0   4.2  10.0  14.3  17.5  18.6  16.2  15.7  10.8   3.7  -0.1   506   506   506   506   506   506   506   506   506   506   506   506 
2006  -4.0  -0.6   2.7   9.5  14.0  17.7  22.1  15.5  17.6  13.0 -99.0 -99.0   506   506   506   506   506   506   506   506   506   506   -99   -99 
