Number= 114190
Name= KONSTANTINOVY LAZNE
Country= CZECH REPUBLI
Lat=   49.9
Long=  -13.0
Height= 527
Start year= 1972
End year= 2017
First Good year= 1972
Source ID= 73
Source file= Jones
Jones data to= 2017
Normals source= Data
Normals source start year= 1972
Normals source end year= 1990
Normals=  -2.7  -1.7   2.3   5.9  11.3  14.3  16.1  15.4  11.7   6.6   1.7  -0.9 
Standard deviations source= Data
Standard deviations source start year= 1972
Standard deviations source end year= 1990
Standard deviations=   3.0   2.6   2.4   1.0   1.2   1.0   1.5   1.1   1.3   1.1   1.3   1.8 
Obs:
1972  -4.2  -0.7   4.5   6.5  11.3  15.1  18.0  16.1   9.9   5.0   2.6  -2.3   506   506   506   506   506   506   506   506   506   506   506   506 
1973  -2.2  -1.0   2.6   4.4  11.9  15.1  16.4  17.0  12.8   5.2   0.7  -2.5   506   506   506   506   506   506   506   506   506   506   506   506 
1974   0.6   1.4   5.2   6.9  10.3  13.7  15.0  17.0  12.5   4.0   2.3   2.5   506   506   506   506   506   506   506   506   506   506   506   506 
1975   1.6  -1.1   1.5   5.4  11.1  13.5  16.5  16.6  13.9   6.2   0.3  -0.6   506   506   506   506   506   506   506   506   506   506   506   506 
1976  -0.8  -1.6  -1.3   5.8  11.7  15.4  17.7  13.5  10.5   7.4   3.1  -3.5   506   506   506   506   506   506   506   506   506   506   506   506 
1977  -2.4   0.5   4.4   4.2  11.2  14.6  15.4  14.4   9.8   7.4   2.6  -1.2   506   506   506   506   506   506   506   506   506   506   506   506 
1978  -2.0 -99.0   3.3   6.0  10.3  13.4  15.2  13.9  11.0   7.3   1.7  -0.7   506   -99   506   506   506   506   506   506   506   506   506   506 
1979  -6.7  -2.9   2.5   5.4  11.7  16.7  13.9  14.5  11.4   5.5   1.8   2.2   506   506   506   506   506   506   506   506   506   506   506   506 
1980  -5.4   0.7   1.8   4.3   9.0  13.6  13.5  14.9  11.6   5.9   0.7  -1.8   506   506   506   506   506   506   506   506   506   506   506   506 
1981  -4.8  -2.4   5.0   5.9  11.5  15.0  15.1  15.2  12.4   6.7   2.7  -4.8   506   506   506   506   506   506   506   506   506   506   506   506 
1982  -6.0  -2.4   2.9   4.4  11.8  15.6  17.8  15.8  13.9   7.8   3.1   0.6   506   506   506   506   506   506   506   506   506   506   506   506 
1983   1.9  -4.7   2.7   7.7  11.0  15.1  19.8  16.5  12.0   7.3   0.7  -2.4   506   506   506   506   506   506   506   506   506   506   506   506 
1984  -1.9  -3.0   0.8   5.5   9.7  12.9  14.6  15.4  10.8   8.0   2.4  -1.2   506   506   506   506   506   506   506   506   506   506   506   506 
1985  -7.9  -5.9   1.3   6.3  12.8  12.6  16.5  15.5  11.8   6.3  -0.7   1.4   506   506   506   506   506   506   506   506   506   506   506   506 
1986  -2.1  -8.2   1.5   7.2  13.4  14.6  15.5  15.2   9.9   6.8   2.5  -0.8   506   506   506   506   506   506   506   506   506   506   506   506 
1987  -8.0  -3.2  -4.4   7.2   8.9  13.2  16.1  13.7  13.2   6.7   3.1   0.1   506   506   506   506   506   506   506   506   506   506   506   506 
1988   0.4  -0.5   0.2   7.1  13.2  14.0  16.0  15.7  11.8   7.8  -0.1   0.9   506   506   506   506   506   506   506   506   506   506   506   506 
1989  -0.3   1.3   4.9   6.4  11.7  13.4  16.6  15.2  13.1   8.0  -0.5  -0.4   506   506   506   506   506   506   506   506   506   506   506   506 
1990  -0.7   2.5   5.2   5.6  11.9  14.2  15.9  17.0  10.4   6.8   2.7  -2.0   506   506   506   506   506   506   506   506   506   506   506   506 
1991  -0.4  -5.4   4.1   5.9   8.4  13.0  17.7  16.3  12.9   5.8   1.9  -1.7   506   506   506   506   506   506   506   506   506   506   506   506 
1992  -0.4   1.1   2.6   5.9  12.7  15.7  17.3  18.4  11.9   5.3   3.0  -1.8   506   506   506   506   506   506   506   506   506   506   506   506 
1993  -0.7  -4.6   1.3   8.5  14.3  14.7  14.8  15.3  11.0   6.2  -1.0   1.5   506   506   506   506   506   506   506   506   506   506   506   506 
1994   1.1  -1.7   5.0   6.2  11.1  15.4  20.0  16.8  12.0   5.1   4.7   0.6   506   506   506   506   506   506   506   506   506   506   506   506 
1995  -2.9   2.2   1.0   7.4  11.2  13.0  18.3  16.1  10.9   9.1  -0.5  -3.7   506   506   506   506   506   506   506   506   506   506   506   506 
1996  -5.4  -5.5  -1.4   6.7  10.8  15.0  14.1  14.8   9.1   7.5   2.7  -5.6   506   506   506   506   506   506   506   506   506   506   506   506 
1997  -5.4   1.3   3.7   4.1  12.2  14.6  15.8  17.3  12.1   5.0   1.4  -0.1   506   506   506   506   506   506   506   506   506   506   506   506 
1998  -0.6   2.1   2.9   7.7  13.1  16.1  15.8  15.8  11.3   7.3  -0.2  -2.0   506   506   506   506   506   506   506   506   506   506   506   506 
1999  -0.9  -2.3   3.9   7.5  12.9  14.1  17.6  16.0  15.2   7.0   0.7  -0.7   506   506   506   506   506   506   506   506   506   506   506   506 
2000  -2.1   1.7   3.3   9.3  13.3  16.4  14.5  17.3  12.1   8.6   3.3  -0.1   506   506   506   506   506   506   506   506   506   506   506   506 
2001  -2.5  -0.2   2.7   5.7  13.6  13.4  16.8  17.3  10.1  10.6   1.5  -3.2   506   506   506   506   506   506   506   506   506   506   506   506 
2002  -2.2   2.3   2.8   6.2  13.6  16.1  16.3  17.4  10.7   6.1   3.1  -2.5   506   506   506   506   506   506   506   506   506   506   506   506 
2003  -2.7  -5.9   3.2   6.0  13.3  18.2  17.0  20.0  12.4   3.7   3.2  -1.6   506   506   506   506   506   506   506   506   506   506   506   506 
2004  -3.7   0.3   1.4   7.5  10.3  14.4  15.8  16.4  11.0   7.3   2.3  -1.9   506   506   506   506   506   506   506   506   506   506   506   506 
2005  -1.1  -5.1   0.4   7.8  11.9  15.4  16.8  14.6  12.8   7.9   1.3  -1.9   506   506   506   506   506   506   506   506   506   506   506   506 
2006  -6.1  -3.5  -0.6   6.6  11.5  15.6  19.9  13.8  14.3   8.7   4.5   1.6   506   506   506   506   506   506   506   506   506   506   506   506 
2007   2.5   2.3   4.2  10.0  13.2  16.5  16.4  16.2  10.1   6.2   0.5  -1.1   506   506   506   506   506   506   506   506   506   506   506   506 
2008   0.8   1.7   2.1   6.4  13.0  16.3  16.9  16.2  10.8   6.8   2.7  -0.5   506   506   506   506   506   506   506   506   506   506   506   506 
2009  -5.0  -1.8   2.5  11.0  12.7  14.1  16.6  16.7  13.5   6.4   4.4  -2.1   506   506   506   506   506   506   506   506   506   506   506   506 
2010  -5.3  -3.1   1.6   7.0  10.5  15.2  18.7  15.4  10.2   5.2   3.6  -5.7   506   506   506   506   506   506   506   506   506   506   506   506 
2011  -1.6  -2.2   3.3   9.8  12.4  16.1  15.2  16.7  13.7   7.2   2.2   1.6   506   506   506   506   506   506   506   506   506   506   506   506 
2012   0.2  -4.9   5.0   7.2  13.3  15.4  16.3  17.2  11.8   6.1   3.4  -1.5   506   506   506   506   506   506   506   506   506   506   506   506 
2013  -1.3  -2.3  -1.4   7.2  10.5  14.8  18.7  16.2  11.3   7.3   2.9   0.1   506   506   506   506   506   506   506   506   506   506   506   506 
2014   0.1   0.8   4.9   9.3  11.2  15.2  18.2  14.3  13.3   9.6   4.9   1.2   506   506   506   506   506   506   506   506   506   506   506   506 
2015   0.5  -1.4   3.3   7.2  11.6  15.0  19.2  20.0  11.5   6.9   5.2   3.9   506   506   506   506   506   506   506   506   506   506   506   506 
2016  -1.4   1.8   2.4   6.7 -99.0  15.9  17.5  15.8  14.6   6.7   1.7  -0.6   506   506   506   506   -99   506   506   506   506   506   506   506 
2017  -6.6   0.7 -99.0 -99.0 -99.0 -99.0 -99.0 -99.0 -99.0 -99.0 -99.0 -99.0   506   506   -99   -99   -99   -99   -99   -99   -99   -99   -99   -99 
