Number= 964490
Name= MIRI
Country= MALAYSIA
Lat=    4.4
Long= -114.0
Height= 3
Start year= 1940
End year= 2020
First Good year= 1940
Source ID= 62
Source file= Jones
Jones data to= 2012
Normals source= Data
Normals source start year= 1961
Normals source end year= 1990
Normals=  25.8  26.0  26.5  27.1  27.3  27.1  26.9  26.8  26.7  26.6  26.5  26.2 
Standard deviations source= Data
Standard deviations source start year= 1941
Standard deviations source end year= 1990
Standard deviations=   0.6   0.4   0.5   0.4   0.3   0.3   0.3   0.3   0.3   0.3   0.3   0.4 
Obs:
1940  25.4  24.7  25.8  26.8  26.9  26.8  27.0  26.5  26.7  26.6  26.3  26.1   506   506   506   506   506   506   506   506   506   506   506   506 
1941  26.1  26.1  26.6  27.5  27.6  27.4  27.1  27.3  26.7  26.7 -99.0 -99.0   506   506   506   506   506   506   506   506   506   506   -99   -99 
1942 -99.0 -99.0 -99.0 -99.0 -99.0 -99.0 -99.0 -99.0 -99.0 -99.0 -99.0 -99.0   -99   -99   -99   -99   -99   -99   -99   -99   -99   -99   -99   -99 
1943 -99.0 -99.0 -99.0 -99.0 -99.0 -99.0 -99.0 -99.0 -99.0 -99.0 -99.0 -99.0   -99   -99   -99   -99   -99   -99   -99   -99   -99   -99   -99   -99 
1944 -99.0 -99.0 -99.0 -99.0 -99.0 -99.0 -99.0 -99.0 -99.0 -99.0 -99.0 -99.0   -99   -99   -99   -99   -99   -99   -99   -99   -99   -99   -99   -99 
1945 -99.0 -99.0 -99.0 -99.0 -99.0 -99.0 -99.0 -99.0 -99.0 -99.0 -99.0 -99.0   -99   -99   -99   -99   -99   -99   -99   -99   -99   -99   -99   -99 
1946 -99.0 -99.0 -99.0 -99.0 -99.0 -99.0 -99.0 -99.0 -99.0 -99.0 -99.0 -99.0   -99   -99   -99   -99   -99   -99   -99   -99   -99   -99   -99   -99 
1947 -99.0 -99.0 -99.0 -99.0 -99.0 -99.0 -99.0 -99.0 -99.0 -99.0 -99.0 -99.0   -99   -99   -99   -99   -99   -99   -99   -99   -99   -99   -99   -99 
1948 -99.0 -99.0 -99.0 -99.0 -99.0 -99.0 -99.0 -99.0 -99.0 -99.0 -99.0 -99.0   -99   -99   -99   -99   -99   -99   -99   -99   -99   -99   -99   -99 
1949 -99.0 -99.0 -99.0 -99.0 -99.0 -99.0 -99.0 -99.0 -99.0 -99.0 -99.0 -99.0   -99   -99   -99   -99   -99   -99   -99   -99   -99   -99   -99   -99 
1950  26.3  25.7  26.7  26.8  27.2  27.7  27.4  26.9  26.7  26.3  26.4  26.4   506   506   506   506   506   506   506   506   506   506   506   506 
1951  26.6  26.2  26.8  27.3  27.6  27.8  27.0  27.2  26.9  26.6  27.2  26.5   506   506   506   506   506   506   506   506   506   506   506   506 
1952  26.8  26.5  26.5  27.6  27.1  27.4  26.9  26.9  26.6  26.5  26.1  25.8   506   506   506   506   506   506   506   506   506   506   506   506 
1953  26.4  26.3  27.2  27.9  27.3  27.7  26.9  27.0  26.5  26.4  26.3  26.5   506   506   506   506   506   506   506   506   506   506   506   506 
1954  26.5  26.1  26.5  27.1  27.2  26.7  26.7  26.9  26.5  26.0  26.0  26.1   506   506   506   506   506   506   506   506   506   506   506   506 
1955  25.9  25.5  25.6  26.6  26.9  26.6  26.5  26.2  26.3  26.8  26.5  26.0   506   506   506   506   506   506   506   506   506   506   506   506 
1956  25.4  25.9  26.2  27.2  26.9  26.8  26.5  26.4  26.5  25.9  26.0  25.5   506   506   506   506   506   506   506   506   506   506   506   506 
1957  25.4  25.7  26.4  27.0  27.2  27.3  27.2  27.3  27.0  26.9  26.8  27.0   506   506   506   506   506   506   506   506   506   506   506   506 
1958  26.7  26.5  27.1  27.3  27.3  27.5  27.4  26.6  26.8  26.6  26.1  26.4   506   506   506   506   506   506   506   506   506   506   506   506 
1959  26.2  26.2  26.3  27.0  27.0  26.9  27.1  26.9  26.5  26.6  26.3  26.3   506   506   506   506   506   506   506   506   506   506   506   506 
1960  26.2  25.7  26.5  27.2  27.3  27.3  26.8  27.7  26.6  26.7  26.3  26.4   506   506   506   506   506   506   506   506   506   506   506   506 
1961  25.8  26.1  26.6  26.9  27.6  26.8  26.9  26.8  26.8  26.3  27.0  26.3   506   506   506   506   506   506   506   506   506   506   506   506 
1962  26.0  25.6  26.3  26.8  27.2  26.9  27.3  26.3  26.5  26.5  26.2  26.0   506   506   506   506   506   506   506   506   506   506   506   506 
1963  24.7  25.2  25.5  26.6  26.9  27.7  27.1  26.9  26.8  26.7  27.1  26.5   506   506   506   506   506   506   506   506   506   506   506   506 
1964  26.9  26.5  26.5  27.2  27.2  27.0  26.8  26.7  26.5  26.4  25.8  25.6   506   506   506   506   506   506   506   506   506   506   506   506 
1965  24.4  25.7  25.8  26.6  27.0  27.2  26.9  26.8  26.8  26.9  27.0  26.5   506   506   506   506   506   506   506   506   506   506   506   506 
1966  26.7  26.1  27.1  27.4  28.1  27.1  26.9  26.7  27.1  26.4  26.5  26.4   506   506   506   506   506   506   506   506   506   506   506   506 
1967  25.9  25.5  25.9  26.8  26.9  27.1  27.0  27.1  26.8  26.4  26.4  26.1   506   506   506   506   506   506   506   506   506   506   506   506 
1968  25.6  25.5  26.3  26.8  27.4  27.4  27.0  27.1  27.2  26.8  26.6  26.5   506   506   506   506   506   506   506   506   506   506   506   506 
1969  26.3  25.9  26.6  27.4  27.4  27.1  26.7  26.4  26.7  26.5  26.1  25.7   506   506   506   506   506   506   506   506   506   506   506   506 
1970  25.7  25.8  26.8  26.9  27.1  26.8  26.5  26.3  26.5  26.5  26.0  26.0   506   506   506   506   506   506   506   506   506   506   506   506 
1971  25.3  25.2  25.9  26.2  27.0  26.7  26.5  26.1  26.4  26.2  25.9  25.8   506   506   506   506   506   506   506   506   506   506   506   506 
1972  24.8  25.8  25.7  26.5  26.9  26.8  27.5  26.6  26.6  26.9  26.8  26.9   506   506   506   506   506   506   506   506   506   506   506   506 
1973  26.3  26.7  27.2  27.4  26.9  27.2  27.0  26.7  26.3  27.0  26.2  25.8   506   506   506   506   506   506   506   506   506   506   506   506 
1974  25.2  25.5  25.7  26.7  26.7  26.6  26.4  26.9  26.4  26.2  26.3  25.9   506   506   506   506   506   506   506   506   506   506   506   506 
1975  26.1  25.9  26.4  27.4  27.2  26.8  26.5  26.9  26.2  26.3  26.1  26.1   506   506   506   506   506   506   506   506   506   506   506   506 
1976  25.2  25.7  26.3  26.9  27.4  26.9  27.0  26.5  26.9  26.7  26.4  26.4   506   506   506   506   506   506   506   506   506   506   506   506 
1977  25.9  25.7  26.3  27.2  27.5  27.1  26.8  26.8  27.3  26.6  26.6  26.5   506   506   506   506   506   506   506   506   506   506   506   506 
1978  26.1  26.3  27.4  27.6  27.6  27.2  27.0  27.3  26.6  26.9  26.4  26.7   506   506   506   506   506   506   506   506   506   506   506   506 
1979  26.3  26.6  26.8  27.4  27.9  27.1  26.7  27.4  26.6  26.8  26.4  26.3   506   506   506   506   506   506   506   506   506   506   506   506 
1980  26.3  26.4  27.0  27.3  27.9  27.4  27.2  26.8  27.3  26.9  26.7  26.1   506   506   506   506   506   506   506   506   506   506   506   506 
1981  25.1  26.0  26.8  27.1  27.5  27.3  26.9  27.5  26.6  26.5  26.4  26.1   506   506   506   506   506   506   506   506   506   506   506   506 
1982  25.6  25.9  26.5  26.9  27.2  27.1  27.0  26.8  27.1  26.6  27.1  26.9   506   506   506   506   506   506   506   506   506   506   506   506 
1983  26.6  27.0  27.7  28.2  27.9  27.4  27.1  27.2  26.8  26.7  26.2  25.9   506   506   506   506   506   506   506   506   506   506   506   506 
1984  25.7  25.6  26.5  26.9  26.6  26.8  26.2  27.1  26.4  26.2  26.5  26.3   506   506   506   506   506   506   506   506   506   506   506   506 
1985  25.8  26.6  26.7  26.8  27.4  27.1  26.1  27.0  26.3  26.3  26.6  25.9   506   506   506   506   506   506   506   506   506   506   506   506 
1986  25.7  25.9  26.2  26.8  27.6  27.1  26.8  26.7  26.6  26.5  26.2  26.4   506   506   506   506   506   506   506   506   506   506   506   506 
1987  25.9  25.6  27.2  27.6  27.2  27.6  27.3  27.0  27.2  27.0  27.0  26.3   506   506   506   506   506   506   506   506   506   506   506   506 
1988  26.5  26.6  27.1  27.7  27.3  27.3  26.8  26.7  26.7  26.8  26.2  25.4   506   506   506   506   506   506   506   506   506   506   506   506 
1989  26.2  25.5  26.0  26.7  26.9  26.8  26.9  26.8  26.9  26.4  26.5  26.3   506   506   506   506   506   506   506   506   506   506   506   506 
1990  25.7  26.5  26.4  27.6  27.6  27.5  26.9  27.0  26.9  27.1  26.4  26.5   506   506   506   506   506   506   506   506   506   506   506   506 
1991  26.1  26.1  26.7  27.2  27.1  27.7  27.1  27.1  27.0  26.5  26.5  26.4   506   506   506   506   506   506   506   506   506   506   506   506 
1992  26.0  26.5  27.3  28.0  27.5  27.1  26.8  27.4  27.0  26.3  26.1  26.1   506   506   506   506   506   506   506   506   506   506   506   506 
1993  25.9  26.1  26.5  27.2  27.1  27.3  26.7  27.2  26.7  26.5  26.8  26.3   506   506   506   506   506   506   506   506   506   506   506   506 
1994  26.2  26.5  26.4  27.0  27.4  27.1  27.2  26.8  27.1  26.6  26.9  26.6   506   506   506   506   506   506   506   506   506   506   506   506 
1995  26.4  26.3  26.6  27.3  27.5  27.6  26.9  27.0  26.6  27.0  26.5  26.0   506   506   506   506   506   506   506   506   506   506   506   506 
1996  25.4  25.6  26.8  27.2  27.4  27.3  27.4  27.2  27.1  26.5  26.5  26.0   506   506   506   506   506   506   506   506   506   506   506   506 
1997  25.9  25.8  26.9  27.2  27.6  27.8  27.2  27.8  27.6  27.2  26.9  27.1   506   506   506   506   506   506   506   506   506   506   506   506 
1998  27.3  27.7  28.6  28.8  29.0  27.8  27.5  27.2  27.6  27.2  27.0  26.7   506   506   506   506   506   506   506   506   506   506   506   506 
1999  26.7  26.4  27.0  27.6  27.2  27.7  27.3  27.4  27.4  26.7  26.8  26.5   506   506   506   506   506   506   506   506   506   506   506   506 
2000  26.4  26.3  27.0  27.3  27.9  26.9  27.8  27.2  27.3  27.0  27.1  26.8   506   506   506   506   506   506   506   506   506   506   506   506 
2001  26.4  26.6  27.2  27.5  28.1  27.1  27.9  27.8  27.3  26.9  26.9  26.7   506   506   506   506   506   506   506   506   506   506   506   506 
2002  26.5  26.3  27.0  27.7  28.3  27.7  28.1  27.5  27.4  27.1  27.2  27.7   506   506   506   506   506   506   506   506   506   506   506   506 
2003  27.0  26.9  27.0  27.9  28.0  27.7  27.5  27.7  27.5  26.9  27.0  26.6   506   506   506   506   506   506   506   506   506   506   506   506 
2004  26.6  26.5  27.2  27.7  27.6  27.7  27.1  27.6  26.9  27.0  27.0  26.5   506   506   506   506   506   506   506   506   506   506   506   506 
2005  25.9  26.9  26.8  27.8  27.9  27.8  27.3  27.7  27.5  27.0  26.5  26.5   506   506   506   506   506   506   506   506   506   506   506   506 
2006  26.5  26.9  27.1  27.1  27.4  27.2  27.7  27.3  27.1  27.1  27.2  27.0   506   506   506   506   506   506   506   506   506   506   506   506 
2007  26.5  26.1  27.1  27.4  27.8  27.2  27.4  27.3  27.2  27.2  26.2  26.2   506   506   506   506   506   506   506   506   506   506   506   506 
2008  26.0  25.6  26.0  26.9  27.1  26.8  26.4  26.6  26.8  26.5  26.7  26.6   506   506   506   506   506   506   506   506   506   506   506   506 
2009  25.6  26.1  26.6  27.6  27.7  27.7  27.1  27.6  27.2  26.9  26.8  26.6   506   506   506   506   506   506   506   506   506   506   506   506 
2010  26.1  27.1  27.5  27.8  27.8  27.2  25.6  27.0  26.7  26.7  26.6  26.2   506   506   506   506   506   506   506   506   506   506   506   506 
2011  25.8  25.6  25.7  26.6  27.0  27.4  27.6  27.6  27.5  27.1  27.2  26.7   506   506   506   506   506   506   506   506   506   506   506   506 
2012  26.5  26.7  26.7  27.0  27.4  27.1  26.8  27.5  27.7  27.3  27.3  27.4   506   506   506   506   506   506   506   506   506   506   506   506 
2013  26.9  26.9  27.5  27.6  28.0  27.8  26.9  27.0  26.8  26.8  27.4  27.1   900   900   900   900   900   900   900   900   900   900   900   900 
2014  25.2  26.2  26.7  27.2  26.9  27.4  27.2  26.6  27.5  27.5  27.6  27.0   900   900   900   900   900   900   900   900   900   900   900   900 
2015  25.7  26.0  26.9  27.9  27.9  27.9  28.3  27.5  28.0  27.9  27.5  27.6   900   900   900   900   900   900   900   900   900   900   900   900 
2016  27.9  27.8  28.0  28.7  28.8  27.8  27.4  27.8  27.3  27.3  27.5  27.5   900   900   900   900   900   900   900   900   900   900   900   900 
2017  27.2  26.6  27.0  27.9  28.4  27.9  28.0  27.6  27.5  27.0  26.9  26.5   900   900   900   900   900   900   900   900   900   900   900   900 
2018  26.3  26.1  26.9  27.4  27.3  26.9  27.6  27.8  27.2  27.5  27.6  27.2   900   900   900   900   900   900   900   900   900   900   900   900 
2019  27.2  27.0  27.0  27.7  27.9  27.6  27.0  27.6  27.9  27.2  27.3  26.8   900   900   900   900   900   900   900   900   900   900   900   900 
2020  27.3  27.3  27.5  28.1  28.3  27.6  27.5  28.0  27.1  26.8  27.2  26.9   900   900   900   900   900   900   900   900   900   900   900   900 
