Number= 969350
Name= JUANDA SURABAYA
Country= INDONESIA
Lat=   -7.4
Long= -112.8
Height= 3
Start year= 2000
End year= 2020
First Good year= 2000
Source ID= 97
Source file= Jones
Jones data to= 2015
Normals source start year= 2000
Normals source end year= 1990
Normals= -99.0 -99.0 -99.0 -99.0 -99.0 -99.0 -99.0 -99.0 -99.0 -99.0 -99.0 -99.0 
Standard deviations source= Data
Standard deviations source start year= 2000
Standard deviations source end year= 1990
Obs:
2000  26.8  27.0  27.2  27.6  27.9  27.1  26.8  26.8  28.0  28.6  27.8  28.2   506   506   506   506   506   506   506   506   506   506   506   506 
2001  27.0  27.1  26.9  27.4  27.8  27.0  26.4  26.2  27.8  28.3  28.2  27.3   506   506   506   506   506   506   506   506   506   506   506   506 
2002  27.1  26.9  27.6  27.9  28.0  27.2  26.3  26.0  26.7  28.4  29.5  28.5   506   506   506   506   506   506   506   506   506   506   506   506 
2003  27.5  27.2  27.8  28.7  27.7  27.2  26.0  26.2  27.6  28.7  28.6  28.0   506   506   506   506   506   506   506   506   506   506   506   506 
2004  27.5  27.3  27.3  28.6  28.3  26.7  26.9  26.0  27.3  28.8  28.7  28.0   506   506   506   506   506   506   506   506   506   506   506   506 
2005  27.8  27.8  27.7  28.0  27.9  27.7  26.8  26.8  28.1  28.5  28.8  27.1   506   506   506   506   506   506   506   506   506   506   506   506 
2006  27.1  27.0  27.2  27.7  27.5  26.5  25.9  26.0  26.4  28.2  29.8  29.0   506   506   506   506   506   506   506   506   506   506   506   506 
2007  28.3  27.3  27.4  27.8  28.7  27.4  26.7  26.4  27.2  28.7  28.9  27.7   506   506   506   506   506   506   506   506   506   506   506   506 
2008  27.6  26.9  26.8  27.6  27.6  26.8  26.0  26.9  28.0  29.3  28.0  27.4   506   506   506   506   506   506   506   506   506   506   506   506 
2009  27.0  26.4  27.9  28.5  27.6  27.4  26.6  26.7  28.2  29.0  29.5  29.1   506   506   506   506   506   506   506   506   506   506   506   506 
2010  27.2  27.7  28.2  27.7  28.4  27.9  27.8  27.9  28.1  28.4  28.7  27.3   506   506   506   506   506   506   506   506   506   506   506   506 
2011  26.9  26.8  27.1  27.3  27.7  26.3  26.5  26.3  27.2  28.4  28.1  27.8   506   506   506   506   506   506   506   506   506   506   506   506 
2012  26.8  27.5  27.4  28.4  27.8  27.0  26.3  26.3  27.4  29.4  29.7  28.1   506   506   506   506   506   506   506   506   506   506   506   506 
2013  27.4  27.9  27.8  28.5  28.3  27.6  27.0  26.9  27.7  29.3  28.6  27.6   900   900   900   900   900   900   506   506   506   506   506   506 
2014  27.1  27.1  27.9  28.3  29.0  28.4  27.4  27.1  27.2  28.9  29.8  28.0   506   506   506   506   506   506   506   506   506   506   506   506 
2015  27.6  27.3  27.8  28.0  28.1  27.3  27.4  26.9  27.5  28.6  30.3  28.4   506   900   900   506   506   506   900   506   506   506   900   506 
2016  28.9  27.7  28.7  29.0  29.3  28.6  28.4  28.4  29.0  28.5  28.7  28.0   900   900   900   900   900   900   900   900   900   900   900   900 
2017  27.4  27.5  27.9  28.3 -99.0  28.1 -99.0  27.5  28.5  29.7  28.1 -99.0   900   900   900   900   -99   900   -99   900   900   900   900   -99 
2018 -99.0  27.1  27.7 -99.0 -99.0  28.2  27.1  27.0  28.3  29.5  29.4  28.7   -99   900   900   -99   -99   900   900   900   900   900   900   900 
2019  27.7  28.1  27.7  28.6  28.9  27.6  26.9  27.0  27.6  29.0 -99.0  29.2   900   900   900   900   900   900   900   900   900   900   -99   900 
2020  28.0  27.5  28.3  28.7 -99.0  28.2  27.7 -99.0 -99.0 -99.0 -99.0 -99.0   900   900   900   900   -99   900   900   -99   -99   -99   -99   -99 
