Number= 344760
Name= EL`TON--------------
Country= RUSSIA
Lat=   49.1
Long=  -46.8
Height= 6
Start year= 1914
End year= 2016
First Good year= 1914
Source ID= 43
Source file= Jones
Jones data to= 2016
Normals source= Data
Normals source start year= 1961
Normals source end year= 1990
Normals=  -9.2  -9.0  -2.1   9.8  17.6  22.3  24.7  22.9  16.3   7.3   0.7  -5.1 
Standard deviations source= Data
Standard deviations source start year= 1941
Standard deviations source end year= 1990
Standard deviations=   4.3   4.8   3.5   2.8   2.2   2.0   1.8   1.7   1.8   2.0   2.4   3.0 
Obs:
1914  -6.9  -1.0   4.5   7.2  18.4  21.7  26.4  21.0  14.3   6.1  -5.0  -9.8   506   506   506   506   506   506   506   506   506   506   506   506 
1915  -3.9  -5.4  -0.9   9.6  15.5  21.5  24.9  20.0  14.9   5.2   1.5  -4.1   506   506   506   506   506   506   506   506   506   506   506   506 
1916  -6.3  -9.4  -6.3   9.3  16.8  21.7  22.8  22.4  13.9   7.6  -0.7  -8.6   506   506   506   506   506   506   506   506   506   506   506   506 
1917  -9.2 -13.2  -4.7  11.3  14.0  22.3  25.4  22.4  16.2   8.7   4.4  -4.7   506   506   506   506   506   506   506   506   506   506   506   506 
1918  -6.7  -8.2  -6.0   6.8  11.3  22.5  24.7  21.1  17.6  10.8  -1.6  -9.1   506   506   506   506   506   506   506   506   506   506   506   506 
1919 -10.5  -8.0  -4.9  12.3  13.9  21.0  25.3  22.6  17.8  10.7  -1.6  -6.1   506   506   506   506   506   506   506   506   506   506   506   506 
1920  -6.6 -13.5   0.2  12.6  20.4  24.5  26.6  27.4  16.6   3.4  -5.6 -14.6   506   506   506   506   506   506   506   506   506   506   506   506 
1921  -6.8 -11.2  -1.4  11.1  23.2  26.4  25.2  23.5  14.5   6.6  -2.2  -8.4   506   506   506   506   506   506   506   506   506   506   506   506 
1922  -7.5 -12.8  -0.6   9.5  19.4  21.0  27.4  23.6  14.4   6.5   2.5  -3.4   506   506   506   506   506   506   506   506   506   506   506   506 
1923  -8.0 -10.3  -0.5   6.5  20.5  24.7  26.0  23.0  19.7   9.9   3.8  -6.5   506   506   506   506   506   506   506   506   506   506   506   506 
1924 -10.3 -15.1  -6.8   8.8  19.5  26.6  23.2  22.9  17.7   6.5  -0.7  -7.1   506   506   506   506   506   506   506   506   506   506   506   506 
1925  -8.2  -3.3   3.3   7.9  18.3  22.7  23.7  23.4  16.2   6.7   2.2  -3.7   506   506   506   506   506   506   506   506   506   506   506   506 
1926  -7.2 -13.0  -2.7   6.9  16.5  21.5  23.4  20.5  14.9   7.6   3.4  -2.1   506   506   506   506   506   506   506   506   506   506   506   506 
1927 -13.2 -10.8  -4.6  10.4  18.4  24.5  24.9  24.6  16.7  10.1  -1.2 -12.7   506   506   506   506   506   506   506   506   506   506   506   506 
1928 -11.9 -12.2 -10.6   6.1  16.2  20.6  24.3  20.1  15.1   6.0   2.0  -7.5   506   506   506   506   506   506   506   506   506   506   506   506 
1929 -12.6 -20.6  -6.8   4.5  19.0  21.2  26.3  27.3  14.1   9.2   0.6 -12.5   506   506   506   506   506   506   506   506   506   506   506   506 
1930 -10.2 -11.2   2.8   9.7  19.5  19.9  25.3  26.6  14.3   7.9   1.6 -10.0   506   506   506   506   506   506   506   506   506   506   506   506 
1931 -15.0 -18.4  -1.4   8.1  19.0  23.4  29.7  22.5  15.3   8.7  -3.1  -7.9   506   506   506   506   506   506   506   506   506   506   506   506 
1932  -6.3 -15.3  -6.1   8.8  18.5  25.0  23.0  24.3  17.6   9.6  -2.3  -4.9   506   506   506   506   506   506   506   506   506   506   506   506 
1933 -14.4 -99.0 -99.0 -99.0 -99.0 -99.0 -99.0 -99.0 -99.0 -99.0 -99.0 -99.0   506   -99   -99   -99   -99   -99   -99   -99   -99   -99   -99   -99 
1934 -14.8  -6.7  -4.0   8.4  19.0  19.7  25.8  24.3  15.4   8.9   1.2 -12.2   506   506   506   506   506   506   506   506   506   506   506   506 
1935 -14.1  -5.1  -4.6  11.9  18.2  21.3  23.9  24.5  17.3  11.2  -4.5  -8.6   506   506   506   506   506   506   506   506   506   506   506   506 
1936  -8.9 -13.7  -6.2   6.3  15.3  24.3  26.8  25.4  15.3   7.5   2.3  -3.2   506   506   506   506   506   506   506   506   506   506   506   506 
1937 -13.4  -9.6  -2.3   8.7  15.9  19.6  26.0  24.2  21.4   9.8   1.2  -3.6   506   506   506   506   506   506   506   506   506   506   506   506 
1938  -6.9  -6.8  -3.3  10.3  17.4  23.2  27.3  25.6  19.5  10.8   3.3 -13.1   506   506   506   506   506   506   506   506   506   506   506   506 
1939 -11.8  -6.6  -1.2   8.8  18.9  24.7  26.2  22.6  13.5   4.3   0.4  -3.8   506   506   506   506   506   506   506   506   506   506   506   506 
1940 -17.1 -13.6  -5.0   9.8  14.8  21.2  26.0  27.2  18.0   4.8   3.0  -5.5   506   506   506   506   506   506   506   506   506   506   506   506 
1941 -14.0  -5.9  -1.2   9.2  13.3  19.2  25.0  20.7  15.2   6.2  -6.4  -9.0   506   506   506   506   506   506   506   506   506   506   506   506 
1942 -16.4 -15.4  -9.0   4.4  16.8 -99.0 -99.0 -99.0 -99.0 -99.0 -99.0 -99.0   506   506   506   506   506   -99   -99   -99   -99   -99   -99   -99 
1943 -99.0 -99.0 -99.0 -99.0 -99.0 -99.0 -99.0 -99.0 -99.0 -99.0 -99.0 -99.0   -99   -99   -99   -99   -99   -99   -99   -99   -99   -99   -99   -99 
1944 -99.0 -99.0 -99.0 -99.0 -99.0 -99.0 -99.0 -99.0 -99.0 -99.0 -99.0 -99.0   -99   -99   -99   -99   -99   -99   -99   -99   -99   -99   -99   -99 
1945 -99.0 -99.0 -99.0 -99.0  12.9  20.5  24.0 -99.0  14.7   5.7  -2.3 -10.6   -99   -99   -99   -99   506   506   506   -99   506   506   506   506 
1946  -9.3  -1.6  -0.5   8.2  17.7  24.5  22.4  26.1  17.8   3.1  -1.6 -11.2   506   506   506   506   506   506   506   506   506   506   506   506 
1947 -13.8  -9.0   1.7   8.9  14.5  22.1  25.5  22.5  15.2   7.1   2.4  -1.6   506   506   506   506   506   506   506   506   506   506   506   506 
1948  -2.1  -3.9  -3.2   6.5  20.2  27.6  23.8  23.8  14.8   6.8   0.6  -8.4   506   506   506   506   506   506   506   506   506   506   506   506 
1949  -5.8 -10.9  -4.3   6.9  19.2  24.3  25.3  22.8  14.5   5.1  -0.6  -7.1   506   506   506   506   506   506   506   506   506   506   506   506 
1950 -19.2 -10.9  -2.6  13.5  19.0  20.4  21.9  21.0  18.0   7.0  -0.2  -6.5   506   506   506   506   506   506   506   506   506   506   506   506 
1951 -13.0 -17.8  -1.3  14.8  16.9  24.2  26.0  26.5  16.8   4.2  -2.3  -4.7   506   506   506   506   506   506   506   506   506   506   506   506 
1952  -8.6  -8.4  -7.7   4.0  16.4  22.0  25.1  24.8  16.9   9.1  -1.0  -7.9   506   506   506   506   506   506   506   506   506   506   506   506 
1953  -9.7 -10.3  -5.2   7.3  17.1  23.6  24.8  26.0  15.2   5.5  -5.9  -7.3   506   506   506   506   506   506   506   506   506   506   506   506 
1954 -16.1 -23.6  -8.2   7.9  18.2  24.9  29.1  24.1  17.1   9.1   2.0  -4.3   506   506   506   506   506   506   506   506   506   506   506   506 
1955  -5.7  -2.0  -3.2   7.5  18.2  24.5  25.4  22.5  16.9  11.5  -2.1  -7.4   506   506   506   506   506   506   506   506   506   506   506   506 
1956  -9.5 -18.2  -9.4   8.0  15.3  23.8  22.0  24.1  12.8   9.4  -3.3  -5.7   506   506   506   506   506   506   506   506   506   506   506   506 
1957 -11.7  -4.2  -3.1  11.0  22.1  24.5  24.5  24.8  19.4   6.8  -1.8  -2.8   506   506   506   506   506   506   506   506   506   506   506   506 
1958  -6.7  -4.2  -1.6   7.6  17.3  21.3  23.4  23.1  12.5   6.9  -1.8  -5.4   506   506   506   506   506   506   506   506   506   506   506   506 
1959  -7.3 -11.6  -6.1   9.7  18.7  22.4  27.0  21.5  13.3   3.6  -5.9 -11.8   506   506   506   506   506   506   506   506   506   506   506   506 
1960  -4.8  -7.3  -6.5   8.9  14.0  23.6  25.9  22.6  14.1   8.0  -2.3  -2.4   506   506   506   506   506   506   506   506   506   506   506   506 
1961  -8.5  -5.4   0.4   8.4  16.8  24.2  24.4  23.4  13.5   7.0  -0.8  -2.8   506   506   506   506   506   506   506   506   506   506   506   506 
1962  -5.8  -8.3   3.2  10.6  18.8  21.8  26.4  22.3  16.5   8.2   1.1  -5.4   506   506   506   506   506   506   506   506   506   506   506   506 
1963  -9.7  -8.5  -6.1   9.2  19.1  20.4  24.9  22.0  17.9   8.7   2.0  -8.2   506   506   506   506   506   506   506   506   506   506   506   506 
1964 -10.2 -12.3  -6.4   5.0  14.5  21.4  23.8  21.5  16.8   8.0   0.5  -3.0   506   506   506   506   506   506   506   506   506   506   506   506 
1965  -9.8 -10.6  -1.2   4.7  16.5  22.2  25.5  22.8  16.9   5.3   0.2  -0.3   506   506   506   506   506   506   506   506   506   506   506   506 
1966  -6.8  -3.1   2.4  12.2  18.5  21.9  28.1  26.3  15.7   7.9   0.5 -10.3   506   506   506   506   506   506   506   506   506   506   506   506 
1967 -11.0 -13.1  -2.5  13.6  21.1  21.0  23.5  24.4  13.8   9.6   2.6  -5.4   506   506   506   506   506   506   506   506   506   506   506   506 
1968  -8.7  -9.1  -1.4   8.9  19.2  22.1  22.2  22.9  17.3   6.4  -1.8  -8.4   506   506   506   506   506   506   506   506   506   506   506   506 
1969 -19.0 -17.0  -6.2   9.2  15.4  22.9  21.9  23.0  16.0   6.1   2.7  -7.2   506   506   506   506   506   506   506   506   506   506   506   506 
1970 -11.2  -4.6   0.1  11.1  16.9  20.4  25.7  20.8  15.8   7.4   1.2  -9.5   506   506   506   506   506   506   506   506   506   506   506   506 
1971  -4.4 -12.6  -5.6   7.4  15.9  21.5  26.8  23.3  21.0   7.6   4.1  -3.6   506   506   506   506   506   506   506   506   506   506   506   506 
1972 -18.4 -12.2  -3.4  12.3  19.2  25.4  28.3  27.7  16.9   8.7   2.4  -3.9   506   506   506   506   506   506   506   506   506   506   506   506 
1973 -13.0  -3.0   0.0  12.6  19.7  22.3  22.8  21.0  11.9   7.6   1.6  -2.2   506   506   506   506   506   506   506   506   506   506   506   506 
1974 -11.6  -9.4  -1.7   8.0  17.2  21.0  23.1  21.6  18.1  12.2   1.7  -5.0   506   506   506   506   506   506   506   506   506   506   506   506 
1975  -4.0  -8.0   0.2  14.6  21.3  26.6  26.0  22.6  18.2   6.2  -1.5  -2.6   506   506   506   506   506   506   506   506   506   506   506   506 
1976  -7.4 -14.8  -6.9  11.0  16.0  21.0  20.8  23.1  15.2   1.1  -0.8  -7.0   506   506   506   506   506   506   506   506   506   506   506   506 
1977 -16.2  -8.0   2.4  12.1  19.6  23.9  24.1  22.2  14.9   4.6   2.9  -7.7   506   506   506   506   506   506   506   506   506   506   506   506 
1978  -6.7  -9.2   1.8   9.1  14.6  18.1  22.3  22.2  16.4   6.3   1.5  -8.4   506   506   506   506   506   506   506   506   506   506   506   506 
1979 -10.8  -6.8  -0.1   7.7  20.7  21.0  24.2  25.2  17.9   7.1   0.8  -2.5   506   506   506   506   506   506   506   506   506   506   506   506 
1980 -14.2 -11.4  -7.5   8.7  16.9  22.3  25.4  21.0  16.0   6.5   0.8  -0.4   506   506   506   506   506   506   506   506   506   506   506   506 
1981  -5.1  -4.5  -1.0   6.4  15.4  24.7  27.0  24.1  16.0   9.6   1.6  -1.4   506   506   506   506   506   506   506   506   506   506   506   506 
1982  -5.8 -12.1  -2.1  11.2  16.5  18.9  24.9  22.3  17.2   6.5   0.5  -1.2   506   506   506   506   506   506   506   506   506   506   506   506 
1983  -4.0  -1.3  -0.5  14.2  18.1  20.6  25.6  22.1  17.0   9.2   0.4  -3.7   506   506   506   506   506   506   506   506   506   506   506   506 
1984  -5.0 -14.9  -2.7   8.7  21.4  22.9  27.1  21.7  18.2   8.6  -0.4 -11.6   506   506   506   506   506   506   506   506   506   506   506   506 
1985  -9.3  -9.2  -8.7   8.1  19.3  21.4  22.2  25.7  15.6   6.4   1.0  -4.4   506   506   506   506   506   506   506   506   506   506   506   506 
1986  -4.5 -13.2  -4.0  13.4  17.0  23.6  24.5  24.5  16.6   7.4  -2.4  -6.4   506   506   506   506   506   506   506   506   506   506   506   506 
1987 -13.6  -9.7  -8.3   3.2  18.3  25.1  24.1  20.9  13.5   5.3  -2.9  -6.6   506   506   506   506   506   506   506   506   506   506   506   506 
1988  -9.8 -10.7  -2.1   8.8  15.7  25.7  26.8  23.2  15.9   7.5  -2.1  -5.6   506   506   506   506   506   506   506   506   506   506   506   506 
1989  -5.9  -3.2  -1.0  10.4  14.4  23.7  24.3  22.9  17.8   8.9   0.5  -3.5   506   506   506   506   506   506   506   506   506   506   506   506 
1990  -6.5  -3.7   4.9  11.9  15.0  19.6  23.8  19.9  15.9   8.5   3.4  -3.5   506   506   506   506   506   506   506   506   506   506   506   506 
1991  -5.0  -8.7  -1.6  11.1  18.5  24.1  26.0  22.5  15.5  11.7   0.2  -7.4   506   506   506   506   506   506   506   506   506   506   506   506 
1992  -4.9  -6.4   0.2   8.6  14.8  22.6  23.3  22.3  16.1   6.6   1.4  -6.2   506   506   506   506   506   506   506   506   506   506   506   506 
1993  -5.1  -7.4  -2.2   8.3  16.7  19.4  23.2  21.8  12.6   7.1  -8.5  -5.1   506   506   506   506   506   506   506   506   506   506   506   506 
1994  -4.4 -16.1  -4.0  10.7  15.7  19.9  21.7  22.1  19.2  10.5  -0.2  -8.5   506   506   506   506   506   506   506   506   506   506   506   506 
1995  -6.8  -1.3   3.7  14.7  19.8  26.3  24.5  22.7  17.9   8.8   3.5  -6.4   506   506   506   506   506   506   506   506   506   506   506   506 
1996 -13.9 -10.2  -6.1   8.3  20.6  22.5  26.8  23.8  15.5   7.3   2.9  -6.7   506   506   506   506   506   506   506   506   506   506   506   506 
1997 -11.4  -7.5   1.4   9.5  16.7  23.2  23.4  22.9  14.2   9.5  -1.1  -8.3   506   506   506   506   506   506   506   506   506   506   506   506 
1998  -9.9  -9.3  -0.2   8.8  17.3  26.6  27.2  23.7  16.8   9.4  -2.8  -5.7   506   506   506   506   506   506   506   506   506   506   506   506 
1999  -3.6  -2.6   1.4  12.2  14.0  23.8  26.7  25.0  15.6  10.0  -5.5  -0.4   506   506   506   506   506   506   506   506   506   506   506   506 
2000  -4.9  -0.6   2.5  13.2  13.1  21.3  25.6  24.0  14.9   7.0  -1.9  -1.6   506   506   506   506   506   506   506   506   506   506   506   506 
2001  -2.5  -4.1   2.6  12.3  16.7  20.8  27.9  23.1  16.3   6.4   2.5  -8.1   506   506   506   506   506   506   506   506   506   506   506   506 
2002  -5.0   0.7   4.6   8.0  14.0  21.0  27.9  21.9  19.2   8.5   2.1 -14.5   506   506   506   506   506   506   506   506   506   506   506   506 
2003  -5.2  -9.5  -3.1   7.8  18.4  17.9  23.7  24.1  15.9   9.8   1.5  -2.4   506   506   506   506   506   506   506   506   506   506   506   506 
2004  -4.9  -4.1   3.7   9.5  16.6  21.8  23.0  25.3  18.4   8.9   2.0  -3.3   506   506   506   506   506   506   506   506   506   506   506   506 
2005  -4.0  -6.8  -1.9  10.3  20.0  22.0  24.4  24.0  19.0  10.2   2.1  -2.1   506   506   506   506   506   506   506   506   506   506   506   506 
2006 -14.8 -10.4   1.0  10.8  17.2  25.3  23.4  26.8  18.0   9.6   1.1  -1.4   506   506   506   506   506   506   506   506   506   506   506   506 
2007   1.6  -5.5   2.7   9.1  19.2  23.3  25.3  28.7  18.2   9.1  -1.0  -9.5   506   506   506   506   506   506   506   506   506   506   506   506 
2008 -12.9  -7.7   5.0  12.0  17.3  21.1  25.1  25.3  15.7  10.2   3.3  -5.6   506   506   506   506   506   506   506   506   506   506   506   506 
2009  -9.6  -4.7   1.8   7.8  16.7  25.5  27.2  21.0  18.0  10.7   1.5  -5.7   506   506   506   506   506   506   506   506   506   506   506   506 
2010 -11.1  -9.4  -1.2   9.6  19.4  27.0  30.3  28.8  19.2   6.9   6.1   0.5   506   506   506   506   506   506   506   506   506   506   506   506 
2011  -8.1 -13.1  -4.4   9.0  19.1  23.3  30.5  24.8  16.4   8.6  -2.8  -3.5   506   506   506   506   506   506   506   506   506   506   506   506 
2012  -8.7 -15.2  -4.7  15.8  21.6  25.5  26.7  25.6  17.3  11.1   1.8  -6.4   506   506   506   506   506   506   506   506   506   506   506   506 
2013  -6.2  -4.9   0.6  11.0  21.7  23.4  24.4  23.9  15.3   7.7   4.2  -3.3   506   506   506   506   506   506   506   506   506   506   506   506 
2014  -8.2  -9.0   1.1   8.9  21.7  23.1  25.6  27.0  16.7   5.9  -2.8  -3.9   506   506   506   506   506   506   506   506   506   506   506   506 
2015  -7.8  -5.1   0.8   9.7  18.9  26.4  25.6  23.7  20.3   6.5   2.9   0.1   506   506   506   506   506   506   506   506   506   506   506   506 
2016  -8.0   0.2   3.5  11.6  17.9  23.4  25.9  28.0  15.4 -99.0 -99.0 -99.0   506   506   506   506   506   506   506   506   506   -99   -99   -99 
