Number= 672830
Name= QUELIMANE
Country= MOZAMBIQUE
Lat=  -17.9
Long=  -36.9
Height= 6
Start year= 1926
End year= 2020
First Good year= 1926
Source ID= 10
Source file= Jones
Jones data to= 2012
Normals source= Data
Normals source start year= 1961
Normals source end year= 1990
Normals=  27.6  27.4  27.0  25.7  23.4  21.2  20.7  21.8  23.7  25.4  26.7  27.2 
Standard deviations source= Data
Standard deviations source start year= 1941
Standard deviations source end year= 1990
Standard deviations=   0.6   0.5   0.6   0.6   0.8   0.8   0.7   0.7   0.7   0.9   0.8   0.8 
Obs:
1926  27.4  28.9  27.6  25.4  23.0  21.2  20.6  21.2  23.2  26.0  27.7  27.6   506   506   506   506   506   506   506   506   506   506   506   506 
1927  27.6  27.6  26.5  25.4  22.7  20.7  20.9  21.2  23.3  25.8  27.6  27.6   506   506   506   506   506   506   506   506   506   506   506   506 
1928  28.4  27.7  27.4  25.6  22.7  22.2  20.2  21.5  24.4  26.2  28.1  27.6   506   506   506   506   506   506   506   506   506   506   506   506 
1929  27.7  27.3  26.9  25.3  23.4  22.0  21.4  21.3  24.9  27.5  28.9  27.7   506   506   506   506   506   506   506   506   506   506   506   506 
1930  26.9  26.6  27.5  25.6  22.5  20.5 -99.0 -99.0 -99.0  24.7  27.5  28.4   506   506   506   506   506   506   -99   -99   -99   506   506   506 
1931  27.8 -99.0  27.5  26.0  25.0  21.5  21.3  23.1  24.5  27.1  27.2  27.6   506   -99   506   506   506   506   506   506   506   506   506   506 
1932  27.8  28.0  26.9  25.8  22.8  21.4  20.4  21.1  24.8  26.3  26.6  27.5   506   506   506   506   506   506   506   506   506   506   506   506 
1933  27.5  27.4  27.0  25.0  23.1  22.2  21.0  21.4  22.6  25.9  27.8  26.7   506   506   506   506   506   506   506   506   506   506   506   506 
1934  27.8  27.1  27.0  26.1  24.0  21.9  21.3  22.4  23.0  25.7  26.7  26.7   506   506   506   506   506   506   506   506   506   506   506   506 
1935  27.0  26.2  26.3  24.2  23.5  20.2  20.2  19.7  23.8  26.3  26.3  26.5   506   506   506   506   506   506   506   506   506   506   506   506 
1936  27.4  27.9  27.2  25.2  23.6  21.3  20.9  21.1  22.8  26.2  27.3  27.0   506   506   506   506   506   506   506   506   506   506   506   506 
1937  27.4  27.9  27.2  25.5  23.5  21.1  20.4  21.2  23.8  25.7  27.4  27.1   506   506   506   506   506   506   506   506   506   506   506   506 
1938  27.3  27.2  26.5  26.1  23.3  21.7  20.9  21.3  23.8  26.9  27.3  27.4   506   506   506   506   506   506   506   506   506   506   506   506 
1939  26.9  28.1  26.3  25.4  23.8  20.7  20.2  22.1  23.1  26.1  27.1  27.1   506   506   506   506   506   506   506   506   506   506   506   506 
1940  27.4  27.1  27.5  26.1  23.5  21.7  20.0  21.6  24.6  25.1  27.6  28.5   506   506   506   506   506   506   506   506   506   506   506   506 
1941  27.4  27.8  26.7  26.9  24.5  22.0  20.8  22.4  24.8  27.5  28.5  28.6   506   506   506   506   506   506   506   506   506   506   506   506 
1942  28.4  28.1  27.9  25.7  23.5  22.7  21.5  22.9  24.3  25.3  26.7  27.5   506   506   506   506   506   506   506   506   506   506   506   506 
1943  27.1  27.2  26.9  26.4 -99.0  21.0  21.4  23.0  23.9  26.7  28.3  27.2   506   506   506   506   -99   506   506   506   506   506   506   506 
1944  28.4  27.5  26.5  25.4  23.0 -99.0 -99.0  22.8  23.7  26.1 -99.0 -99.0   506   506   506   506   506   -99   -99   506   506   506   -99   -99 
1945 -99.0 -99.0  27.4  25.5  23.2  20.4  20.3  21.2  22.6  26.0  26.2  27.4   -99   -99   506   506   506   506   506   506   506   506   506   506 
1946  27.7  26.9  26.4  26.1  23.0  21.1  20.7  20.8  24.2  26.0  26.3  27.2   506   506   506   506   506   506   506   506   506   506   506   506 
1947  27.9  28.0  26.4  26.6  23.4  21.6  21.1  22.2  24.3  26.7  28.5  28.1   506   506   506   506   506   506   506   506   506   506   506   506 
1948  28.0  27.5  27.7  26.3  23.8  21.9  21.8  21.9  24.0  26.9  27.5  28.1   506   506   506   506   506   506   506   506   506   506   506   506 
1949  29.1  27.3  26.8  25.7  23.9  21.2  21.2  22.3  24.2  25.8  28.0  27.7   506   506   506   506   506   506   506   506   506   506   506   506 
1950  27.6  28.0  27.5  26.7  22.8  21.4  21.9  21.7  23.8  24.6  26.5  28.5   506   506   506   506   506   506   506   506   506   506   506   506 
1951  26.6  27.0  26.8  25.9  23.6  21.1  19.6  21.8  23.5  26.8  26.7  28.0   506   506   506   506   506   506   506   506   506   506   506   506 
1952  27.5  27.8  26.8  25.9  22.8  21.5  21.3  22.8  24.6  26.4  26.6  27.5   506   506   506   506   506   506   506   506   506   506   506   506 
1953  27.8  27.9  27.2  26.2  23.3  20.7  20.2  21.9  22.0  25.7  27.5  27.5   506   506   506   506   506   506   506   506   506   506   506   506 
1954  27.6  27.7  26.4  25.4  23.9  20.3  20.9  21.8  24.1  26.6  26.9  28.0   506   506   506   506   506   506   506   506   506   506   506   506 
1955  27.8  27.7  26.5  25.2  23.1  21.1  21.3  21.6  23.2  26.0  27.0  27.4   506   506   506   506   506   506   506   506   506   506   506   506 
1956  26.6  27.9  27.4  25.6  24.6  22.7  21.0  23.0  23.5  25.6  26.5  26.5   506   506   506   506   506   506   506   506   506   506   506   506 
1957  27.7  28.4  27.2  26.1  23.7  22.0  22.0  22.9  25.5  27.0  29.1  27.1   506   506   506   506   506   506   506   506   506   506   506   506 
1958  27.8  27.7  27.5  26.6  24.3  22.3  20.5  21.5  24.6  26.1  28.2  28.2   506   506   506   506   506   506   506   506   506   506   506   506 
1959  27.5  27.6  27.2  26.1  25.6  22.4  22.0  22.5  23.6  25.8  26.4  28.0   506   506   506   506   506   506   506   506   506   506   506   506 
1960  26.8  27.7  26.4  25.5  23.9  22.4  20.8  23.0  24.5  26.6  27.3  28.3   506   506   506   506   506   506   506   506   506   506   506   506 
1961  27.8  27.9  27.8  27.1  25.3  22.6  22.0  21.9  24.6  26.0  26.2  26.7   506   506   506   506   506   506   506   506   506   506   506   506 
1962  27.3  27.4  26.5  26.2  22.5  22.2  21.0  22.6  23.9  26.2  27.6  27.2   506   506   506   506   506   506   506   506   506   506   506   506 
1963  27.1  26.7  26.1  25.6  22.4  20.5  21.2  21.7  24.0  25.6  26.5  27.8   506   506   506   506   506   506   506   506   506   506   506   506 
1964  27.4  28.1  27.5  25.4  22.8  21.0  20.1  21.5  23.1  26.3  26.8  26.2   506   506   506   506   506   506   506   506   506   506   506   506 
1965  26.6  27.9  26.7  25.3  22.8  20.5  20.2  22.0  23.5  24.0  26.6  27.4   506   506   506   506   506   506   506   506   506   506   506   506 
1966  28.0  27.4  27.0  25.8  23.1  21.9  21.8  22.6  24.1  24.8  26.9  28.0   506   506   506   506   506   506   506   506   506   506   506   506 
1967  27.8  27.7  26.9  26.3  24.3  23.0  20.4  22.0  23.3  26.0  26.5  26.3   506   506   506   506   506   506   506   506   506   506   506   506 
1968  27.6  27.0  26.3  25.0  23.3  19.8  21.2  22.8  23.6  26.0  25.7  27.2   506   506   506   506   506   506   506   506   506   506   506   506 
1969  28.2  28.4  28.1  26.3  23.3  21.9  21.0  22.5  23.6  26.9  27.5  27.0   506   506   506   506   506   506   506   506   506   506   506   506 
1970  28.2  27.3  26.9  25.0  23.7  21.7  21.6  23.2  25.2  25.5  27.2  28.0   506   506   506   506   506   506   506   506   506   506   506   506 
1971  27.6  26.9  27.3  26.7  23.4  21.0  21.1  22.5  23.8  25.6  26.3  27.6   506   506   506   506   506   506   506   506   506   506   506   506 
1972  27.9  27.3  27.1  26.1  23.8  20.5  20.6  21.1  24.2  25.6  25.7  28.8   506   506   506   506   506   506   506   506   506   506   506   506 
1973  28.0  27.8  27.7  25.5  23.4  21.5  20.7  21.8  24.3  26.2  27.1  26.7   506   506   506   506   506   506   506   506   506   506   506   506 
1974  27.1  26.6  26.1  24.2  22.6  20.3  20.5  22.0  22.4  24.8  27.0  26.6   506   506   506   506   506   506   506   506   506   506   506   506 
1975  26.7  26.1  26.0  25.2  23.3  20.7  19.9  20.5  22.1  23.9  25.8  27.1   506   506   506   506   506   506   506   506   506   506   506   506 
1976  26.8  26.8  26.8  25.2  22.9  21.3  19.9  19.9  23.0  24.7  27.6  26.6   506   506   506   506   506   506   506   506   506   506   506   506 
1977  27.2  27.7  26.5  24.8  23.0  20.5  20.6  21.4  23.9  25.9  26.2  27.5   506   506   506   506   506   506   506   506   506   506   506   506 
1978  28.2  27.9  27.2  25.5  23.1  21.0  19.4  23.0  24.1  26.6  26.7  26.0   506   506   506   506   506   506   506   506   506   506   506   506 
1979  27.2  26.8  26.9  25.4  22.3  20.8  20.4  21.8  24.0  26.4  26.4  26.6   506   506   506   506   506   506   506   506   506   506   506   506 
1980  27.1  28.0  26.3  25.8  22.9  20.2  19.5  21.0  23.5  24.5  27.8  27.1   506   506   506   506   506   506   506   506   506   506   506   506 
1981  28.2  27.5  26.9  24.6  22.1  20.0  19.3  21.2  22.5  23.2  26.6  25.7   506   506   506   506   506   506   506   506   506   506   506   506 
1982  27.5  27.0  26.4  25.0  22.0  21.0  20.5  21.3  22.4  24.5  26.0  27.4   506   506   506   506   506   506   506   506   506   506   506   506 
1983  27.9  27.4  28.3  26.0  25.3  22.6  21.8  21.1  24.0  24.6  27.8  27.5   506   506   506   506   506   506   506   506   506   506   506   506 
1984  27.5  27.5  27.4  25.4  24.7  21.5  21.9  21.4  23.6  26.0  26.2  27.1   506   506   506   506   506   506   506   506   506   506   506   506 
1985  28.0  27.9  27.8  25.6  22.9  20.7  20.7  21.6  24.7  25.8  26.5  27.4   506   506   506   506   506   506   506   506   506   506   506   506 
1986  27.3  27.8  27.3  26.3  23.5  20.8  20.6  21.7  23.4  25.2  26.2  27.3   506   506   506   506   506   506   506   506   506   506   506   506 
1987  27.5  28.3  27.6  25.7  24.1  20.9  20.3  22.4  24.8  24.5  27.7  30.2   506   506   506   506   506   506   506   506   506   506   506   506 
1988  29.0  27.4  27.8  27.4  24.0  22.4  21.6  21.8  23.7  26.1  25.3  26.3   506   506   506   506   506   506   506   506   506   506   506   506 
1989  27.1  26.8  27.0  25.8  23.5  21.4  21.0  22.5  23.9  25.6  27.6  27.4   506   506   506   506   506   506   506   506   506   506   506   506 
1990  27.7  27.5  26.7  26.0  24.3  22.9  20.8  21.1  23.0  25.8  26.7  27.6   506   506   506   506   506   506   506   506   506   506   506   506 
1991  28.0  27.5  27.2  25.5  23.1  21.2  20.8  21.6  23.9  24.2  25.8  26.2   506   506   506   506   506   506   506   506   506   506   506   506 
1992  27.8  27.2  27.3  25.5  23.9  21.9  20.6  21.4  23.6  26.6 -99.0  29.6   506   506   506   506   506   506   506   506   506   506   -99   506 
1993  27.4  28.0  26.2  26.5 -99.0  21.9 -99.0  21.8  23.4  26.3  26.9  29.2   506   506   506   506   -99   506   -99   506   506   506   506   506 
1994  28.2  26.8  26.5  25.4  23.0  21.8  21.0  21.7  23.7  24.7  28.1  27.6   506   506   506   506   506   506   506   506   506   506   506   506 
1995  27.8 -99.0 -99.0 -99.0 -99.0 -99.0 -99.0  22.5  23.6  28.5  28.0  27.4   506   -99   -99   -99   -99   -99   -99   506   506   506   506   506 
1996  28.1  28.0  27.1  25.3  24.1  21.3  21.3  22.8  24.1  26.1  28.9  27.8   506   506   506   506   506   506   506   506   506   506   506   506 
1997  28.5  27.3  28.2  24.9  22.3  23.3  21.4  21.5  24.6  25.3  25.9  28.1   506   506   506   506   506   506   506   506   506   506   506   506 
1998  28.8  28.1  28.7  25.9  24.0  21.9  20.8  22.1  23.6  26.1  28.2  27.9   506   506   506   506   506   506   506   506   506   506   506   506 
1999  27.9  27.6  27.7  26.2  23.7  22.1  21.2  22.2  23.9  24.3  27.6  28.2   506   506   506   506   506   506   506   506   506   506   506   506 
2000 -99.0 -99.0 -99.0 -99.0 -99.0 -99.0 -99.0 -99.0 -99.0 -99.0 -99.0 -99.0   -99   -99   -99   -99   -99   -99   -99   -99   -99   -99   -99   -99 
2001 -99.0 -99.0 -99.0 -99.0 -99.0 -99.0 -99.0 -99.0 -99.0 -99.0 -99.0 -99.0   -99   -99   -99   -99   -99   -99   -99   -99   -99   -99   -99   -99 
2002 -99.0 -99.0 -99.0 -99.0 -99.0 -99.0 -99.0 -99.0  24.1 -99.0 -99.0 -99.0   -99   -99   -99   -99   -99   -99   -99   -99   506   -99   -99   -99 
2003 -99.0  27.6 -99.0 -99.0 -99.0 -99.0  20.6  21.3 -99.0 -99.0 -99.0 -99.0   -99   506   -99   -99   -99   -99   506   506   -99   -99   -99   -99 
2004 -99.0 -99.0  27.2  24.9  22.6  20.7  20.6 -99.0 -99.0 -99.0 -99.0 -99.0   -99   -99   506   506   506   506   506   -99   -99   -99   -99   -99 
2005 -99.0 -99.0 -99.0 -99.0 -99.0 -99.0 -99.0  22.9 -99.0  26.8  28.4 -99.0   -99   -99   -99   -99   -99   -99   -99   506   -99   506   506   -99 
2006 -99.0 -99.0 -99.0 -99.0 -99.0 -99.0 -99.0 -99.0  23.4 -99.0  27.1  29.1   -99   -99   -99   -99   -99   -99   -99   -99   506   -99   506   506 
2007  27.6 -99.0 -99.0 -99.0  23.6  22.1 -99.0  22.2 -99.0 -99.0  28.5  28.0   506   -99   -99   -99   506   506   -99   506   -99   -99   506   506 
2008  28.0 -99.0 -99.0 -99.0 -99.0  20.8  21.1  22.5  24.6  26.4  28.5  28.6   506   -99   -99   -99   -99   506   506   506   506   506   506   506 
2009  28.8  28.2  26.9  25.4  23.3  20.7  20.7  21.8  24.7  26.2  27.4 -99.0   506   506   506   506   506   506   506   506   506   506   506   -99 
2010 -99.0 -99.0 -99.0 -99.0  23.9  23.9  21.7  21.7  21.7  27.1  27.1 -99.0   -99   -99   -99   -99   506   506   506   506   506   506   506   -99 
2011 -99.0 -99.0 -99.0 -99.0  24.4 -99.0 -99.0  20.8  23.9  25.9  26.2  24.3   -99   -99   -99   -99   506   -99   -99   506   506   506   506   506 
2012  26.4 -99.0  27.6  24.8  23.3  21.8  20.8  22.8  25.0  26.4  26.8  27.6   506   -99   506   506   506   506   506   506   506   902   506   506 
2013  28.0  27.3  27.2  25.1  23.0  22.0  20.6  22.7  25.0  25.2  27.9  27.9   900   900   900   900   900   902   902   900   900   900   900   900 
2014  27.8  27.9  28.2  25.7  23.9  22.1  21.8  22.6  23.9  25.6  27.2  28.3   900   900   900   900   900   900   900   900   900   900   900   900 
2015 -99.0 -99.0  27.3  25.8  23.7  22.1 -99.0  22.5  24.8  27.0  28.1  29.2   -99   -99   900   900   900   900   -99   900   900   900   900   900 
2016  27.3  28.6  28.5 -99.0  23.0  21.1  21.7  22.0  25.2  27.4  28.1  28.6   900   900   900   -99   900   900   900   900   900   900   900   902 
2017  28.3  28.5 -99.0  25.7  24.1  22.5 -99.0 -99.0  23.9  26.6  26.9  27.2   900   900   -99   900   900   903   -99   -99   900   900   903   900 
2018  27.6  27.8  27.8  26.1  24.6  21.9  21.2  24.7  25.5  25.3  26.6  27.8   900   900   900   900   900   900   900   900   900   900   900   900 
2019  27.8  28.1 -99.0 -99.0  23.9  22.2  21.5  23.2  23.9  27.5  28.3 -99.0   900   900   -99   -99   900   900   900   900   900   900   900   -99 
2020  27.9  28.6  27.3  26.3  23.7  22.2  21.2  22.4  24.2  25.8  28.6 -99.0   900   900   900   900   900   900   900   900   900   900   900   -99 
