Number= 675630
Name= KAFIRONDA MET
Country= ZAMBIA
Lat=  -12.6
Long=  -28.1
Height= 1243
Start year= 1967
End year= 1992
First Good year= 1967
Source ID= 82
Source file= Jones
Jones data to= 1992
Normals source= Data
Normals source start year= 1967
Normals source end year= 1990
Normals=  21.9  22.0  21.9  20.6  17.6  14.8  14.7  17.2  20.5  22.8  22.8  22.1 
Standard deviations source= Data
Standard deviations source start year= 1967
Standard deviations source end year= 1990
Standard deviations=   0.5   0.5   0.5   0.7   0.7   1.0   0.6   0.7   0.6   0.6   0.6   0.6 
Obs:
1967  21.9  21.6  21.7  20.9  17.6  16.4  14.0  16.6  19.7  22.8  22.2  21.4   506   506   506   506   506   506   506   506   506   506   506   506 
1968  21.5  21.3  20.6  19.9  17.0  14.8  15.4  17.4  20.1  22.8  22.2  21.7   506   506   506   506   506   506   506   506   506   506   506   506 
1969  22.1  21.8  22.1  21.3  17.8  14.9  15.0  18.1  20.7  23.7  23.3  21.1   506   506   506   506   506   506   506   506   506   506   506   506 
1970  20.6  21.2  21.2  20.6  17.0  15.5  15.3  17.8  20.5  22.4  22.1  21.2   506   506   506   506   506   506   506   506   506   506   506   506 
1971  21.1  21.1  21.1  21.2  17.1  14.3  15.0  16.9  19.8  22.0  22.1  21.7   506   506   506   506   506   506   506   506   506   506   506   506 
1972  21.8  21.7  21.8  20.6  19.1  14.3  14.4  16.4  21.1  23.1  22.5  22.8   506   506   506   506   506   506   506   506   506   506   506   506 
1973  22.2  22.6  22.7  20.3  17.4  13.8  14.3  16.4  20.3  23.3  21.9  21.4   506   506   506   506   506   506   506   506   506   506   506   506 
1974  21.0  21.7  21.1  19.6  18.1  14.1  14.4  17.6  20.0  22.9  22.9  22.1   506   506   506   506   506   506   506   506   506   506   506   506 
1975  21.5 -99.0 -99.0 -99.0 -99.0 -99.0 -99.0  16.4  20.0  21.1  22.9  21.9   506   -99   -99   -99   -99   -99   -99   506   506   506   506   506 
1976  21.4  21.6  21.5  20.7  16.5  14.0  13.8  15.3  20.3  22.3  22.9  22.2   506   506   506   506   506   506   506   506   506   506   506   506 
1977  21.9  22.0  21.7  20.2  18.3  14.7  14.8  17.3  21.0  23.6  23.1  22.2   506   506   506   506   506   506   506   506   506   506   506   506 
1978  22.0  22.3  21.8  21.1  17.5  14.6  13.9  17.9  21.2  23.3  22.4  21.6   506   506   506   506   506   506   506   506   506   506   506   506 
1979  21.9  22.4  21.8  20.6  16.9  14.1  14.6  17.6  20.5  22.3  22.4  21.8   506   506   506   506   506   506   506   506   506   506   506   506 
1980  22.2  22.6  21.8  21.0  16.6  13.6  14.3  17.2  21.0  22.2 -99.0  21.7   506   506   506   506   506   506   506   506   506   506   -99   506 
1981  21.1  21.1  21.9  19.5  16.9  14.6  13.8  17.4 -99.0  22.4  23.4  22.6   506   506   506   506   506   506   506   506   -99   506   506   506 
1982  21.9  22.1  22.2  21.0  17.1  15.6  14.8  16.9  20.2  22.6  22.7  22.5   506   506   506   506   506   506   506   506   506   506   506   506 
1983  22.7  22.0  22.8  21.3  19.1  16.5  16.2  16.7  20.4  22.8  23.7  22.2   506   506   506   506   506   506   506   506   506   506   506   506 
1984  22.1  22.0  22.2  19.9  17.6  15.3  14.9 -99.0 -99.0  23.1  22.7  21.9   506   506   506   506   506   506   506   -99   -99   506   506   506 
1985  22.3  21.7  22.1  19.1  17.4  13.9  14.3  16.6  20.8  22.2  22.4  22.4   506   506   506   506   506   506   506   506   506   506   506   506 
1986  22.1  21.9  22.2  21.0  17.6  14.1  13.9  17.3  20.4  22.9  22.4  22.5   506   506   506   506   506   506   506   506   506   506   506   506 
1987  22.3  22.9  22.5 -99.0  18.7  13.5  14.6  18.9  22.0  22.8  24.1  23.5   506   506   506   -99   506   506   506   506   506   506   506   506 
1988  22.8  23.0  22.5  21.7  17.1  16.9  15.7  17.5  20.9  23.4  22.9  22.3   506   506   506   506   506   506   506   506   506   506   506   506 
1989  21.7  22.2  21.9  20.3  17.1  14.6  14.7  17.8  20.4  23.1  23.4  22.9   506   506   506   506   506   506   506   506   506   506   506   506 
1990  22.4  22.4  21.7  21.2  18.8  16.5  14.9  16.5  19.6  23.4  23.6  22.9   506   506   506   506   506   506   506   506   506   506   506   506 
1991  22.6  22.7  22.7  20.1  19.1  14.4  14.8  16.7  20.5  21.7  23.2  22.2   506   506   506   506   506   506   506   506   506   506   506   506 
1992  22.4  22.6  22.8  21.2  19.0  14.9  14.9  16.4  20.3  23.4  23.6  22.9   506   506   506   506   506   506   506   506   506   506   506   506 
