Number= 676620
Name= KABWE AGROMET
Country= ZAMBIA
Lat=  -14.4
Long=  -28.5
Height= 1165
Start year= 1977
End year= 1993
First Good year= 1977
Source ID= 82
Source file= Jones
Jones data to= 1993
Normals source start year= 1977
Normals source end year= 1990
Normals= -99.0 -99.0 -99.0 -99.0 -99.0 -99.0 -99.0 -99.0 -99.0 -99.0 -99.0 -99.0 
Standard deviations source= Data
Standard deviations source start year= 1977
Standard deviations source end year= 1990
Obs:
1977 -99.0 -99.0 -99.0 -99.0 -99.0 -99.0  15.9  18.6  23.0  25.2  24.3  22.0   -99   -99   -99   -99   -99   -99   506   506   506   506   506   506 
1978  21.9  21.9  21.5  20.7  18.1  15.2  15.0  19.4  22.9  24.2  23.0  22.1   506   506   506   506   506   506   506   506   506   506   506   506 
1979  22.2  22.6  21.8  19.8  18.0  15.5  15.5  19.2  22.5  24.7  23.5  22.3   506   506   506   506   506   506   506   506   506   506   506   506 
1980  22.6  22.8  21.8  20.8  17.5  14.5  15.1  18.2  23.4  23.6  24.1  22.1   506   506   506   506   506   506   506   506   506   506   506   506 
1981  22.4  22.3  22.2  19.4  16.7  14.9  14.8  18.5  21.6  23.6  24.6  23.3   506   506   506   506   506   506   506   506   506   506   506   506 
1982  22.0  21.9  22.1  21.3  17.1  16.4  16.0  18.2  21.7  23.0  23.7  22.9   506   506   506   506   506   506   506   506   506   506   506   506 
1983  23.0  22.9  22.8  21.8  20.2  17.5  16.9  17.5  22.3  23.9  24.8  22.5   506   506   506   506   506   506   506   506   506   506   506   506 
1984  22.6  21.8  22.1  20.1  18.9  16.9  16.5  18.0  23.3  25.3  24.1  21.2   506   506   506   506   506   506   506   506   506   506   506   506 
1985  22.6  22.0  22.3  19.5  17.6  15.2  15.9  17.7  22.6  23.9  23.1  22.1   506   506   506   506   506   506   506   506   506   506   506   506 
1986  22.0  22.2  22.0  20.9  17.8  15.4  15.0  18.6  21.5  24.0  23.1  22.6   506   506   506   506   506   506   506   506   506   506   506   506 
1987  22.7  23.1  23.0  20.6  19.2  15.2  16.1  20.1  23.8  24.3  26.1  23.7   506   506   506   506   506   506   506   506   506   506   506   506 
1988  23.2  23.2  22.6  21.8  17.8  17.8  16.9  18.8  22.7  24.4  23.3  22.3   506   506   506   506   506   506   506   506   506   506   506   506 
1989  22.0  22.3  21.9  20.4  18.1  16.4  16.2  19.0  22.2  24.2  24.9  23.6   506   506   506   506   506   506   506   506   506   506   506   506 
1990  22.2  22.6  21.8  21.2  19.2 -99.0 -99.0 -99.0  21.5  25.2  24.9 -99.0   506   506   506   506   506   -99   -99   -99   506   506   506   -99 
1991  22.8 -99.0  22.0  19.6  18.8  15.6  15.8  18.2  22.6  23.0  23.8 -99.0   506   -99   506   506   506   506   506   506   506   506   506   -99 
1992  22.7  23.5  23.7  22.3  19.7  17.0  16.6  25.8  22.9  25.7  24.8  22.9   506   506   506   506   506   506   506   506   506   506   506   506 
1993  22.6 -99.0 -99.0 -99.0 -99.0 -99.0 -99.0 -99.0 -99.0 -99.0 -99.0 -99.0   506   -99   -99   -99   -99   -99   -99   -99   -99   -99   -99   -99 
