Number= 677510
Name= MAGOYE MET
Country= ZAMBIA
Lat=  -16.0
Long=  -27.6
Height= 1018
Start year= 1978
End year= 1992
First Good year= 1978
Source ID= 82
Source file= Jones
Jones data to= 1992
Normals source start year= 1978
Normals source end year= 1990
Normals= -99.0 -99.0 -99.0 -99.0 -99.0 -99.0 -99.0 -99.0 -99.0 -99.0 -99.0 -99.0 
Standard deviations source= Data
Standard deviations source start year= 1978
Standard deviations source end year= 1990
Obs:
1978  22.7  23.0  22.2  20.5  17.5  14.4  14.1  18.6  22.6  24.8  23.7  22.4   506   506   506   506   506   506   506   506   506   506   506   506 
1979  22.8  23.2  22.4  20.9  18.2  15.4  15.6  18.8 -99.0  25.6  23.6  22.9   506   506   506   506   506   506   506   506   -99   506   506   506 
1980  23.7  23.5  22.5  21.6  17.9  14.5  14.9  18.8  23.5  24.6  25.1  23.6   506   506   506   506   506   506   506   506   506   506   506   506 
1981  23.5  22.8  22.2  19.8  16.8  14.8  15.2  18.9 -99.0  24.7  25.4  24.7   506   506   506   506   506   506   506   506   -99   506   506   506 
1982  23.5  23.0  22.5  21.7  17.7  16.7  15.8  17.8  21.7  24.1  25.3  24.8   506   506   506   506   506   506   506   506   506   506   506   506 
1983  24.5  23.8  23.9  22.6  20.1  17.6  16.8  17.1  23.0  24.9  26.2  23.7   506   506   506   506   506   506   506   506   506   506   506   506 
1984  24.0  23.1  22.7  21.1  19.6  16.4  16.3  18.1  23.9  26.4  24.8  23.3   506   506   506   506   506   506   506   506   506   506   506   506 
1985  23.3  22.5  22.8  20.2  17.8  15.3  15.8  18.1  23.0  24.3  24.0  23.2   506   506   506   506   506   506   506   506   506   506   506   506 
1986  22.8  22.6  22.9  21.0  17.5  15.0  15.2 -99.0 -99.0  24.2  23.8  23.3   506   506   506   506   506   506   506   -99   -99   506   506   506 
1987  23.9  24.0  23.9  22.0  19.8  15.0  15.3 -99.0 -99.0  24.4  27.1  24.6   506   506   506   506   506   506   506   -99   -99   506   506   506 
1988  24.1  23.5  23.0  22.6  18.4  16.9  16.7  18.7  22.8 -99.0  24.7  23.7   506   506   506   506   506   506   506   506   506   -99   506   506 
1989  22.5  22.3  22.6  21.0  18.2  16.5  16.0  18.8  22.2  24.7  26.0  25.4   506   506   506   506   506   506   506   506   506   506   506   506 
1990  23.2  23.4  22.9  22.0  19.7  17.9  17.2  18.3  21.7  26.3  25.9  25.0   506   506   506   506   506   506   506   506   506   506   506   506 
1991  23.6  23.6 -99.0  20.5  19.1  16.5  16.4  18.7  23.2 -99.0  24.7  23.8   506   506   -99   506   506   506   506   506   506   -99   506   506 
1992  24.3  25.3  24.8  23.1  20.2  17.2  16.7  18.5  23.4  26.9 -99.0 -99.0   506   506   506   506   506   506   506   506   506   506   -99   -99 
