Number= 766980
Name= FELIPE CARRILLO PUER
Country= MEXICO
Lat=   19.6
Long=   88.1
Height= 10
Start year= 1994
End year= 2020
First Good year= 1994
Source ID= 94
Source file= Jones
Jones data to= 2016
Normals source start year= 1994
Normals source end year= 1990
Normals= -99.0 -99.0 -99.0 -99.0 -99.0 -99.0 -99.0 -99.0 -99.0 -99.0 -99.0 -99.0 
Standard deviations source= Data
Standard deviations source start year= 1994
Standard deviations source end year= 1990
Obs:
1994  24.6 -99.0  27.1 -99.0  31.3  30.4  30.3  30.4  29.4  29.4  27.0 -99.0   506   -99   506   -99   506   506   506   506   506   506   506   -99 
1995 -99.0  24.4  25.2  28.2  29.3  28.6  27.7  29.8  28.8 -99.0  27.5 -99.0   -99   506   506   506   506   506   506   506   506   -99   506   -99 
1996  23.8 -99.0 -99.0 -99.0 -99.0 -99.0 -99.0  28.7  29.4 -99.0  25.6  23.9   506   -99   -99   -99   -99   -99   -99   506   506   -99   506   506 
1997 -99.0 -99.0 -99.0 -99.0  28.2 -99.0 -99.0 -99.0 -99.0  26.9  26.3 -99.0   -99   -99   -99   -99   506   -99   -99   -99   -99   506   506   -99 
1998 -99.0 -99.0 -99.0 -99.0 -99.0 -99.0  27.8  28.6  28.8  26.5 -99.0  23.9   -99   -99   -99   -99   -99   -99   506   506   506   506   -99   506 
1999  23.4  24.1  26.8  29.2  30.8  28.2  28.4  29.1  28.7  27.2 -99.0  24.5   506   506   506   506   506   506   506   506   506   506   -99   506 
2000  24.1  25.6  27.7  29.6 -99.0  28.1  30.4  28.6  28.7  26.6  26.7  24.3   506   506   506   506   -99   506   506   506   506   506   506   506 
2001  24.2  26.9  28.0  28.9  28.4  29.8  30.5  29.6  29.6  28.1  26.2  25.2   506   506   506   506   506   506   506   506   506   506   506   506 
2002  25.0  25.3  27.3  30.0  30.8  29.4  30.5 -99.0  28.3  28.3  25.9  29.9   506   506   506   506   506   506   506   -99   506   506   506   506 
2003  23.2 -99.0  28.7  28.1  31.0  30.3  29.5  29.6  29.5  28.5  26.0  22.8   506   -99   506   506   506   506   506   506   506   506   506   506 
2004  24.9 -99.0 -99.0  27.7 -99.0  30.0  29.8  30.7  28.9 -99.0  26.7  24.4   506   -99   -99   506   -99   506   506   506   506   -99   506   506 
2005  24.4  25.9  28.3  28.8  30.2  29.6  30.0  29.8  29.6  27.1  25.9 -99.0   506   506   506   506   506   506   506   506   506   506   506   -99 
2006  24.3  24.2  27.1  29.6  29.6  29.7  29.5  29.7  29.8  28.4  25.3  24.7   506   506   506   506   506   506   506   506   506   506   506   506 
2007  25.3  25.4  26.4  28.4  29.4  29.9  30.5  29.4  28.9  27.9  25.2  24.5   506   506   506   506   506   506   506   506   506   506   506   506 
2008  24.5  26.4  26.7  28.9  30.3  28.7  29.3 -99.0  29.7  26.6  24.6  23.7   506   506   506   506   506   506   506   -99   506   506   506   506 
2009  23.4  24.1  25.6  28.7  30.7 -99.0  30.9  30.1  29.6  28.9  25.7  25.3   506   506   506   506   506   -99   506   506   506   506   506   506 
2010 -99.0  24.6  25.8  28.8  29.8  30.2  28.8  29.4  28.8 -99.0  25.7  22.8   -99   506   506   506   506   506   506   506   506   -99   506   506 
2011  24.4  25.4  26.8  29.7  30.9 -99.0  29.2  29.8  29.3  26.3  25.8  24.6   506   506   506   506   506   -99   506   506   506   506   506   506 
2012  24.9  25.8  22.5  26.7  27.4  27.5  27.6  27.8  27.5  25.9  23.6  23.6   506   506   506   506   506   506   506   506   506   506   506   506 
2013  24.1  24.8  23.8  27.2 -99.0  27.6  28.3  28.7  27.8  27.8  26.1  25.8   506   506   506   506   -99   506   506   506   506   506   506   506 
2014  23.4  26.5  27.9  29.1  28.7  29.8  30.7  30.4  28.5  28.2  25.0  24.8   506   506   506   506   506   506   506   506   506   506   506   506 
2015  24.6  25.0  27.8  29.8  30.6  28.7  30.8  30.6  29.9  28.6  27.5  27.1   506   506   506   506   506   506   506   506   506   506   506   506 
2016  23.6  24.2  27.4  29.6  31.4  30.0  30.6  29.9 -99.0  28.3  26.2  26.5   506   506   506   506   506   506   506   900   -99   900   900   900 
2017  25.0  26.7  26.7  28.6  29.9  29.2  29.7  29.3  30.2  27.7  25.5  24.4   900   900   900   900   900   900   900   900   900   900   900   900 
2018  23.0  26.9  27.6  29.0  29.1  29.2  30.1  29.6  29.4  28.0  26.5  24.6   900   900   900   900   900   900   900   900   900   900   900   900 
2019  23.1  27.2  27.9  29.2  31.4  31.5  32.1  31.5  30.8  29.4  26.5 -99.0   900   900   900   900   900   900   900   900   900   900   900   -99 
2020  25.2  26.4  28.0  31.1  30.2  30.0 -99.0  30.0 -99.0  28.4 -99.0 -99.0   900   900   900   900   900   900   -99   900   -99   900   -99   -99 
