Number= 720314
Name= ASHLAND NO 2
Country= USA
Lat=   41.0
Long=   96.4
Height= 326
Start year= 1888
End year= 2017
First Good year= 1888
Source ID= 64
Source file= Jones
Jones data to= 2017
Normals source= Data
Normals source start year= 1961
Normals source end year= 1990
Normals=  -5.9  -2.8   3.7  11.1  16.5  21.9  24.8  23.5  18.4  12.1   4.1  -3.5 
Standard deviations source= Data
Standard deviations source start year= 1941
Standard deviations source end year= 1990
Standard deviations=   3.0   3.2   3.1   1.9   1.9   1.6   1.4   1.6   1.5   1.8   1.9   2.7 
Obs:
1888 -99.0 -99.0 -99.0 -99.0 -99.0 -99.0  25.8 -99.0 -99.0 -99.0 -99.0 -99.0   -99   -99   -99   -99   -99   -99   506   -99   -99   -99   -99   -99 
1889 -99.0 -99.0   6.3  10.9  17.6  21.1  23.4  21.3  17.5  10.7   1.8 -99.0   -99   -99   506   506   506   506   506   506   506   506   506   -99 
1890 -99.0  -2.6 -99.0  14.0  18.3  24.0  26.6  24.9  15.8  11.1 -99.0 -99.0   -99   506   -99   506   506   506   506   506   506   506   -99   -99 
1891 -99.0 -99.0  -1.2 -99.0  16.1  21.2  21.3  21.5  20.4 -99.0 -99.0 -99.0   -99   -99   506   -99   506   506   506   506   506   -99   -99   -99 
1892 -99.0 -99.0 -99.0 -99.0 -99.0  23.6  25.2  23.1  20.1  12.8   2.5  -6.2   -99   -99   -99   -99   -99   506   506   506   506   506   506   506 
1893 -99.0  -5.9   0.7   9.1  14.9  22.0  24.5  21.5  19.2  12.4   2.4  -3.6   -99   506   506   506   506   506   506   506   506   506   506   506 
1894  -7.3  -6.4   5.6  12.3  17.5  22.1  23.6  24.5  19.3  12.1   1.7   0.3   506   506   506   506   506   506   506   506   506   506   506   506 
1895  -8.4  -6.0   3.0  13.7  17.2  21.2  22.6  22.8  21.4   9.4   1.9  -1.7   506   506   506   506   506   506   506   506   506   506   506   506 
1896  -1.6   0.4  -0.6  13.4  18.2  21.1  23.1  22.8  15.8  10.1  -1.1   1.2   506   506   506   506   506   506   506   506   506   506   506   506 
1897  -5.5  -2.6   1.1   9.6  15.7  21.9  25.8  21.8  23.3  14.4   2.0  -7.0   506   506   506   506   506   506   506   506   506   506   506   506 
1898  -2.5  -1.9   3.8   9.9  15.1  22.7  24.0  24.0  19.2   9.8   0.8  -5.9   506   506   506   506   506   506   506   506   506   506   506   506 
1899  -4.4 -10.0  -3.1   9.8  16.5  21.7  23.1  24.4  18.8  14.7   7.3  -3.9   506   506   506   506   506   506   506   506   506   506   506   506 
1900  -1.7  -8.0   2.4  12.0  18.0  22.1  23.8  25.5  19.1  16.0   2.1  -0.5   506   506   506   506   506   506   506   506   506   506   506   506 
1901  -2.8  -4.9   2.7  10.3  16.1  23.1  29.2  24.6  18.4  13.1   3.7  -5.2   506   506   506   506   506   506   506   506   506   506   506   506 
1902  -4.0  -6.7   5.5  10.4  18.8  19.5  23.4  21.8  16.2  13.6   5.0  -6.1   506   506   506   506   506   506   506   506   506   506   506   506 
1903  -3.1  -6.8   4.0  11.1  16.0  18.6  24.3  21.8  17.3  12.9   3.3  -3.4   506   506   506   506   506   506   506   506   506   506   506   506 
1904  -6.5  -6.1   3.2   7.5  16.2  19.9  22.2  21.9  19.0  13.3   6.1  -2.8   506   506   506   506   506   506   506   506   506   506   506   506 
1905 -10.0  -9.6   7.7   9.8  15.6  22.2  22.3  24.7  19.9  10.5   5.0  -1.0   506   506   506   506   506   506   506   506   506   506   506   506 
1906  -1.0  -1.7  -2.3  12.7  17.1  21.1  21.7  24.0  20.1  11.5   3.3  -1.1   506   506   506   506   506   506   506   506   506   506   506   506 
1907  -6.1  -2.5   6.6   6.1  13.3  20.4  24.0  23.5  18.9  11.8   4.4  -0.6   506   506   506   506   506   506   506   506   506   506   506   506 
1908  -1.1  -2.6   5.1  12.0  15.5  20.2  23.0  22.4  21.2  11.2   4.8  -0.5   506   506   506   506   506   506   506   506   506   506   506   506 
1909  -5.1  -0.9   2.3   7.6  15.3  21.3  24.2  26.5  18.6  11.6   5.9  -9.9   506   506   506   506   506   506   506   506   506   506   506   506 
1910  -6.4  -5.2  11.1  12.5  13.5  21.9  25.0  22.7  18.7  14.4   3.7  -3.4   506   506   506   506   506   506   506   506   506   506   506   506 
1911  -3.7  -1.0   6.3  10.2  18.0  25.8  25.6  24.0  21.0  10.4   0.2  -1.9   506   506   506   506   506   506   506   506   506   506   506   506 
1912 -12.2  -4.9  -3.1  11.2  18.7  19.4  25.7  23.5  16.8  11.9   5.7   0.1   506   506   506   506   506   506   506   506   506   506   506   506 
1913  -4.9  -5.4   1.8  11.6  16.5  22.7  26.2  28.3  19.7  10.5   7.7   0.6   506   506   506   506   506   506   506   506   506   506   506   506 
1914  -0.3  -5.4   2.7  10.9  17.3  23.1  26.7  24.8  19.9  13.6   6.9  -8.0   506   506   506   506   506   506   506   506   506   506   506   506 
1915  -6.6  -1.2  -1.6  14.6  14.9  19.3  21.2  19.7  18.7  14.2   6.6  -2.1   506   506   506   506   506   506   506   506   506   506   506   506 
1916  -7.7  -4.2   5.2   9.5  16.6  19.6  27.5  24.0  18.5  12.2   4.3  -6.3   506   506   506   506   506   506   506   506   506   506   506   506 
1917  -5.1  -4.9   3.2   8.8  13.1  20.3  25.3  21.4  18.9   8.4   7.1  -8.1   506   506   506   506   506   506   506   506   506   506   506   506 
1918 -10.7  -2.9   7.9   8.4  19.7  24.6  24.7  27.0  16.8  13.9   5.0   1.4   506   506   506   506   506   506   506   506   506   506   506   506 
1919  -0.5  -2.1   4.4   9.4  15.7  22.0  26.7  23.0  20.7   9.9   1.8  -7.4   506   506   506   506   506   506   506   506   506   506   506   506 
1920  -4.7  -1.2   5.4   6.5  15.7  22.1  23.7  21.6  20.4  15.5   2.3  -2.7   506   506   506   506   506   506   506   506   506   506   506   506 
1921  -0.6   1.9   7.9  11.8  18.2  24.0  25.6  23.9  20.9  14.0   2.4  -0.6   506   506   506   506   506   506   506   506   506   506   506   506 
1922  -5.0  -3.6   4.9  11.4  17.5  23.9  23.4  25.4  21.6  14.5   6.3  -3.2   506   506   506   506   506   506   506   506   506   506   506   506 
1923  -0.8  -3.9   1.0  10.4  15.7  22.0  25.7  22.2  19.1  10.6   5.4   1.3   506   506   506   506   506   506   506   506   506   506   506   506 
1924  -8.7  -1.6   0.9  11.4  13.1  19.9  22.1  24.2  16.4  15.5   5.2  -8.1   506   506   506   506   506   506   506   506   506   506   506   506 
1925  -6.5  -0.6   6.1  15.3  15.5  22.9  25.1  23.2  21.6   5.9   3.7  -3.5   506   506   506   506   506   506   506   506   506   506   506   506 
1926  -3.0   1.7   2.5  10.1  19.2  20.9  25.5  24.3  17.7  11.8   0.6  -4.6   506   506   506   506   506   506   506   506   506   506   506   506 
1927  -3.0  -0.8   3.8  10.4  15.3  20.6  24.2  20.1  19.0  13.9   3.4  -6.6   506   506   506   506   506   506   506   506   506   506   506   506 
1928  -1.5  -0.6   5.8   8.0  17.5  18.8  24.4  24.0  17.7  13.1   3.9  -1.0   506   506   506   506   506   506   506   506   506   506   506   506 
1929  -9.7  -7.8   5.7  11.6  15.1  20.3  24.3  23.7  17.5  12.0   0.1  -1.0   506   506   506   506   506   506   506   506   506   506   506   506 
1930  -9.0   6.2   6.2  13.4  17.1  21.3  27.3  23.9  19.4  10.4   2.5  -0.9   506   506   506   506   506   506   506   506   506   506   506   506 
1931  -0.6   3.3   1.2  11.2  14.5  25.1  26.0  23.3  23.0  14.6   5.2   0.4   506   506   506   506   506   506   506   506   506   506   506   506 
1932  -8.0  -2.4   0.1  11.9  17.4  22.8  25.4  23.2  17.6   9.9   3.2  -5.1   506   506   506   506   506   506   506   506   506   506   506   506 
1933   2.0  -3.4   3.5  10.3  15.8  26.3  25.1  21.9  22.3  10.8   5.8  -0.3   506   506   506   506   506   506   506   506   506   506   506   506 
1934  -1.5  -1.6   2.7  11.8  22.1  25.8  29.8  25.1  16.6  15.0   6.2  -4.3   506   506   506   506   506   506   506   506   506   506   506   506 
1935  -3.4   0.6   7.6   8.6  12.4  19.7  27.9  24.4  19.1  10.6   1.8  -3.0   506   506   506   506   506   506   506   506   506   506   506   506 
1936 -11.6 -13.9   6.5   9.7  19.6  22.8  29.9  27.3  20.0  11.2   2.6  -1.2   506   506   506   506   506   506   506   506   506   506   506   506 
1937 -11.6  -5.3   2.0   9.8  17.4  21.7  26.4  27.5  20.6  11.2   2.5  -2.8   506   506   506   506   506   506   506   506   506   506   506   506 
1938  -4.1  -3.0   7.0  10.8  14.6  21.9  26.1  25.6  20.1  16.5   3.2  -0.7   506   506   506   506   506   506   506   506   506   506   506   506 
1939   0.2  -5.5   6.8  10.5  20.3  23.0  26.3  23.4  22.2  11.6   6.0   0.9   506   506   506   506   506   506   506   506   506   506   506   506 
1940 -14.6  -4.0   3.0  10.3  16.6  23.5  27.2  21.6  20.1  16.0   0.3  -2.8   506   506   506   506   506   506   506   506   506   506   506   506 
1941  -3.5  -2.8   0.5  12.4  19.2  21.8  26.1  25.0  20.1  13.0   5.0   0.3   506   506   506   506   506   506   506   506   506   506   506   506 
1942  -4.7  -5.0   3.5  13.7  15.1  21.9  25.4  23.6  17.1  12.7   5.2  -4.2   506   506   506   506   506   506   506   506   506   506   506   506 
1943  -7.3   0.6   1.1  11.1  14.7  22.5  25.3  25.3  17.7  11.3   2.0  -2.2   506   506   506   506   506   506   506   506   506   506   506   506 
1944  -0.5  -1.9  -0.4   7.5  18.4  23.0  24.2  23.6  18.4  12.9   4.7  -4.4   506   506   506   506   506   506   506   506   506   506   506   506 
1945  -3.9  -2.0   8.2   9.2  14.3  18.3  23.7  23.0  18.4  12.2   4.1  -6.8   506   506   506   506   506   506   506   506   506   506   506   506 
1946  -3.3   1.1  10.0  12.5  13.7  23.2  24.7  21.9  18.6  13.0   3.5  -0.8   506   506   506   506   506   506   506   506   506   506   506   506 
1947  -2.0  -5.0   1.3   8.6  14.4  20.7  23.9  27.6  20.6  17.1   1.1  -2.8   506   506   506   506   506   506   506   506   506   506   506   506 
1948  -6.6  -4.5  -0.3  13.4  16.7  21.4  24.7  23.5  19.9  11.0   3.7  -3.6   506   506   506   506   506   506   506   506   506   506   506   506 
1949  -9.1  -6.6   2.3  10.6  17.7  22.5  24.5  22.6  15.6  13.4   6.8  -2.2   506   506   506   506   506   506   506   506   506   506   506   506 
1950  -7.6  -3.1   1.2   8.2  16.2  21.6  21.6  20.3  17.0  14.4   1.5  -3.8   506   506   506   506   506   506   506   506   506   506   506   506 
1951  -6.4  -1.6  -0.4   7.8  16.8  19.2  23.3  23.1  16.1  11.2   1.1  -6.6   506   506   506   506   506   506   506   506   506   506   506   506 
1952  -4.9   1.5   0.6  10.1  16.6  25.7  25.5  22.3  19.6   9.3   2.6  -4.8   506   506   506   506   506   506   506   506   506   506   506   506 
1953  -5.4  -0.4   4.3   7.3  15.6  25.1  25.1  23.9  19.4  14.9   5.6  -0.1   506   506   506   506   506   506   506   506   506   506   506   506 
1954  -6.7   4.8   1.9  13.0  14.5  23.3  28.3  23.9  21.1  11.4   7.4  -1.0   506   506   506   506   506   506   506   506   506   506   506   506 
1955  -5.7  -6.5   2.2  14.3  18.5  20.0  28.1  25.9  20.6  12.2  -0.2  -5.3   506   506   506   506   506   506   506   506   506   506   506   506 
1956  -7.0  -4.1   3.2   8.4  18.6  24.9  24.6  24.7  19.5  15.4   3.4  -0.8   506   506   506   506   506   506   506   506   506   506   506   506 
1957  -8.6  -0.6   2.8   9.5  15.9  21.1  27.2  24.4  16.6  10.2   2.1   0.4   506   506   506   506   506   506   506   506   506   506   506   506 
1958  -4.4  -6.4   0.6   9.8  18.4  21.4  22.7  24.1  19.0  12.9   5.1  -4.0   506   506   506   506   506   506   506   506   506   506   506   506 
1959  -7.9  -5.5   3.5  10.1  16.4  23.1  22.6  26.2  18.3   9.4  -0.2   1.5   506   506   506   506   506   506   506   506   506   506   506   506 
1960  -7.1  -7.5  -6.8  12.3  15.6  20.9  23.4  23.8  20.2  13.1   4.3  -2.7   506   506   506   506   506   506   506   506   506   506   506   506 
1961  -4.8  -0.8   4.3   8.8  14.6  21.5  24.6  24.0  16.9  12.5   3.0  -6.7   506   506   506   506   506   506   506   506   506   506   506   506 
1962  -8.4  -3.3  -0.5  10.2  20.4  21.5  23.8  23.5  17.3  13.7   5.0  -2.5   506   506   506   506   506   506   506   506   506   506   506   506 
1963 -10.7  -2.4   6.2  12.7  16.2  24.2  25.9  23.7  20.1  18.2   6.3  -7.5   506   506   506   506   506   506   506   506   506   506   506   506 
1964  -2.0  -0.9   1.2  11.8  19.3  21.1  25.9  21.7  18.2  11.7   5.8  -5.2   506   506   506   506   506   506   506   506   506   506   506   506 
1965  -5.8  -6.4  -3.4  11.1  19.0  21.7  23.5  23.1  15.5  13.5   5.4   1.3   506   506   506   506   506   506   506   506   506   506   506   506 
1966  -8.3  -3.2   5.7   8.8  15.4  21.5  26.6  21.7  17.5  12.8   3.7  -3.3   506   506   506   506   506   506   506   506   506   506   506   506 
1967  -5.3  -2.6   5.8  12.0  14.3  20.4  22.5  22.3  16.5  11.2   3.4  -1.7   506   506   506   506   506   506   506   506   506   506   506   506 
1968  -6.1  -2.5   6.5  11.7  14.0  22.3  24.3  23.1  17.5  12.9   3.3  -4.5   506   506   506   506   506   506   506   506   506   506   506   506 
1969  -7.7  -3.4  -0.3  11.4  17.1  19.4  25.1  24.3  19.4  10.1   4.8  -4.3   506   506   506   506   506   506   506   506   506   506   506   506 
1970  -9.7  -0.2   1.8  11.7  19.1  22.6  25.0  24.6  18.6  11.2   2.7  -1.5   506   506   506   506   506   506   506   506   506   506   506   506 
1971  -7.6  -4.3   2.1  12.3  14.4  24.5  22.6  23.6  19.5  14.9   4.7  -2.0   506   506   506   506   506   506   506   506   506   506   506   506 
1972  -5.7  -3.5   5.5  10.3  16.2  21.7  23.7  23.8  19.0  10.0   3.1  -5.4   506   506   506   506   506   506   506   506   506   506   506   506 
1973  -4.6  -1.4   6.9  10.4  14.6  22.7  23.7  25.7  17.9  14.2   4.6  -4.4   506   506   506   506   506   506   506   506   506   506   506   506 
1974  -8.0  -0.4   5.8  11.8  16.6  20.3  27.8  21.4  16.1  12.7   4.7  -2.2   506   506   506   506   506   506   506   506   506   506   506   506 
1975  -4.8  -5.6  -0.6   8.6  17.9  21.1  25.0  25.9  16.4  13.4   5.2  -1.4   506   506   506   506   506   506   506   506   506   506   506   506 
1976  -4.0   3.1   4.4  12.9  14.4  22.0  25.3  24.5  19.1   9.0   0.9  -4.2   506   506   506   506   506   506   506   506   506   506   506   506 
1977 -10.6   0.4   7.0  14.2  20.2  22.7  26.5  22.1  19.0  11.2   4.0  -3.6   506   506   506   506   506   506   506   506   506   506   506   506 
1978 -11.3  -9.6   0.8  11.1  15.3  21.6  24.0  23.5  21.1  11.5   3.1  -4.7   506   506   506   506   506   506   506   506   506   506   506   506 
1979 -12.5 -10.6   3.0   9.5  15.1  21.2  23.1  23.4  19.6  12.3   3.1   0.4   506   506   506   506   506   506   506   506   506   506   506   506 
1980  -4.0  -5.5   2.9  11.1  16.6  22.5  26.6  25.2  19.0  11.1   6.3  -1.7   506   506   506   506   506   506   506   506   506   506   506   506 
1981  -2.3  -0.3   5.7  15.1  14.8  22.8  25.0  22.2  18.5  10.9   6.6  -2.9   506   506   506   506   506   506   506   506   506   506   506   506 
1982 -10.8  -3.9   2.6   9.5  16.9  19.1  24.5  22.6  17.8  12.4   2.7  -0.6   506   506   506   506   506   506   506   506   506   506   506   506 
1983  -2.3  -0.3   3.7   7.1  13.7  20.8  26.1  27.6  20.0  12.3   4.8 -12.7   506   506   506   506   506   506   506   506   506   506   506   506 
1984  -5.5   1.9   0.1   8.7  14.6  22.5  24.3  25.2  17.4  12.1   5.1  -1.8   506   506   506   506   506   506   506   506   506   506   506   506 
1985  -7.1  -4.5   6.8  13.0  17.9  20.3  24.4  20.9  17.8  11.9  -0.8  -7.9   506   506   506   506   506   506   506   506   506   506   506   506 
1986  -0.6  -3.8   7.0  11.8  16.8  23.6  25.0  20.5  19.9  12.1   1.6  -1.0   506   506   506   506   506   506   506   506   506   506   506   506 
1987  -1.9   3.2   5.4  12.2  19.3  23.8  25.7  22.2  18.1   9.2   6.6  -0.2   506   506   506   506   506   506   506   506   506   506   506   506 
1988  -6.0  -4.0   5.2  10.3  19.6  25.2  24.0  25.2  19.4   9.7   4.8  -0.8   506   506   506   506   506   506   506   506   506   506   506   506 
1989   0.3  -8.5   3.2  12.7  16.5  20.7  25.3  23.4  17.5  12.2   3.0  -7.8   506   506   506   506   506   506   506   506   506   506   506   506 
1990   0.9  -0.5   5.9  10.2  14.4  23.1  23.9  24.0  20.9  11.7   6.4  -5.1   506   506   506   506   506   506   506   506   506   506   506   506 
1991  -9.1   1.4   6.2  12.6  18.7  24.2  24.1  23.5  19.2  11.4  -1.2  -0.3   506   506   506   506   506   506   506   506   506   506   506   506 
1992   0.1   2.6   6.5   9.6  16.1  20.1  21.7  20.2  17.5  11.8   1.3  -2.3   506   506   506   506   506   506   506   506   506   506   506   506 
1993  -8.0  -5.8   2.5   8.6  15.6  20.9  23.5  24.0  15.2  11.0   1.4  -0.6   506   506   506   506   506   506   506   506   506   506   506   506 
1994  -6.5  -5.7   5.5  11.1  17.6  22.7  22.6  22.4  19.0  13.4   5.3  -1.4   506   506   506   506   506   506   506   506   506   506   506   506 
1995  -5.5   0.3   4.3   8.8  13.6  21.7  25.5  26.6  17.7  11.9   1.1  -1.6   506   506   506   506   506   506   506   506   506   506   506   506 
1996  -7.4  -1.5   0.5   9.6  14.6  22.6  22.9  22.4  16.9  12.4   0.4  -5.2   506   506   506   506   506   506   506   506   506   506   506   506 
1997  -7.2  -1.0   5.6   7.8  13.4  22.6  24.8  22.8  19.9  12.5   2.3  -1.2   506   506   506   506   506   506   506   506   506   506   506   506 
1998  -4.0   2.9   0.2  10.8  19.0  21.2  25.2  24.5  22.0  13.4   6.3  -0.2   506   506   506   506   506   506   506   506   506   506   506   506 
1999  -5.0   2.3   3.8  10.9  16.5  21.2  26.5  22.7  17.4  12.2   8.2   0.2   506   506   506   506   506   506   506   506   506   506   506   506 
2000  -2.2   2.2   7.2  10.9  18.9  22.1  24.2  25.6  19.7  13.8   0.8  -9.4   506   506   506   506   506   506   506   506   506   506   506   506 
2001  -3.5  -5.4   2.0  13.0  17.7  21.8  26.2  24.8  18.6  12.4  10.2   0.6   506   506   506   506   506   506   506   506   506   506   506   506 
2002  -0.9  -0.5   0.9  11.5  15.9  25.5  27.3  24.4  19.7   9.0   2.8   0.2   506   506   506   506   506   506   506   506   506   506   506   506 
2003  -4.5  -4.1   4.3  12.0  15.0  20.7  25.5  25.6  16.8  13.3   3.0  -0.4   506   506   506   506   506   506   506   506   506   506   506   506 
2004  -6.1  -4.0   7.1  12.1  17.2  20.3  22.6  21.4  21.0  13.0   5.9  -1.0   506   506   506   506   506   506   506   506   506   506   506   506 
2005  -6.5   1.2   5.1  13.0  16.6  24.2  26.2  24.0  21.7  12.6   5.9  -4.3   506   506   506   506   506   506   506   506   506   506   506   506 
2006   2.6  -1.2   4.3  13.7  17.6  23.1  25.7  23.7  17.0  11.2   4.9   0.7   506   506   506   506   506   506   506   506   506   506   506   506 
2007  -4.6  -5.5   8.3  10.0  19.2  22.2  24.8  25.7  19.2  14.2   4.3  -4.8   506   506   506   506   506   506   506   506   506   506   506   506 
2008  -6.1  -5.0   2.1   6.9  15.4  22.1  24.7  23.2  18.1  12.1   4.5  -5.6   506   506   506   506   506   506   506   506   506   506   506   506 
2009  -5.5  -0.3   4.0   8.9  14.8  21.6  21.4  21.7  18.3   7.7   7.1  -6.8   506   506   506   506   506   506   506   506   506   506   506   506 
2010  -8.5  -5.8   4.6  13.8  15.6  22.8  24.7  25.2  18.8  13.6   4.3  -4.2   506   506   506   506   506   506   506   506   506   506   506   506 
2011  -7.8  -3.3   4.1  10.3  16.0  21.3  25.9  23.5  16.2  13.2   4.9  -1.1   506   506   506   506   506   506   506   506   506   506   506   506 
2012  -0.8  -1.1  11.4  13.9  19.9  23.7  28.6  24.2  18.8  10.6   6.1  -1.6   506   506   506   506   506   506   506   506   506   506   506   506 
2013  -3.2  -1.6   1.7   7.9  15.6  21.8  24.2  24.0  21.4  11.4   3.0  -5.0   506   506   506   506   506   506   506   506   506   506   506   506 
2014  -5.6  -5.3   2.5  11.1  16.8  22.2  22.4  23.3  17.5  13.0   0.9  -0.7   506   506   506   506   506   506   506   506   506   506   506   506 
2015  -2.8  -5.7   6.1  12.4  15.7  21.9  23.7  22.2  21.5  13.8   7.5   1.2   506   506   506   506   506   506   506   506   506   506   506   506 
2016  -4.2   1.6   8.5  12.7  15.9  24.6  24.2  23.2  20.6  14.2   8.4  -3.3   506   506   506   506   506   506   506   506   506   506   506   506 
2017  -2.6   3.5   5.6  12.1 -99.0 -99.0 -99.0 -99.0 -99.0 -99.0 -99.0 -99.0   506   506   506   506   -99   -99   -99   -99   -99   -99   -99   -99 
