Number= 723661
Name= SANTE FE
Country= USA
Lat=   35.7
Long=  105.9
Height= 2195
Start year= 1849
End year= 1977
First Good year= 1849
Source ID= 10
Source file= Jones
Jones data to= 1977
Normals source= Data
Normals source start year= 1961
Normals source end year= 1977
Normals=  -2.1   0.6   3.6   8.4  13.8  18.6  20.9  19.5  15.7  10.8   4.2  -1.0 
Standard deviations source= Data
Standard deviations source start year= 1941
Standard deviations source end year= 1977
Standard deviations=   1.7   2.0   1.5   1.6   1.1   1.4   1.0   1.0   1.3   1.4   1.7   1.8 
Obs:
1849   0.5   1.7   6.2  11.7  12.6  21.8  22.3  21.2  18.0   9.4   4.2   0.8   506   506   506   506   506   506   506   506   506   506   506   506 
1850  -1.0  -0.1   4.9  10.4 -99.0 -99.0  24.6  24.0 -99.0  13.2 -99.0  -4.9   506   506   506   506   -99   -99   506   506   -99   506   -99   506 
1851   1.1   1.2 -99.0   9.7  15.0  20.8  22.7 -99.0 -99.0 -99.0 -99.0 -99.0   506   506   -99   506   506   506   506   -99   -99   -99   -99   -99 
1852 -99.0 -99.0 -99.0 -99.0 -99.0 -99.0 -99.0 -99.0  15.3   8.8   1.3  -1.3   -99   -99   -99   -99   -99   -99   -99   -99   506   506   506   506 
1853  -0.4  -2.2   3.3  12.2  15.7  19.1  20.8  19.3  17.1   9.1   4.6  -0.3   506   506   506   506   506   506   506   506   506   506   506   506 
1854  -1.9   1.2   5.3   9.9  12.3  20.1  22.1  19.8  16.1  13.1   4.4   0.7   506   506   506   506   506   506   506   506   506   506   506   506 
1855  -0.1   2.4   4.5  10.3  15.3  20.4  22.8  21.1  17.6  12.7   1.7  -3.0   506   506   506   506   506   506   506   506   506   506   506   506 
1856  -4.3  -1.3   4.5  10.0  14.9  23.1  23.5  22.2  18.0  10.7   1.6  -6.1   506   506   506   506   506   506   506   506   506   506   506   506 
1857  -3.6   4.3   8.1   9.9  14.2  20.4  21.9  20.4  15.7   9.9   3.1  -1.5   506   506   506   506   506   506   506   506   506   506   506   506 
1858   1.7   0.8   4.4   8.9  14.2  19.1  20.7  18.9  17.2   9.6   1.3  -4.4   506   506   506   506   506   506   506   506   506   506   506   506 
1859  -4.5   0.3   1.9   6.4  14.6  21.3  20.7  20.5  14.4  10.3   3.4  -4.7   506   506   506   506   506   506   506   506   506   506   506   506 
1860  -1.9  -1.5   5.6   8.6  14.8  18.8  21.3  20.3  20.4  14.3   3.2   0.3   506   506   506   506   506   506   506   506   506   506   506   506 
1861  -6.1   0.2   6.2  11.7  16.7  22.3  23.7  21.8  19.3  11.6   5.8   3.4   506   506   506   506   506   506   506   506   506   506   506   506 
1862   1.6  -0.8 -99.0 -99.0 -99.0 -99.0 -99.0 -99.0  17.2  12.2   4.8   0.3   506   506   -99   -99   -99   -99   -99   -99   506   506   506   506 
1863  -2.7   0.4   7.6  12.2  12.7  21.1  23.2  21.4  19.5  11.8   2.9  -3.0   506   506   506   506   506   506   506   506   506   506   506   506 
1864  -3.9   1.9   2.4   9.6  15.6  18.9  20.7  22.2  19.2   9.3   2.4   1.1   506   506   506   506   506   506   506   506   506   506   506   506 
1865  -2.8   0.4   3.6   8.2  19.2  21.2  20.9  21.2  18.1   8.9   3.7  -6.5   506   506   506   506   506   506   506   506   506   506   506   506 
1866  -1.9   1.1 -99.0 -99.0 -99.0 -99.0 -99.0 -99.0  16.4 -99.0 -99.0 -99.0   506   506   -99   -99   -99   -99   -99   -99   506   -99   -99   -99 
1867 -99.0 -99.0 -99.0 -99.0 -99.0 -99.0 -99.0 -99.0  19.3  13.2   5.8   5.1   -99   -99   -99   -99   -99   -99   -99   -99   506   506   506   506 
1868  -2.9   1.1   5.6  10.2  13.8  21.6  21.3  18.9  16.3  10.2   1.1  -1.2   506   506   506   506   506   506   506   506   506   506   506   506 
1869  -5.2  -2.8   4.7   6.1  13.7  19.6  22.8  22.6  18.2   9.4   5.3  -4.1   506   506   506   506   506   506   506   506   506   506   506   506 
1870  -3.1   4.4   3.0  15.5  19.2  21.2  23.2  21.8  18.8  11.2   6.8  -2.3   506   506   506   506   506   506   506   506   506   506   506   506 
1871   1.8   1.8   6.4  10.0  17.8  24.8  24.8  23.6  20.7  13.7   7.0   4.2   506   506   506   506   506   506   506   506   506   506   506   506 
1872  -2.8   1.2   3.6   7.2  14.6  18.8  19.3  19.3  15.3   9.3   0.7   0.6   506   506   506   506   506   506   506   506   506   506   506   506 
1873  -1.7  -0.2   6.8   7.4  13.4  19.3  21.8  18.6  16.2  10.3   6.0  -1.2   506   506   506   506   506   506   506   506   506   506   506   506 
1874   0.0  -2.1   2.6   5.8  14.3  20.6  21.6  20.4  15.2  11.0   3.8  -1.1   506   506   506   506   506   506   506   506   506   506   506   506 
1875  -2.0  -0.2   1.1   8.4  15.3  20.6  18.5  19.2  14.8  12.0   3.8   0.7   506   506   506   506   506   506   506   506   506   506   506   506 
1876  -1.4   0.8   2.8  10.0  13.2  18.6  20.3  18.6  15.6   9.5   2.4  -1.4   506   506   506   506   506   506   506   506   506   506   506   506 
1877   0.2   1.2   7.2   5.9  12.2  18.8  19.9  19.6  16.2   8.8   1.3  -1.3   506   506   506   506   506   506   506   506   506   506   506   506 
1878  -5.3  -0.7   4.8   8.8  13.7  17.6  22.0  20.8  15.1  10.9   4.1  -2.9   506   506   506   506   506   506   506   506   506   506   506   506 
1879  -1.4   3.0   8.9   9.6  16.3  19.3  21.8  20.7  17.6  10.3   2.8  -2.0   506   506   506   506   506   506   506   506   506   506   506   506 
1880  -1.4  -4.1   0.6   7.4  14.2  19.4  20.4  18.7  14.4   8.1  -1.3  -1.3   506   506   506   506   506   506   506   506   506   506   506   506 
1881  -4.4   1.1   2.9  11.4  14.8  21.2  21.1  19.3  15.5  10.3   0.9  -0.4   506   506   506   506   506   506   506   506   506   506   506   506 
1882  -1.3   0.5   5.6   8.6  12.8  18.4  20.7  18.9  15.3  10.5   4.4   0.3   506   506   506   506   506   506   506   506   506   506   506   506 
1883 -99.0 -99.0 -99.0 -99.0 -99.0 -99.0 -99.0 -99.0 -99.0 -99.0 -99.0 -99.0   -99   -99   -99   -99   -99   -99   -99   -99   -99   -99   -99   -99 
1884 -99.0 -99.0 -99.0 -99.0 -99.0 -99.0 -99.0 -99.0 -99.0 -99.0 -99.0 -99.0   -99   -99   -99   -99   -99   -99   -99   -99   -99   -99   -99   -99 
1885  -4.3   0.3   4.9   8.4  12.2  17.3  20.7  19.7  16.0  10.2   4.5   0.4   506   506   506   506   506   506   506   506   506   506   506   506 
1886  -3.6   0.9   2.0   7.2  16.2  18.4  22.2  19.2  14.7  10.2   1.0   1.3   506   506   506   506   506   506   506   506   506   506   506   506 
1887  -1.2   1.1   6.3   8.8  13.6  19.3  20.0  19.3  16.6  10.6   5.4  -2.9   506   506   506   506   506   506   506   506   506   506   506   506 
1888  -0.9   2.0   3.2  10.5  12.5  20.2  20.9  18.5  17.1  10.4   2.7   0.3   506   506   506   506   506   506   506   506   506   506   506   506 
1889  -4.4  -1.6   5.1  11.0  13.7  18.1  21.1  21.3  16.0  11.0   1.4   3.9   506   506   506   506   506   506   506   506   506   506   506   506 
1890  -0.2   2.3   5.3   8.9  15.2  18.4  20.7  19.3  16.0   9.8   3.8   1.1   506   506   506   506   506   506   506   506   506   506   506   506 
1891  -5.5  -1.7   2.2   8.1  11.7  17.2  20.4  19.9  16.4  10.5   4.5  -3.9   506   506   506   506   506   506   506   506   506   506   506   506 
1892  -2.0   1.3   3.8   8.3  12.9  19.1  20.7  19.8  18.1   9.2   3.2  -2.3   506   506   506   506   506   506   506   506   506   506   506   506 
1893   0.6   0.7   3.3   8.9  13.1  20.4  20.1  18.5  15.3   9.6   3.2   0.6   506   506   506   506   506   506   506   506   506   506   506   506 
1894  -2.7  -3.5   3.8   9.6  15.0  18.0  20.2  17.8  14.9  10.9   5.9   0.6   506   506   506   506   506   506   506   506   506   506   506   506 
1895  -2.4  -2.9   4.1   9.6  12.7  17.3  18.7  18.7  17.4   9.6   1.3  -3.8   506   506   506   506   506   506   506   506   506   506   506   506 
1896   0.7   0.3   4.5   8.9  14.6  20.8  19.1  19.7  16.1   9.0   3.6   1.7   506   506   506   506   506   506   506   506   506   506   506   506 
1897  -2.9  -1.0   2.4   8.6  13.9  18.1  19.2  18.9  16.5   9.3   4.8  -1.9   506   506   506   506   506   506   506   506   506   506   506   506 
1898  -4.4   2.3   2.9   9.8  12.6  18.1  19.8  19.6  16.1   9.5   2.4  -4.8   506   506   506   506   506   506   506   506   506   506   506   506 
1899  -3.3  -2.4   4.4   9.6  13.2  18.0  19.4  20.1  17.2  10.1   4.9   0.0   506   506   506   506   506   506   506   506   506   506   506   506 
1900   1.7   0.5   6.3   6.8  14.6  20.1  20.6  20.1  15.7  10.4   4.8  -0.2   506   506   506   506   506   506   506   506   506   506   506   506 
1901  -0.9   0.9   3.1   8.2  13.3  18.9  20.8  20.2  16.1  11.1   5.6   0.1   506   506   506   506   506   506   506   506   506   506   506   506 
1902   0.6   1.9   2.1  11.3  14.0  20.6  19.4  19.9  15.4  10.8   3.8  -0.8   506   506   506   506   506   506   506   506   506   506   506   506 
1903  -1.2  -3.4   3.8   8.4  12.4  16.4  21.2  20.5  15.1  10.5   5.9  -0.5   506   506   506   506   506   506   506   506   506   506   506   506 
1904  -2.9   3.4   5.7   9.7  13.8  17.3  20.3  19.1  15.9   9.2   4.1  -2.0   506   506   506   506   506   506   506   506   506   506   506   506 
1905  -2.4  -1.0   4.7   7.1  12.3  19.0  18.6  20.1  16.0   8.8   3.6  -4.1   506   506   506   506   506   506   506   506   506   506   506   506 
1906  -2.1   1.4   4.3   8.5  12.7  18.4  18.0  18.4  15.6   8.4   2.9   1.3   506   506   506   506   506   506   506   506   506   506   506   506 
1907   0.2   4.1   6.4   8.4   9.8  16.1  19.7  18.9  15.6  10.3   2.4  -0.9   506   506   506   506   506   506   506   506   506   506   506   506 
1908  -0.9   0.8   5.8   8.1  10.6  17.2  18.8  18.9  16.2   8.0   2.6  -0.8   506   506   506   506   506   506   506   506   506   506   506   506 
1909   1.7  -0.6   2.6   6.7  11.0  18.8  21.0  19.3  15.1  10.0   5.0  -5.6   506   506   506   506   506   506   506   506   506   506   506   506 
1910  -1.1  -1.1   7.7   8.7  13.4  18.7  21.2  19.9  17.3   9.7   5.3   0.0   506   506   506   506   506   506   506   506   506   506   506   506 
1911   1.3  -0.8   5.4   8.4  13.7  18.3  18.1  19.6  17.1   8.2   0.2  -4.4   506   506   506   506   506   506   506   506   506   506   506   506 
1912  -1.7  -0.9   3.1   5.7  13.0  16.9  20.1  19.6  14.5   9.4   4.0  -3.4   506   506   506   506   506   506   506   506   506   506   506   506 
1913  -4.0  -1.6   2.2   8.4  14.8  17.1  20.9  20.3  14.1   8.8   5.8  -3.1   506   506   506   506   506   506   506   506   506   506   506   506 
1914   0.8   0.3   4.1   8.9  13.4  19.4  19.4  19.3  17.2   9.7   6.1  -3.3   506   506   506   506   506   506   506   506   506   506   506   506 
1915  -4.2   0.2   2.1   8.7  11.3  17.8  19.8  18.6  15.3  11.1   4.3   0.1   506   506   506   506   506   506   506   506   506   506   506   506 
1916  -0.8   2.7   6.4   8.1  13.1  19.0  20.4  19.3  16.0  10.4   3.8  -2.3   506   506   506   506   506   506   506   506   506   506   506   506 
1917  -2.2   0.4   2.0   7.8   9.4  18.9  21.9  19.9  17.0  11.1   7.3   3.4   506   506   506   506   506   506   506   506   506   506   506   506 
1918  -3.2   2.1   6.0   7.2  13.2  20.2  20.7  19.9  15.8  11.1   1.7  -2.8   506   506   506   506   506   506   506   506   506   506   506   506 
1919  -4.2  -2.7   3.1   8.9  13.3  17.3  19.9  20.6  16.3   8.4   3.7   1.2   506   506   506   506   506   506   506   506   506   506   506   506 
1920   1.1   3.1   3.0   4.9  13.4  17.6  20.4  18.3  15.8   9.3   3.2  -2.6   506   506   506   506   506   506   506   506   506   506   506   506 
1921   0.2   1.6   5.9   6.3  13.3  17.2  19.5  18.9  17.5  11.7   6.1   2.6   506   506   506   506   506   506   506   506   506   506   506   506 
1922  -2.2   0.1   2.4   6.8  13.3  19.1  21.2  21.5  17.7  10.8   2.1   1.1   506   506   506   506   506   506   506   506   506   506   506   506 
1923   1.6   0.1   1.4   7.6  13.2  18.4  20.9  18.8  14.8   7.7   3.8  -1.6   506   506   506   506   506   506   506   506   506   506   506   506 
1924  -2.8   1.9   0.9   7.6  13.3  20.3  19.9  20.0  15.8  10.7   5.2  -3.7   506   506   506   506   506   506   506   506   506   506   506   506 
1925  -3.7   2.1   6.3  10.3  15.1  18.8  21.0  18.7  16.3   9.8   3.0  -1.7   506   506   506   506   506   506   506   506   506   506   506   506 
1926  -3.7   2.7   3.6   8.1  12.2  18.9  19.6  20.5  17.3  11.6   4.4  -1.6   506   506   506   506   506   506   506   506   506   506   506   506 
1927   2.4   3.1   4.2   9.3  14.8  17.9  21.3  19.3  15.9  10.7   6.2  -2.8   506   506   506   506   506   506   506   506   506   506   506   506 
1928   1.0   0.3   5.4   7.2  13.4  18.1  21.0  18.6  16.4  11.4   3.0  -0.7   506   506   506   506   506   506   506   506   506   506   506   506 
1929  -1.7  -2.7   3.2   8.4  12.3  19.0  20.4  19.3  15.9   9.8   0.3   0.7   506   506   506   506   506   506   506   506   506   506   506   506 
1930  -3.6   3.7   2.9  11.3  11.3  19.5  20.2  19.8  15.8  10.3   2.4  -2.3   506   506   506   506   506   506   506   506   506   506   506   506 
1931  -1.2   2.0   2.3   8.8  12.8  19.7  21.2  19.4  17.4  11.6   2.8  -2.4   506   506   506   506   506   506   506   506   506   506   506   506 
1932  -5.1   3.2   2.6   8.9  13.1  17.4  20.9  20.1  15.9   8.6   4.4  -3.8   506   506   506   506   506   506   506   506   506   506   506   506 
1933  -2.7  -2.7   5.4   6.0  11.9  18.9  21.4  19.9  18.6  12.1   5.4   3.0   506   506   506   506   506   506   506   506   506   506   506   506 
1934   0.3   4.2   6.9  10.6  16.1  19.3  22.1  21.2  15.8  12.4   4.3   0.3   506   506   506   506   506   506   506   506   506   506   506   506 
1935   1.5   1.4   4.9   8.2  10.5  19.0  21.4  19.8  16.3  10.8   3.7  -0.4   506   506   506   506   506   506   506   506   506   506   506   506 
1936  -2.1   0.8   5.2   9.6  15.0  20.3  21.2  21.0  15.3   9.9   4.2   0.3   506   506   506   506   506   506   506   506   506   506   506   506 
1937  -4.6   0.3   3.2   8.8  14.9  18.4  21.0  21.8  17.7  11.4   5.7   1.2   506   506   506   506   506   506   506   506   506   506   506   506 
1938  -0.2   2.0   4.9   9.2  13.1  19.1  20.5  21.2  16.5  11.8   1.2   1.3   506   506   506   506   506   506   506   506   506   506   506   506 
1939  -1.8  -4.7   4.9   9.6  14.5  19.7  20.8  19.9  17.3  10.1   4.8   2.7   506   506   506   506   506   506   506   506   506   506   506   506 
1940  -1.2   0.1   5.7   8.8  14.4  18.7  21.4  19.6  16.9  12.0   3.2   1.8   506   506   506   506   506   506   506   506   506   506   506   506 
1941  -0.3   3.4   3.9   6.6  13.9  16.4  20.4  20.1  16.8  10.2   4.8   0.7   506   506   506   506   506   506   506   506   506   506   506   506 
1942  -0.8  -1.4   2.3   8.8  13.1  18.7  21.7  20.2  16.1  10.3   5.2   1.6   506   506   506   506   506   506   506   506   506   506   506   506 
1943   1.1   3.1   4.9  12.2  14.3  18.3  21.8  21.7  16.8  10.3   4.3  -4.3   506   506   506   506   506   506   506   506   506   506   506   506 
1944  -5.3   1.1   3.6   7.8  13.7  19.3  21.6  21.5  17.4  12.0   3.7  -0.1   506   506   506   506   506   506   506   506   506   506   506   506 
1945  -1.2   2.4   3.2   6.5  14.1  17.3  20.8  21.1  16.8  10.7   4.3  -2.7   506   506   506   506   506   506   506   506   506   506   506   506 
1946  -1.7   1.1   5.1  12.7  13.2  21.1  21.8  20.0  17.8   9.8   2.2   1.8   506   506   506   506   506   506   506   506   506   506   506   506 
1947  -2.1   2.1   4.0   8.4  14.1  17.5  21.9  19.7  18.4  12.8   0.8  -1.8   506   506   506   506   506   506   506   506   506   506   506   506 
1948  -1.7   0.2   1.4  10.7  14.4  18.2  21.7  21.3  17.8  10.1   1.4   0.6   506   506   506   506   506   506   506   506   506   506   506   506 
1949  -3.8  -0.9   5.1   9.1  14.3  17.9  20.9  20.1  18.1  10.3   7.5  -1.8   506   506   506   506   506   506   506   506   506   506   506   506 
1950  -0.7   1.8   3.9  10.0  12.9  21.6  19.7  19.3  15.1  14.7   6.0   2.8   506   506   506   506   506   506   506   506   506   506   506   506 
1951  -0.4   1.4   4.0   8.5  14.9  18.5  23.8  20.2  17.9  11.2   2.4  -1.5   506   506   506   506   506   506   506   506   506   506   506   506 
1952   0.9  -0.2   1.3   8.5  13.6  20.9  21.0  21.4  17.7  12.7   1.4  -2.1   506   506   506   506   506   506   506   506   506   506   506   506 
1953   1.8  -0.6   6.2   8.4  11.4  20.2  22.1  20.5  18.4  11.2   5.1  -2.6   506   506   506   506   506   506   506   506   506   506   506   506 
1954   0.6   4.4   2.9  12.1  15.2  20.2  22.8  20.7  19.1  13.1   6.9   1.4   506   506   506   506   506   506   506   506   506   506   506   506 
1955  -1.9  -1.0   5.0   8.7  13.1  17.5  20.7  19.7  17.8  11.9   4.0   0.8   506   506   506   506   506   506   506   506   506   506   506   506 
1956   1.6  -2.0   5.2   7.8  15.8  21.6  21.1  19.3  19.1  12.3   2.2  -0.5   506   506   506   506   506   506   506   506   506   506   506   506 
1957   0.7   4.7   3.7   7.3  11.1  18.5  21.9  19.3  16.5  10.0   1.2   1.4   506   506   506   506   506   506   506   506   506   506   506   506 
1958  -1.3   2.9   1.6   7.4  15.6  20.8  22.0  21.1  16.9  10.6   4.8   3.2   506   506   506   506   506   506   506   506   506   506   506   506 
1959  -0.3   0.8   3.2   8.9  13.7  20.0  21.4  20.1  17.0  10.2   3.4   1.3   506   506   506   506   506   506   506   506   506   506   506   506 
1960  -3.3  -2.7   5.2   9.6  13.0  19.7  20.8  20.7  17.6   9.7   4.9  -2.1   506   506   506   506   506   506   506   506   506   506   506   506 
1961  -1.8   0.8   4.3   7.9  14.3  19.8  20.6  18.8  13.7   9.7   2.1  -2.6   506   506   506   506   506   506   506   506   506   506   506   506 
1962  -2.7   2.3   1.5  10.3  14.6  18.6  20.2  21.0  16.3  11.1   5.1   0.7   506   506   506   506   506   506   506   506   506   506   506   506 
1963  -4.6   0.9   3.8   9.3  14.9  18.5  22.1  19.1  17.3  13.2   4.6  -0.6   506   506   506   506   506   506   506   506   506   506   506   506 
1964  -3.6  -4.4   1.3   6.8  13.5  18.1  21.3  19.7  16.4  12.0   3.7  -1.2   506   506   506   506   506   506   506   506   506   506   506   506 
1965  -0.2  -0.7   1.6   8.9  12.4  16.8  20.8  19.1  15.4  11.2   5.9   0.5   506   506   506   506   506   506   506   506   506   506   506   506 
1966  -3.5  -2.7   5.0   8.6  14.6  17.7  22.1  18.8  15.4  11.0   5.8  -0.9   506   506   506   506   506   506   506   506   506   506   506   506 
1967  -1.3   1.7   6.9  10.1  13.2  17.6  20.9  17.8  15.2  11.2   5.4  -3.3   506   506   506   506   506   506   506   506   506   506   506   506 
1968  -1.1   2.2   4.4   6.8  12.4  19.3  19.7  17.7  15.2  11.4   3.7  -2.4   506   506   506   506   506   506   506   506   506   506   506   506 
1969   1.2   0.7   1.2   9.9  14.2  17.8  22.0  21.2  16.4   9.3   3.2   0.7   506   506   506   506   506   506   506   506   506   506   506   506 
1970  -1.7   2.7   2.4   6.9  14.6  17.4  21.1  20.3  15.6   7.6   4.1   0.7   506   506   506   506   506   506   506   506   506   506   506   506 
1971  -1.2   0.2   4.7   7.8  13.0  18.9  20.7  18.4  15.6  10.5   3.7  -2.7   506   506   506   506   506   506   506   506   506   506   506   506 
1972  -0.9   2.2   3.5   9.8  14.2  18.9  21.6  19.6  16.0  11.4   0.7  -1.7   506   506   506   506   506   506   506   506   506   506   506   506 
1973  -2.7   0.1   2.8   8.0  12.7  17.8  20.6  20.4  15.5  11.2   5.5  -0.2   506   506   506   506   506   506   506   506   506   506   506   506 
1974  -2.7  -0.9   7.1   7.7  16.7  20.6  21.0  18.7  15.0  11.1   3.7  -2.8   506   506   506   506   506   506   506   506   506   506   506   506 
1975  -3.6  -0.6   3.9   5.8  12.2  18.4  17.4  19.8  14.6  10.7   5.1   0.2   506   506   506   506   506   506   506   506   506   506   506   506 
1976  -1.3   3.8   4.1   9.3  13.4  19.1  20.7  19.6  16.3   8.4   3.1  -1.8   506   506   506   506   506   506   506   506   506   506   506   506 
1977  -3.6   1.3   2.8   9.3  14.0  20.7  21.7  21.7  17.6  12.6   5.7  -0.1   506   506   506   506   506   506   506   506   506   506   506   506 
