Number= 724930
Name= OAKLAND
Country= USA
Lat=   37.7
Long=  122.2
Height= -999
Start year= 1961
End year= 1967
First Good year= 1961
Source ID= 10
Source file= Jones
Jones data to= 1967
Normals source start year= 1961
Normals source end year= 1967
Normals= -99.0 -99.0 -99.0 -99.0 -99.0 -99.0 -99.0 -99.0 -99.0 -99.0 -99.0 -99.0 
Standard deviations source= Data
Standard deviations source start year= 1961
Standard deviations source end year= 1967
Obs:
1961   8.4  11.7  11.6  14.0  13.8  18.0  18.8  18.9  18.8  16.2  11.8   8.6   506   506   506   506   506   506   506   506   506   506   506   506 
1962 -99.0 -99.0 -99.0 -99.0 -99.0 -99.0 -99.0 -99.0 -99.0 -99.0 -99.0 -99.0   -99   -99   -99   -99   -99   -99   -99   -99   -99   -99   -99   -99 
1963 -99.0 -99.0 -99.0 -99.0 -99.0 -99.0 -99.0 -99.0 -99.0 -99.0 -99.0 -99.0   -99   -99   -99   -99   -99   -99   -99   -99   -99   -99   -99   -99 
1964 -99.0 -99.0 -99.0 -99.0 -99.0 -99.0 -99.0 -99.0 -99.0 -99.0 -99.0 -99.0   -99   -99   -99   -99   -99   -99   -99   -99   -99   -99   -99   -99 
1965 -99.0 -99.0 -99.0 -99.0 -99.0 -99.0 -99.0 -99.0  17.6  17.9  14.0   8.1   -99   -99   -99   -99   -99   -99   -99   -99   506   506   506   506 
1966   9.7  10.5  12.8  16.0  15.0  17.5  17.3  18.3  18.9  16.7  13.4  10.2   506   506   506   506   506   506   506   506   506   506   506   506 
1967  10.1  11.3  11.8  10.8  15.3  15.5 -99.0  17.7  19.2  17.6  14.8 -99.0   506   506   506   506   506   506   -99   506   506   506   506   -99 
