Number= 262420
Name= TARTU
Country= ESTONIA
Lat=   58.3
Long=  -26.7
Height= 59
Start year= 1894
End year= 2020
First Good year= 1894
Source ID= 99
Source file= Jones
Jones data to= 2015
Normals source= Data
Normals source start year= 1961
Normals source end year= 1990
Normals=  -7.3  -6.8  -2.3   4.4  10.9  14.8  16.5  15.5  10.8   5.8   0.2  -4.5 
Standard deviations source= Data
Standard deviations source start year= 1941
Standard deviations source end year= 1990
Standard deviations=   4.5   4.1   3.3   1.9   1.8   1.4   1.4   1.1   1.6   1.8   1.8   3.0 
Obs:
1894  -3.6  -2.5  -0.7   7.8  11.6  15.1  16.6  15.4   7.4   2.7   1.2  -3.5   506   506   506   506   506   506   506   506   506   506   506   506 
1895  -6.3 -13.0  -4.8   3.3  13.0  16.4  16.8  15.5  10.6   5.7   1.6  -7.6   506   506   506   506   506   506   506   506   506   506   506   506 
1896  -4.1  -6.3  -1.7   2.9  10.5  18.6  19.3  15.4  10.6   8.3  -3.3  -5.2   506   506   506   506   506   506   506   506   506   506   506   506 
1897 -10.0  -7.2  -3.0   5.5  15.4  15.1  18.0  16.7  10.4   5.5   0.2  -3.5   506   506   506   506   506   506   506   506   506   506   506   506 
1898  -2.0  -6.2  -4.5   2.2  12.5  16.3  15.7  16.6   9.7   3.6   2.5  -1.0   506   506   506   506   506   506   506   506   506   506   506   506 
1899  -4.5  -5.2  -5.8   4.0   9.6  11.1  19.5  12.9  11.1   6.2   2.4  -7.9   506   506   506   506   506   506   506   506   506   506   506   506 
1900  -7.8  -7.8  -5.4   2.0   9.0  14.6  16.5  17.5  10.0   5.9  -0.3  -3.4   506   506   506   506   506   506   506   506   506   506   506   506 
1901  -4.4  -9.1  -4.4   4.2  10.5  17.9  19.6  17.5  12.4   8.1  -2.2  -7.4   506   506   506   506   506   506   506   506   506   506   506   506 
1902  -5.5  -6.7  -3.3  -0.1   9.1  13.9  14.9  13.8   9.8   3.4  -2.2  -9.4   506   506   506   506   506   506   506   506   506   506   506   506 
1903  -4.6  -1.5   2.1   6.3  11.4  16.8  16.4  14.4  12.4   2.5   1.0  -3.8   506   506   506   506   506   506   506   506   506   506   506   506 
1904  -3.4  -6.3  -5.1   4.1   8.0  12.3  14.4  14.2  10.7   5.6  -1.6  -4.4   506   506   506   506   506   506   506   506   506   506   506   506 
1905  -8.7  -3.6  -0.5   2.7  11.8  17.4  17.0  15.5  10.5   3.9   0.6  -3.1   506   506   506   506   506   506   506   506   506   506   506   506 
1906  -4.0  -3.4  -3.2   6.6  16.5  15.5  18.4  14.2   9.5   4.9   1.4  -5.0   506   506   506   506   506   506   506   506   506   506   506   506 
1907 -10.0  -6.5  -1.8   3.1   8.9  15.3  17.4  13.5  10.3   9.2  -1.4 -11.9   506   506   506   506   506   506   506   506   506   506   506   506 
1908  -5.9  -4.3  -3.6   4.6   8.6  14.0  16.9  15.5  10.0   5.2  -3.8  -4.1   506   506   506   506   506   506   506   506   506   506   506   506 
1909  -5.1 -10.6  -3.1   1.2   6.5  15.3  15.6  15.3  12.8   9.2  -2.4  -1.8   506   506   506   506   506   506   506   506   506   506   506   506 
1910  -3.9  -1.8   0.9   6.8  12.5  15.2  16.9  13.9  11.7   4.6  -1.9  -1.5   506   506   506   506   506   506   506   506   506   506   506   506 
1911  -5.1 -10.3  -2.3   3.2  11.3  12.9  14.8  16.6  11.0   4.4   1.6  -3.6   506   506   506   506   506   506   506   506   506   506   506   506 
1912 -11.4 -10.4   0.7   1.9   8.6  16.1  17.2  17.2   9.1   1.7  -0.9  -0.2   506   506   506   506   506   506   506   506   506   506   506   506 
1913  -7.3  -4.9   0.2   7.3   8.8  13.6  18.5  17.3  11.6   4.6   2.4  -4.2   506   506   506   506   506   506   506   506   506   506   506   506 
1914  -8.5  -1.4  -1.6   4.8  11.3  15.6  20.9  13.7  10.0   3.0  -1.2  -0.2   506   506   506   506   506   506   506   506   506   506   506   506 
1915  -7.5  -6.3  -7.9   3.8   8.8  12.6  17.7  15.0  10.6   3.0  -2.6  -9.8   506   506   506   506   506   506   506   506   506   506   506   506 
1916  -4.1  -4.4  -3.5   6.2   9.2  13.8  18.6  13.5   8.7   3.1   2.4  -3.7   506   506   506   506   506   506   506   506   506   506   506   506 
1917 -10.1 -12.9 -10.8   3.1   8.1  18.3  15.5  18.1  11.6   7.3   1.2  -5.2   506   506   506   506   506   506   506   506   506   506   506   506 
1918  -7.6  -5.2  -2.9   7.2   8.3  12.5  17.8  14.4  11.1   8.4   1.8  -4.3   506   506   506   506   506   506   506   506   506   506   506   506 
1919  -5.1  -6.7  -5.1   3.5  10.5  15.2  18.7  14.2  12.6   5.4  -5.8  -7.3   506   506   506   506   506   506   506   506   506   506   506   506 
1920  -8.3  -2.6   2.1   8.9  13.5  14.2  19.5  17.3  12.5   3.6   0.9  -5.1   506   506   506   506   506   506   506   506   506   506   506   506 
1921  -5.7  -8.3   2.7   8.8  13.6  14.6  15.0  15.8  10.1   4.5  -4.7  -5.7   506   506   506   506   506   506   506   506   506   506   506   506 
1922  -9.6  -7.4  -3.4   3.0  11.0  14.9  17.5  15.6  11.2   3.0  -0.8  -4.3   506   506   506   506   506   506   506   506   506   506   506   506 
1923  -2.6 -11.6  -2.7   1.6   9.4  11.4  17.1  13.7  12.2   6.8   2.5  -4.2   506   506   506   506   506   506   506   506   506   506   506   506 
1924 -10.4  -8.0  -4.0   1.3  11.4  15.1  17.1  17.0  13.6   7.8   2.1  -1.5   506   506   506   506   506   506   506   506   506   506   506   506 
1925   0.1   0.1  -3.7   6.8  12.6  13.3  19.3  15.4  11.0   3.8  -2.5  -6.4   506   506   506   506   506   506   506   506   506   506   506   506 
1926 -10.6  -7.1  -3.4   3.1  11.8  16.0  17.5  14.7  10.6   2.6   3.5  -7.0   506   506   506   506   506   506   506   506   506   506   506   506 
1927  -7.8  -5.8   0.9   3.4   7.2  13.9  20.9  18.0  11.5   3.9  -2.3  -8.5   506   506   506   506   506   506   506   506   506   506   506   506 
1928  -5.7  -5.6  -3.2   4.0  10.8  11.3  14.7  15.1  11.3   6.0   4.2  -3.5   506   506   506   506   506   506   506   506   506   506   506   506 
1929  -9.5 -15.2  -3.1  -0.5  13.1  13.3  16.3  16.1  11.0   7.3   3.0   1.0   506   506   506   506   506   506   506   506   506   506   506   506 
1930  -0.6  -6.2  -0.5   6.7  12.5  15.2  17.4  16.7   9.0   6.6   1.9  -5.3   506   506   506   506   506   506   506   506   506   506   506   506 
1931  -6.8  -9.0  -6.2   3.0  13.2  12.9  18.5  16.5   8.9   4.9  -0.2  -4.7   506   506   506   506   506   506   506   506   506   506   506   506 
1932  -1.5  -9.7  -6.0   4.8  12.8  13.6  20.1  17.4  12.4   5.5   0.9   1.1   506   506   506   506   506   506   506   506   506   506   506   506 
1933  -8.1  -6.3  -1.3   3.7   9.0  15.4  18.4  14.9  11.6   5.7  -2.9  -7.4   506   506   506   506   506   506   506   506   506   506   506   506 
1934  -2.6  -3.1  -0.7   6.9  13.1  14.3  18.7  16.9  15.1   8.5   3.2  -5.0   506   506   506   506   506   506   506   506   506   506   506   506 
1935  -8.7  -3.5  -0.9   4.8   8.0  16.4  15.6  16.6  11.2   8.5   0.4  -2.2   506   506   506   506   506   506   506   506   506   506   506   506 
1936  -2.5  -9.0   0.8   4.8  11.8  18.6  20.0  16.3  10.7   3.0   2.3   0.4   506   506   506   506   506   506   506   506   506   506   506   506 
1937  -8.2  -5.5  -1.4   7.4  13.6  18.0  17.7  18.8  13.8   6.9   1.8  -7.7   506   506   506   506   506   506   506   506   506   506   506   506 
1938  -3.9  -2.1   2.0   3.9  10.7  14.5  20.0  19.2  14.8   7.4   3.8  -6.3   506   506   506   506   506   506   506   506   506   506   506   506 
1939  -5.5  -0.3  -1.7   3.8   9.6  15.9  18.7  20.7  10.1   2.2   1.2  -4.8   506   506   506   506   506   506   506   506   506   506   506   506 
1940 -14.0 -14.5  -7.0   2.6  12.6  15.4  18.3  15.3  10.8   5.1   2.1  -4.5   506   506   506   506   506   506   506   506   506   506   506   506 
1941 -13.8  -8.4  -4.6   0.6   7.3  12.8  21.0  16.7   9.5   1.8  -4.4  -8.8   506   506   506   506   506   506   506   506   506   506   506   506 
1942 -16.2 -12.2  -9.9   3.4   9.7  13.0  16.3  17.2  11.9   7.5  -1.5  -2.8   506   506   506   506   506   506   506   506   506   506   506   506 
1943  -9.3  -0.8   1.5   6.5  10.7  16.0  16.7  16.2  12.3   8.5   0.9  -0.2   506   506   506   506   506   506   506   506   506   506   506   506 
1944  -2.2  -4.4  -1.9   2.5   9.8  13.7  18.5 -99.0 -99.0   6.4   1.0  -2.4   506   506   506   506   506   506   506   -99   -99   506   506   506 
1945  -6.5  -3.3  -3.4   5.0   9.0  14.6  19.6  17.9   9.9   3.9  -0.6  -7.3   506   506   506   506   506   506   506   506   506   506   506   506 
1946  -5.0  -7.5  -3.3   5.7  10.6  16.0  18.5  16.5  12.7   2.9  -1.5  -4.3   506   506   506   506   506   506   506   506   506   506   506   506 
1947  -8.9 -13.4  -5.2   4.7  11.3  17.2  17.8  17.1  13.7   4.8  -0.8  -3.3   506   506   506   506   506   506   506   506   506   506   506   506 
1948  -5.4  -8.1  -1.0   6.6  13.6  16.6  17.0  16.1  12.0   5.8   1.1  -0.9   506   506   506   506   506   506   506   506   506   506   506   506 
1949  -1.8  -1.6  -1.4   5.6  13.7  14.3  17.0  15.1  14.7   7.4   1.9   0.0   506   506   506   506   506   506   506   506   506   506   506   506 
1950 -14.6  -4.3  -1.2   8.0  10.7  14.1  15.3  15.1  12.3   5.9   0.3  -2.3   506   506   506   506   506   506   506   506   506   506   506   506 
1951  -9.1  -6.9  -5.9   6.0   8.2  14.2  15.7  16.9  11.9   5.1  -1.0  -0.1   506   506   506   506   506   506   506   506   506   506   506   506 
1952  -2.4 -99.0 -10.4   6.3   8.3  13.5  15.9  15.2   9.4   3.8  -1.0  -3.8   506   -99   506   506   506   506   506   506   506   506   506   506 
1953  -7.5 -10.0  -1.7   6.2  10.2  16.3  17.4  15.5  11.0   7.7   0.3  -3.7   506   506   506   506   506   506   506   506   506   506   506   506 
1954  -9.6 -13.8  -0.4   2.5  11.8  15.4  17.1  15.8  11.9   6.2  -0.5  -1.1   506   506   506   506   506   506   506   506   506   506   506   506 
1955  -5.8  -7.6  -5.8  -0.7   7.8  12.2  16.8  17.2  14.0   7.3  -0.7  -9.4   506   506   506   506   506   506   506   506   506   506   506   506 
1956  -7.3 -14.4  -6.0   0.1   9.3  17.1  15.0  13.3   9.3   5.3  -2.7  -2.2   506   506   506   506   506   506   506   506   506   506   506   506 
1957  -2.4  -2.6  -5.7   4.2  10.4  13.3  17.1  15.2  10.1   6.5   1.4  -2.2   506   506   506   506   506   506   506   506   506   506   506   506 
1958  -7.3  -7.9  -8.1   1.5  10.5  13.2  15.8  14.5  10.7   7.1   2.3  -5.4   506   506   506   506   506   506   506   506   506   506   506   506 
1959  -3.8  -2.7   1.1   5.5   9.3  15.4  18.5  17.1   8.8   4.9   0.0  -6.8   506   506   506   506   506   506   506   506   506   506   506   506 
1960  -9.6  -9.1  -5.8   2.8  10.8  15.9  17.8  15.3   9.8   3.2   0.1   1.3   506   506   506   506   506   506   506   506   506   506   506   506 
1961  -3.1  -0.3   1.4   4.9  10.3  16.6  15.8  14.6  10.4   7.8   1.2  -4.7   506   506   506   506   506   506   506   506   506   506   506   506 
1962  -2.9  -5.5  -8.3   6.0   9.5  11.9  15.0  14.0  10.6   6.9   1.5  -5.4   506   506   506   506   506   506   506   506   506   506   506   506 
1963 -13.3 -12.0  -9.4   3.0  14.0  13.3  17.7  17.3  13.0   6.7  -0.3  -6.8   506   506   506   506   506   506   506   506   506   506   506   506 
1964  -3.7  -9.7  -6.1   4.3  10.3  16.0  16.0  14.7  11.1   7.0  -0.1  -2.9   506   506   506   506   506   506   506   506   506   506   506   506 
1965  -4.8  -9.0  -3.5   3.9   6.9  14.5  14.1  14.8  13.3   5.3  -5.5  -3.3   506   506   506   506   506   506   506   506   506   506   506   506 
1966 -13.4 -10.7  -0.8   2.1  11.9  16.3  17.0  14.5   9.5   6.4   0.2  -6.6   506   506   506   506   506   506   506   506   506   506   506   506 
1967 -12.9  -5.4   1.4   4.3  12.2  13.3  16.3  15.6  12.8   9.3   2.5  -8.7   506   506   506   506   506   506   506   506   506   506   506   506 
1968 -14.3  -6.0  -0.7   5.1   9.1  15.7  14.5  16.9  11.0   3.2  -0.6  -3.1   506   506   506   506   506   506   506   506   506   506   506   506 
1969 -12.7  -9.3  -7.6   4.4   9.6  14.4  16.8  15.0  10.9   5.7   0.4  -8.9   506   506   506   506   506   506   506   506   506   506   506   506 
1970 -12.7 -11.1  -2.1   4.3  10.7  14.9  16.6  15.2  10.6   4.2  -0.1  -5.1   506   506   506   506   506   506   506   506   506   506   506   506 
1971  -2.2  -5.1  -4.6   4.0  11.3  14.3  16.5  16.9  10.2   5.1  -1.5  -2.2   506   506   506   506   506   506   506   506   506   506   506   506 
1972 -12.3  -3.9  -1.7   3.5  10.3  16.5  19.5  17.4  10.2   4.3   0.6   0.9   506   506   506   506   506   506   506   506   506   506   506   506 
1973  -4.7  -4.2  -0.3   4.6  10.3  16.0  18.3  15.0   8.1   2.8  -1.9  -5.6   506   506   506   506   506   506   506   506   506   506   506   506 
1974  -4.2  -0.3   0.0   3.0   7.5  14.2  16.2  15.1  12.6   6.5   2.1  -0.1   506   506   506   506   506   506   506   506   506   506   506   506 
1975  -0.8  -3.6   1.5   5.3  12.6  13.7  17.2  16.2  13.8   5.5  -1.4  -1.4   506   506   506   506   506   506   506   506   506   506   506   506 
1976  -8.7  -8.6  -4.0   3.4  10.1  12.5  16.3  14.6   9.1   0.4   0.8  -4.5   506   506   506   506   506   506   506   506   506   506   506   506 
1977  -7.3  -7.9  -1.5   4.2  11.5  15.0  15.4  14.6   9.4   5.6   2.7  -5.6   506   506   506   506   506   506   506   506   506   506   506   506 
1978  -6.6 -10.6  -0.5   3.1   9.8  14.0  15.2  15.1   9.1   4.3   3.6 -14.1   506   506   506   506   506   506   506   506   506   506   506   506 
1979 -10.0  -9.8  -0.8   3.2  12.6  16.4  14.9  16.4  10.5   5.0   1.2  -2.8   506   506   506   506   506   506   506   506   506   506   506   506 
1980  -9.4  -9.2  -6.9   5.5   7.6  16.5  16.2  15.0  11.2   6.1  -1.5  -2.4   506   506   506   506   506   506   506   506   506   506   506   506 
1981  -4.4  -5.7  -4.4   2.5  12.2  15.4  17.3  15.3  11.2   7.4   0.4  -5.9   506   506   506   506   506   506   506   506   506   506   506   506 
1982  -8.8  -6.3   0.0   4.4  11.0  12.4  16.9  16.2  11.1   5.9   3.7  -0.6   506   506   506   506   506   506   506   506   506   506   506   506 
1983  -0.8  -8.1  -2.8   7.0  13.4  14.4  17.3  16.7  12.7   7.2   0.0  -2.6   506   506   506   506   506   506   506   506   506   506   506   506 
1984  -3.7  -7.1  -3.6   7.1  13.8  14.3  16.1  16.1  10.7   8.3  -0.5  -3.9   506   506   506   506   506   506   506   506   506   506   506   506 
1985 -12.9 -16.0  -1.8   3.0  11.2  14.1  15.9  17.6  10.4   8.3  -1.2  -5.1   506   506   506   506   506   506   506   506   506   506   506   506 
1986  -5.6 -12.1   0.3   5.1  12.3  16.6  17.4  15.2   8.1   6.2   3.3  -7.0   506   506   506   506   506   506   506   506   506   506   506   506 
1987 -17.0  -5.0  -7.0   3.3  10.4  14.3  15.4  13.7  10.0   6.0  -0.3  -3.5   506   506   506   506   506   506   506   506   506   506   506   506 
1988  -4.3  -3.9  -1.5   3.6  13.4  17.5  19.7  15.4  11.9   5.5  -3.8  -5.3   506   506   506   506   506   506   506   506   506   506   506   506 
1989   0.5   1.2   2.9   7.3  12.0  16.2  17.4  15.3  12.6   5.8  -0.3  -4.2   506   506   506   506   506   506   506   506   506   506   506   506 
1990  -2.5   2.4   2.4   7.6  10.3  13.7  15.5  15.7   9.2   6.0   0.6  -2.5   506   506   506   506   506   506   506   506   506   506   506   506 
1991  -2.6  -5.4   0.0   5.5   9.0  14.0  17.3  17.1  11.1   6.8   3.5  -1.0   506   506   506   506   506   506   506   506   506   506   506   506 
1992  -1.4  -1.7   2.3   3.8  11.7  15.4  17.6  17.0  12.6   2.0  -1.9  -0.5   506   506   506   506   506   506   506   506   506   506   506   506 
1993  -1.5  -2.7  -0.9   5.6  13.8  12.6  16.3  14.7   6.7   4.4  -6.6  -2.5   506   506   506   506   506   506   506   506   506   506   506   506 
1994  -3.0 -12.6  -1.8   7.2   9.1  13.7  19.1  16.2  12.2   5.3   0.0  -2.0   506   506   506   506   506   506   506   506   506   506   506   506 
1995  -4.3   0.5   1.1   5.3  11.1  18.5  16.5  16.2  11.3   8.4  -1.2  -7.3   506   506   506   506   506   506   506   506   506   506   506   506 
1996  -8.1 -11.8  -4.5   5.3  11.5  14.3  15.4  17.4   9.2   6.9   3.4  -6.0   506   506   506   506   506   506   506   506   506   506   506   506 
1997  -4.0  -2.1  -0.1   3.2   8.8  15.7  18.1  18.3  10.9   4.2   0.8  -4.4   506   506   506   506   506   506   506   506   506   506   506   506 
1998  -1.2  -3.8  -2.3   6.0  11.7  16.2  16.3  14.3  11.5   6.0  -6.0  -3.7   506   506   506   506   506   506   506   506   506   506   506   506 
1999  -4.4  -6.4   0.3   8.6   8.0  19.2  19.1  15.7  13.3   6.8   1.0  -1.3   506   506   506   506   506   506   506   506   506   506   506   506 
2000  -3.1  -0.8  -0.1   9.5  11.2  14.4  16.7  15.9   9.8   8.7   3.7   0.2   506   506   506   506   506   506   506   506   506   506   506   506 
2001  -1.8  -5.2  -2.4   8.1  11.0  14.4  21.1  16.9  12.1   8.1  -0.2  -8.6   506   506   506   506   506   506   506   506   506   506   506   506 
2002  -3.0   0.0   2.0   6.5  13.3  16.2  19.6  18.5  11.7   1.3  -1.0  -9.2   506   506   506   506   506   506   506   506   506   506   506   506 
2003  -7.2  -6.0  -0.2   3.8  12.3  13.4  19.9  15.8  12.2   4.2   2.4  -0.2   506   506   506   506   506   506   506   506   506   506   506   506 
2004  -7.8  -4.2   0.2   6.3  10.7  14.1  17.3  17.8  12.7 -99.0  -0.4  -0.1   506   506   506   506   506   506   506   506   506   -99   506   506 
2005  -1.7  -7.4  -6.1   5.5 -99.0  14.6  18.3  17.0  13.4   7.7   2.9  -3.9   506   506   506   506   -99   506   506   506   506   506   506   506 
2006  -6.4  -9.0  -4.3   6.1  11.1  16.5  18.6  17.2  14.7   8.6   2.7   3.0   506   506   506   506   506   506   506   506   506   506   506   506 
2007  -1.7 -10.1   4.7   6.0  12.3  15.9  17.2  18.4  11.7   7.1   0.1   0.7   506   506   506   506   506   506   506   506   506   506   506   506 
2008  -1.1   1.0   0.9   7.4  10.6  14.7  16.5  16.6  10.4   8.8   2.6  -0.9   506   506   506   506   506   506   506   506   506   506   506   506 
2009  -3.2  -4.8  -1.0   6.5 -99.0  14.3 -99.0  16.1  13.6 -99.0   2.5  -4.7   506   506   506   506   -99   506   -99   506   506   -99   506   506 
2010 -13.8  -7.6  -1.3   6.4  12.8  14.9  22.6  18.4  11.3   4.5   0.6  -6.5   900   900   900   900   900   900   900   900   900   900   506   506 
2011  -4.8 -10.8  -1.2   4.1  11.6  17.5  20.5  16.6  12.9   7.4   3.8   1.6   506   900   900   902   900   900   900   900   900   900   506   506 
2012  -5.1 -10.6 -99.0   5.3  12.0  13.8  18.3  15.2  13.1   6.3   2.7  -6.5   506   900   -99   900   900   900   900   900   506   506   506   506 
2013  -7.3  -3.0  -7.0   4.0  14.7  18.1  17.9  17.2  11.3   7.3 -99.0  -8.0   506   506   900   900   900   506   506   900   900   506   -99   903 
2014 -99.0   0.0   3.0   6.8  12.3  13.7  19.5  16.8  12.7   5.9   1.6  -1.2   -99   900   506   902   900   900   900   900   506   506   506   506 
2015  -1.6  -0.8   3.1   5.8  10.6  14.5  16.4  17.1  13.4   5.0   3.7   2.5   506   506   900   900   900   506   506   506   506   506   506   900 
2016 -99.0 -99.0  -0.2   5.9  14.1  16.3  18.2  16.3  12.5   4.2  -0.8  -0.2   -99   -99   900   902   900   900   900   900   900   900   900   900 
2017  -3.3  -2.9   1.6   3.4  10.2  13.8  15.7  16.5  12.1   5.2   2.5   0.3   900   900   900   900   900   900   900   900   900   900   900   900 
2018  -2.1  -8.2  -3.6   7.2  15.2  15.5  20.2  18.5  14.0   7.2   2.4  -2.5   900   900   900   900   900   900   900   900   900   900   900   900 
2019  -5.7  -0.1   1.2   7.3  11.1  18.3  16.0  16.3  11.7   7.0   2.8   1.9   900   900   900   900   900   900   900   900   900   900   900   900 
2020   2.6   1.1   2.3   4.8   9.4  18.1  16.1  16.5  13.8   9.0   4.3  -0.5   900   900   900   900   900   900   900   900   900   900   900   900 
