Number= 842970
Name= BANOS
Country= ECUADOR
Lat=   -1.4
Long=   78.4
Height= -999
Start year= 1961
End year= 1980
First Good year= 1961
Source ID= 10
Source file= Jones
Jones data to= 1980
Normals source= Data
Normals source start year= 1961
Normals source end year= 1980
Normals=  17.2  17.5  17.4  17.7  17.1  16.4  16.0  16.1  16.7  17.7  18.0  17.5 
Standard deviations source= Data
Standard deviations source start year= 1961
Standard deviations source end year= 1980
Standard deviations=   0.5   0.5   0.5   0.4   0.6   0.5   0.6   0.5   0.3   0.6   0.5   0.5 
Obs:
1961  17.3  16.9  17.3  17.4  16.9  16.0  15.2  15.5  16.2  16.7  17.3  17.0   506   506   506   506   506   506   506   506   506   506   506   506 
1962  16.7  16.9  16.9  16.8  16.6  15.7  15.3  15.6  16.4  16.8  17.2  17.4   506   506   506   506   506   506   506   506   506   506   506   506 
1963  16.8  17.0  16.5  17.5  16.8  16.3  15.4  16.2  16.6  17.1  17.7  17.0   506   506   506   506   506   506   506   506   506   506   506   506 
1964  17.4  17.4  16.6  17.1  16.6  15.7  16.0  15.9  16.2  17.3  17.1  17.4   506   506   506   506   506   506   506   506   506   506   506   506 
1965  17.4  17.2  16.7  17.6  17.2  15.7  15.8  15.8  16.9  17.7  18.1  17.3   506   506   506   506   506   506   506   506   506   506   506   506 
1966  17.3  17.3  17.4  17.3  17.8  17.2  16.7  16.5  16.9  17.9  18.6  17.9   506   506   506   506   506   506   506   506   506   506   506   506 
1967  16.4  17.2  17.6  17.3  15.9  15.9  15.2  15.3  16.5  17.1  18.3  17.6   506   506   506   506   506   506   506   506   506   506   506   506 
1968  16.6  17.6  16.8  18.0  16.3  16.3  15.3  16.6  16.8  17.5  18.1  17.9   506   506   506   506   506   506   506   506   506   506   506   506 
1969  17.8  18.1  18.3  18.3  16.9  16.9  15.8  15.9  17.3  18.0  18.1  17.8   506   506   506   506   506   506   506   506   506   506   506   506 
1970  17.7  17.8  17.1  17.4  16.4  16.4  16.1  15.7  16.4  17.7  17.9  17.2   506   506   506   506   506   506   506   506   506   506   506   506 
1971  17.4  16.6  17.0  17.4  17.1  16.4  15.7  15.7  16.4  17.4  17.8  16.7   506   506   506   506   506   506   506   506   506   506   506   506 
1972  17.0  17.2  17.5  17.7  17.3  16.9  16.1  16.7  16.8  17.8  18.0  17.8   506   506   506   506   506   506   506   506   506   506   506   506 
1973  17.1  17.8  17.8  17.7  17.1  17.2  16.6  16.4  16.9  18.0  18.0  17.4   506   506   506   506   506   506   506   506   506   506   506   506 
1974  17.1  17.1  18.2  18.2  17.1  16.8  16.0  16.3  16.7  17.8  18.0  17.5   506   506   506   506   506   506   506   506   506   506   506   506 
1975  17.2  17.5  17.6  17.8  17.4  16.0  15.8  16.3  16.9  17.4  18.0  17.9   506   506   506   506   506   506   506   506   506   506   506   506 
1976  16.8  17.3  17.9  17.6  17.4  16.7  16.2  16.2  17.1  18.7  17.6  17.8   506   506   506   506   506   506   506   506   506   506   506   506 
1977  18.0  17.0  17.2  17.9  17.0  16.3  16.4  16.5  17.2  18.0  18.2  18.1   506   506   506   506   506   506   506   506   506   506   506   506 
1978  18.0  18.3  18.1  18.1  18.0  16.6  18.0  15.8  17.1  18.2  18.7  17.1   506   506   506   506   506   506   506   506   506   506   506   506 
1979  16.5  18.3  16.9  18.3  18.3  16.8  16.7  17.8  16.1  19.1  19.4  18.6   506   506   506   506   506   506   506   506   506   506   506   506 
1980  16.9  18.7  17.6  17.7  17.3  16.5  15.8  16.2  16.8  17.7  18.1  16.7   506   506   506   506   506   506   506   506   506   506   506   506 
