Number= 661600
Name= LUANDA
Country= ANGOLA
Lat=   -8.9
Long=  -13.3
Height= 74
Start year= 1879
End year= 2017
First Good year= 1951
Source ID= 80
Source file= Jones
Jones data to= 2016
Normals source= Data
Normals source start year= 1961
Normals source end year= 1990
Normals=  26.8  27.6  27.6  27.2  26.0  23.0  21.3  21.5  22.8  24.4  25.8  25.9 
Standard deviations source= Data
Standard deviations source start year= 1941
Standard deviations source end year= 1990
Standard deviations=   0.8   0.8   0.5   0.6   1.0   1.1   0.8   0.9   0.6   0.7   0.6   0.7 
Obs:
1879  25.2  25.8  26.0  25.2  23.8  20.5  19.1  18.9  19.2  21.4  24.5  24.8   506   506   506   506   506   506   506   506   506   506   506   506 
1880  24.3  24.7  24.6  24.2  22.4  19.5  19.8  19.5  20.5  22.8  24.7  25.2   506   506   506   506   506   506   506   506   506   506   506   506 
1881  24.6  26.0  25.5  24.9  22.6  19.2  18.9  18.7  20.3  22.7  24.7  25.2   506   506   506   506   506   506   506   506   506   506   506   506 
1882  25.7  26.5  26.3  25.6  23.6  20.1  19.0  19.0  20.7  22.8  25.1  24.9   506   506   506   506   506   506   506   506   506   506   506   506 
1883  25.0  25.9  25.8  25.8  23.9  20.9  20.4  19.8  20.5  22.6  24.1  25.1   506   506   506   506   506   506   506   506   506   506   506   506 
1884  25.1  26.3  25.5  26.0  23.5  20.3  19.4  19.7  20.9  22.7  23.9  24.8   506   506   506   506   506   506   506   506   506   506   506   506 
1885  25.6  26.9  26.8  26.5  26.0  22.9  22.0  21.2  21.1  22.7  23.7  24.3   506   506   506   506   506   506   506   506   506   506   506   506 
1886  25.0  26.5  26.9  26.1  24.9  22.6  20.8  20.7  21.4  23.5  25.1  24.8   506   506   506   506   506   506   506   506   506   506   506   506 
1887  25.5  26.6  25.5  26.4  22.5  19.7  20.1  19.8  21.0  23.6  25.9  24.6   506   506   506   506   506   506   506   506   506   506   506   506 
1888 -99.0 -99.0 -99.0 -99.0 -99.0 -99.0 -99.0 -99.0 -99.0 -99.0 -99.0 -99.0   -99   -99   -99   -99   -99   -99   -99   -99   -99   -99   -99   -99 
1889 -99.0 -99.0 -99.0 -99.0 -99.0 -99.0 -99.0 -99.0 -99.0 -99.0 -99.0 -99.0   -99   -99   -99   -99   -99   -99   -99   -99   -99   -99   -99   -99 
1890  25.6  24.6  25.3  25.1  23.3  19.8  18.9  19.3  20.4  22.0  24.0  23.8   506   506   506   506   506   506   506   506   506   506   506   506 
1891  24.6  24.7  25.3  25.1  23.1  19.6  19.3  19.0  20.3  23.1  24.4  25.1   506   506   506   506   506   506   506   506   506   506   506   506 
1892 -99.0 -99.0 -99.0 -99.0 -99.0 -99.0 -99.0 -99.0 -99.0 -99.0 -99.0 -99.0   -99   -99   -99   -99   -99   -99   -99   -99   -99   -99   -99   -99 
1893 -99.0 -99.0 -99.0 -99.0 -99.0 -99.0 -99.0 -99.0 -99.0 -99.0 -99.0 -99.0   -99   -99   -99   -99   -99   -99   -99   -99   -99   -99   -99   -99 
1894 -99.0 -99.0 -99.0 -99.0 -99.0 -99.0 -99.0 -99.0 -99.0 -99.0 -99.0 -99.0   -99   -99   -99   -99   -99   -99   -99   -99   -99   -99   -99   -99 
1895 -99.0 -99.0 -99.0 -99.0 -99.0 -99.0 -99.0 -99.0 -99.0 -99.0 -99.0 -99.0   -99   -99   -99   -99   -99   -99   -99   -99   -99   -99   -99   -99 
1896 -99.0 -99.0 -99.0 -99.0 -99.0 -99.0 -99.0 -99.0 -99.0 -99.0 -99.0 -99.0   -99   -99   -99   -99   -99   -99   -99   -99   -99   -99   -99   -99 
1897 -99.0 -99.0 -99.0 -99.0 -99.0 -99.0 -99.0 -99.0 -99.0 -99.0 -99.0 -99.0   -99   -99   -99   -99   -99   -99   -99   -99   -99   -99   -99   -99 
1898 -99.0 -99.0 -99.0 -99.0 -99.0 -99.0 -99.0 -99.0 -99.0 -99.0 -99.0 -99.0   -99   -99   -99   -99   -99   -99   -99   -99   -99   -99   -99   -99 
1899 -99.0 -99.0 -99.0 -99.0 -99.0 -99.0 -99.0 -99.0 -99.0 -99.0 -99.0 -99.0   -99   -99   -99   -99   -99   -99   -99   -99   -99   -99   -99   -99 
1900 -99.0 -99.0 -99.0 -99.0 -99.0 -99.0 -99.0 -99.0 -99.0 -99.0 -99.0 -99.0   -99   -99   -99   -99   -99   -99   -99   -99   -99   -99   -99   -99 
1901  25.8  26.3  26.2  25.2  24.1  21.6  20.7  20.1  19.8  22.7  23.5  24.4   506   506   506   506   506   506   506   506   506   506   506   506 
1902  24.6  25.2  26.0  25.5  24.6  21.4  20.1  19.9  20.4  22.7  24.2  25.4   506   506   506   506   506   506   506   506   506   506   506   506 
1903  27.3  26.8  27.6  26.4  23.7  20.6  19.8  19.6  20.3  22.9  24.0  24.1   506   506   506   506   506   506   506   506   506   506   506   506 
1904  24.2  24.3  25.1  25.2  23.5  21.0  19.0  18.8  20.0  22.0  23.8  23.2   506   506   506   506   506   506   506   506   506   506   506   506 
1905  24.6  25.6  25.7  25.8  23.4  19.9  19.1  19.2  20.6  23.6  25.0  25.6   506   506   506   506   506   506   506   506   506   506   506   506 
1906  26.1  25.8  26.3  25.1  23.1  20.0  19.1  18.8  20.4  22.4  24.3  24.5   506   506   506   506   506   506   506   506   506   506   506   506 
1907  24.4  25.6  26.4  25.2  23.4  19.2  19.1  19.3  20.5  21.6  23.0  23.6   506   506   506   506   506   506   506   506   506   506   506   506 
1908  24.7  24.7  26.4  25.6  24.3  20.3  19.2  20.0  21.0  23.0  23.9  24.5   506   506   506   506   506   506   506   506   506   506   506   506 
1909  24.2  25.7  26.4  25.4  24.9  21.6  20.5  20.3  20.8  23.6  24.7  24.5   506   506   506   506   506   506   506   506   506   506   506   506 
1910  25.4  26.1  26.0  25.2  25.4  21.6  20.3  20.5  20.7  22.4  23.3  23.5   506   506   506   506   506   506   506   506   506   506   506   506 
1911  23.2  24.7  24.2  24.2  21.2  18.1  18.7  18.2  19.7  22.3  24.6  25.3   506   506   506   506   506   506   506   506   506   506   506   506 
1912  26.9  26.7  27.0  26.1  24.3  21.5  20.7  20.1  20.2  22.6  24.2  24.7   506   506   506   506   506   506   506   506   506   506   506   506 
1913  25.4  25.7  26.4  26.0  25.4  21.3  20.2  19.9  20.2  21.2  22.5  23.6   506   506   506   506   506   506   506   506   506   506   506   506 
1914  25.3  25.9  25.5  25.2  23.0  19.5  18.9  19.4  20.9  23.3  24.6  25.1   506   506   506   506   506   506   506   506   506   506   506   506 
1915  24.9  25.1  26.9  26.3  23.5  20.1  18.6  19.3  21.0  23.6  24.9  25.2   506   506   506   506   506   506   506   506   506   506   506   506 
1916  26.1  26.8  26.7  25.2  24.0  21.2  20.6  19.9  21.4  23.8  24.6  25.6   506   506   506   506   506   506   506   506   506   506   506   506 
1917  25.8  26.1  26.5  25.9  24.7  21.3  20.9  20.1  20.3  22.0  23.0  23.5   506   506   506   506   506   506   506   506   506   506   506   506 
1918  23.4  25.1  25.6  25.6  23.6  20.1  19.7  19.4  21.0  22.6  23.6  25.0   506   506   506   506   506   506   506   506   506   506   506   506 
1919  24.6  24.6  25.4  24.3  22.3  20.0  19.2  19.1  20.4  23.0  24.1  25.4   506   506   506   506   506   506   506   506   506   506   506   506 
1920  26.0  25.8  25.6  25.5  23.8  20.9  19.8  19.0  20.3  22.8  24.5  25.4   506   506   506   506   506   506   506   506   506   506   506   506 
1921  25.4  25.6  26.7  25.9  24.2  22.0  21.0  20.4  21.3  23.1  23.4  23.3   506   506   506   506   506   506   506   506   506   506   506   506 
1922  24.0  25.0  26.6  26.0  23.9  19.7  19.7  19.1  20.2  22.2  24.0  25.5   506   506   506   506   506   506   506   506   506   506   506   506 
1923  25.6  25.7  26.4  25.9  23.7  19.8  18.7  18.9  19.9  22.0  24.4  25.6   506   506   506   506   506   506   506   506   506   506   506   506 
1924  26.4  26.7  26.1  26.0  25.1  22.1  21.3  20.5  21.2  22.9  24.1  23.6   506   506   506   506   506   506   506   506   506   506   506   506 
1925  24.6  26.0  26.2  25.6  23.7  21.6  20.7  20.3  20.8  22.0  23.8  25.4   506   506   506   506   506   506   506   506   506   506   506   506 
1926  26.2  27.1  26.8  26.3  23.9  20.8  20.7  20.5  21.5  23.2  24.3  23.8   506   506   506   506   506   506   506   506   506   506   506   506 
1927  25.1  26.4  26.4  26.1  24.9  21.7  20.0  19.6  20.2  22.3  24.0  24.8   506   506   506   506   506   506   506   506   506   506   506   506 
1928  25.1  25.9  25.9  25.9  25.0  22.3  20.8  20.0  21.0  23.4  24.9  25.1   506   506   506   506   506   506   506   506   506   506   506   506 
1929  25.4  26.6  26.1  25.6  22.4  20.6  19.3  19.3  20.5  23.0  24.8  24.8   506   506   506   506   506   506   506   506   506   506   506   506 
1930  25.0  25.5  24.6  25.3  24.5  20.2  19.3  19.3  20.3  22.6  24.2  24.8   506   506   506   506   506   506   506   506   506   506   506   506 
1931  26.1  27.0  27.2  26.0  24.9  21.4  19.7  19.3  21.0  23.4  24.3  25.3   506   506   506   506   506   506   506   506   506   506   506   506 
1932  25.5  25.7  25.2  25.1  22.7  19.7  19.0  19.2  20.7  24.1  25.5  26.1   506   506   506   506   506   506   506   506   506   506   506   506 
1933  26.5  27.5  27.9  26.4  25.0  21.9  20.8  20.1  21.0  23.4  24.7  25.6   506   506   506   506   506   506   506   506   506   506   506   506 
1934  26.1  27.0  27.1  26.5  26.3  23.9  23.1  21.9  22.2  23.2  24.9  25.5   506   506   506   506   506   506   506   506   506   506   506   506 
1935  25.9  26.2  26.9  26.1  25.0  22.3  21.5  20.7  21.4  23.8  25.4  26.1   506   506   506   506   506   506   506   506   506   506   506   506 
1936  26.6  26.5  26.5  25.6  24.1  21.1  20.2  20.1  22.0  24.2  24.9  25.8   506   506   506   506   506   506   506   506   506   506   506   506 
1937  27.0  27.2  27.5  26.9  25.9  23.0  21.3  20.6  21.2  23.5  24.9  26.2   506   506   506   506   506   506   506   506   506   506   506   506 
1938  25.7  26.6  27.0  26.3  24.4  21.4  20.6  20.9  21.2  23.4  25.4  25.1   506   506   506   506   506   506   506   506   506   506   506   506 
1939  25.9  26.2  26.6  26.4  25.6  22.9  20.1  20.2  21.0  22.3  24.4  25.4   506   506   506   506   506   506   506   506   506   506   506   506 
1940  26.7  27.7  27.4  26.1  23.8  21.0  19.6  20.0  21.1  23.2  23.9  25.4   506   506   506   506   506   506   506   506   506   506   506   506 
1941  26.4  27.2  27.9  26.7  24.8  21.7  19.8  20.0  21.0  23.8  24.4  25.3   506   506   506   506   506   506   506   506   506   506   506   506 
1942  25.9  26.6  27.1  26.2  23.9  20.9  20.1  20.1  21.6  23.2  24.7  25.3   506   506   506   506   506   506   506   506   506   506   506   506 
1943  25.6  25.6  25.8  25.5  23.1  19.4  19.1  19.8  21.2  24.3  25.2  25.2   506   506   506   506   506   506   506   506   506   506   506   506 
1944  26.1  27.4  27.3  26.7  26.3  21.7  21.6  21.7  21.6  24.2  25.8  26.4   506   506   506   506   506   506   506   506   506   506   506   506 
1945  26.8  27.1  27.0  26.0  25.0  21.6  21.0  20.7  21.6  24.6  25.9  26.5   506   506   506   506   506   506   506   506   506   506   506   506 
1946  26.1  26.2  26.6  26.0  23.3  21.1  20.3  20.2  22.0  23.8  25.7  26.7   506   506   506   506   506   506   506   506   506   506   506   506 
1947  27.2  27.4  27.8  26.7  26.7  22.9  20.7  21.3  21.2  23.8  25.2  24.1   506   506   506   506   506   506   506   506   506   506   506   506 
1948  24.9  25.9  26.0  24.9  23.6  21.9  20.4  20.1  21.5  24.0  25.0  25.4   506   506   506   506   506   506   506   506   506   506   506   506 
1949  25.9  27.1  27.3  27.0  25.6  22.3  21.9  20.9  21.8  24.2  25.3  25.0   506   506   506   506   506   506   506   506   506   506   506   506 
1950  26.3  27.8  27.0  26.5  24.7  22.7  20.0  19.9  20.7  22.9  24.9  25.4   506   506   506   506   506   506   506   506   506   506   506   506 
1951  25.6  26.7  27.9  27.5  25.5  22.1  21.4  21.0  22.2  24.7  26.2  26.9   506   506   506   506   506   506   506   506   506   506   506   506 
1952  27.3  27.5  27.4  27.1  26.5  23.0  20.7  20.4  22.0  24.5  25.6  25.6   506   506   506   506   506   506   506   506   506   506   506   506 
1953 -99.0 -99.0 -99.0 -99.0 -99.0 -99.0 -99.0 -99.0 -99.0 -99.0 -99.0 -99.0   -99   -99   -99   -99   -99   -99   -99   -99   -99   -99   -99   -99 
1954 -99.0 -99.0 -99.0 -99.0 -99.0 -99.0 -99.0 -99.0 -99.0 -99.0 -99.0 -99.0   -99   -99   -99   -99   -99   -99   -99   -99   -99   -99   -99   -99 
1955  25.9  25.3  27.1  26.5  25.5  21.6  20.2  19.8  22.3  24.8  25.9  25.2   506   506   506   506   506   506   506   506   506   506   506   506 
1956  25.7  26.2  26.4  26.6  25.0  22.6  19.8  20.2  22.5  24.4  24.8  25.3   506   506   506   506   506   506   506   506   506   506   506   506 
1957  26.0  27.8  27.5  27.6  26.8  22.9  20.6  20.7  22.2  23.7  25.7  26.9   506   506   506   506   506   506   506   506   506   506   506   506 
1958  27.1  26.2  26.5  26.3  23.1  20.3  19.3  19.9  22.2  25.2  25.9  26.3   506   506   506   506   506   506   506   506   506   506   506   506 
1959  27.0  27.5  27.3  27.3  24.5  21.8  20.9  20.8  22.3  24.3  25.8  26.0   506   506   506   506   506   506   506   506   506   506   506   506 
1960  26.5  27.1  27.0  27.1  25.1  22.7  21.5  21.2  22.9  24.9  26.7  26.6   506   506   506   506   506   506   506   506   506   506   506   506 
1961  27.0  26.6  27.6  27.0  25.0  21.0  20.8  21.0  22.9  24.7  25.9  26.3   506   506   506   506   506   506   506   506   506   506   506   506 
1962  27.1  27.3  27.3  27.2  26.0  21.9  20.4  20.5  22.1  24.4  26.3  26.9   506   506   506   506   506   506   506   506   506   506   506   506 
1963  27.3  27.8  28.3  27.1  27.2  24.3  21.2  21.6  22.7  23.5  25.0  25.8   506   506   506   506   506   506   506   506   506   506   506   506 
1964  27.1  26.4  27.0  27.1  26.2  23.0  21.4  21.0  22.0  23.8  25.3  26.2   506   506   506   506   506   506   506   506   506   506   506   506 
1965  26.7  27.4  27.5  27.1  26.5  22.9  20.5  21.0  22.1  23.4  24.3  25.0   506   506   506   506   506   506   506   506   506   506   506   506 
1966  26.3  27.3  27.5  27.1  25.9  23.0  22.1  21.1  21.8  23.8  25.9  26.6   506   506   506   506   506   506   506   506   506   506   506   506 
1967  26.1  27.3  27.2  26.6  25.0  22.5  20.8  21.0  21.9  24.1  25.8  25.6   506   506   506   506   506   506   506   506   506   506   506   506 
1968  27.0  27.3  27.2  26.8  25.8  21.7  20.0  20.6  21.8  23.7  25.2  25.0   506   506   506   506   506   506   506   506   506   506   506   506 
1969  26.9  28.0  27.5  26.5  24.3  21.6  20.7  21.6  22.3  24.1  25.8  26.4   506   506   506   506   506   506   506   506   506   506   506   506 
1970  26.5  27.6  27.4  27.3  25.3  22.6  20.6  21.0  23.0  24.3  26.1  26.3   506   506   506   506   506   506   506   506   506   506   506   506 
1971  26.0  27.3  27.3  26.9  27.0  23.6  21.3  21.0  22.1  23.8  25.0  23.9   506   506   506   506   506   506   506   506   506   506   506   506 
1972  25.6  26.1  27.2  26.1  25.3  21.7  21.2  20.6  22.4  24.0  26.1  26.9   506   506   506   506   506   506   506   506   506   506   506   506 
1973  27.7  28.2  28.1  27.4  26.4  23.1  21.8  21.9  23.5  25.3  26.1  25.2   506   506   506   506   506   506   506   506   506   506   506   506 
1974  26.0  27.0  27.3  27.6  26.4  23.0  22.1  21.9  22.8  24.2  25.4  24.9   506   506   506   506   506   506   506   506   506   506   506   506 
1975  26.2  26.7  27.6  27.2  26.1  23.7  21.2  21.0  22.8  24.9  26.2  26.0   506   506   506   506   506   506   506   506   506   506   506   506 
1976  25.9  27.7  27.8  26.9  25.1  21.0  20.5  20.9  22.5  22.9  24.6  26.3   506   506   506   506   506   506   506   506   506   506   506   506 
1977  27.4  27.5  28.3  27.7  25.9  22.9  21.5  22.1  23.4  25.0  26.3  25.3   506   506   506   506   506   506   506   506   506   506   506   506 
1978  25.6  26.5  26.7  24.9  24.9  23.3  21.7  21.2  22.9  24.8  26.4  26.7   506   506   506   506   506   506   506   506   506   506   506   506 
1979  27.1  27.5  28.2  27.6  25.9  23.3  21.5  21.0  22.7  24.1  25.7  26.2   506   506   506   506   506   506   506   506   506   506   506   506 
1980  26.8  27.7  27.5  27.9  26.3  23.9  20.6  20.9  22.8  24.6  25.3  25.6   506   506   506   506   506   506   506   506   506   506   506   506 
1981  27.0  28.5  27.7  27.7  24.5  22.4  21.2  20.8  23.0  25.1  26.2  26.2   506   506   506   506   506   506   506   506   506   506   506   506 
1982  26.3  28.1  27.3  26.2  23.9  21.3  20.4  21.0  22.6  24.5  25.5  26.5   506   506   506   506   506   506   506   506   506   506   506   506 
1983  27.8  28.7  28.4  27.7  25.2  21.5  20.8  23.4  23.0  24.9  26.2  26.4   506   506   506   506   506   506   506   506   506   506   506   506 
1984  29.9  28.4  28.0  28.2  27.8  25.0  24.1  24.0  24.6  26.4  26.7  26.0   506   506   506   506   506   506   506   506   506   506   506   506 
1985  26.4  27.8  27.5  27.6  25.5  23.0  21.5  22.6  22.9  24.6  26.0  26.4   506   506   506   506   506   506   506   506   506   506   506   506 
1986  26.7  27.7  27.6  27.5  27.1  25.1  21.6  20.6  22.1  23.4  24.7  25.8   506   506   506   506   506   506   506   506   506   506   506   506 
1987  26.2  28.0  27.6  27.8  27.2  23.9  22.0  21.9  23.8  25.3  27.1 -99.0   506   506   506   506   506   506   506   506   506   506   506   -99 
1988  27.4  28.7  28.3  28.0  27.3  24.8  22.2  22.4  23.5  24.4  26.3  26.6   506   506   506   506   506   506   506   506   506   506   506   506 
1989  26.4  28.1  27.5  27.6  27.0  24.1  22.3  22.2  23.6  24.7  26.2  25.9   506   506   506   506   506   506   506   506   506   506   506   506 
1990  26.8  27.9  28.6  28.0  26.7  23.8  21.4  22.3  23.6  25.5  27.1  25.0   506   506   506   506   506   506   506   506   506   506   506   506 
1991  26.5  27.9  28.1  27.8  27.9  24.5  22.3  21.5  21.3  23.5  25.5  25.7   506   506   506   506   506   506   506   506   506   506   506   506 
1992  26.3  25.7  27.7  27.0  25.4  22.4  21.0  21.3  22.4  25.1  26.4  26.5   506   506   506   506   506   506   506   506   506   506   506   506 
1993  27.3  27.8  27.8  27.4  25.9  24.2  23.3  22.5  23.6  25.9  27.0  27.8   506   506   506   506   506   506   506   506   506   506   506   506 
1994  26.6  26.8  28.2  27.8  26.6  23.8  22.2  22.1  22.7  26.2  27.2  27.8   506   506   506   506   506   506   506   506   506   506   506   506 
1995  27.7  28.4  28.5  28.5  26.4  24.3  22.4  22.3  23.2  25.5  27.0  26.5   506   506   506   506   506   506   506   506   506   506   506   506 
1996  26.6  27.9  28.3  28.3  26.7  24.2  22.1  21.8  23.3  25.1  25.7  26.0   506   506   506   506   506   506   506   506   506   506   506   506 
1997 -99.0 -99.0 -99.0 -99.0 -99.0 -99.0 -99.0 -99.0 -99.0 -99.0 -99.0  27.9   -99   -99   -99   -99   -99   -99   -99   -99   -99   -99   -99   506 
1998  28.6  29.4  29.2  28.7  27.8  25.5  23.4  22.6  25.0  26.6  27.4  26.9   506   506   506   506   506   506   506   506   506   506   506   506 
1999  26.5  27.8  28.1  28.4  27.2  24.9  22.6  22.5  23.1  24.7  26.9  27.1   506   506   506   506   506   506   506   506   506   506   506   506 
2000  26.9  28.8  28.4  28.1  26.9  23.9  22.0  22.0  22.4  24.4  25.6  26.7   506   506   506   506   506   506   506   506   506   506   506   506 
2001  28.0  28.7  28.3  28.3  26.9  24.4  21.6  20.8  22.3  25.9  26.6  26.5   506   506   506   506   506   506   506   506   506   506   506   506 
2002  26.8  28.1  28.8  28.4  28.2  24.3  22.7  22.3  23.3  24.8  26.4  27.3   506   506   506   506   506   506   506   506   506   506   506   506 
2003  27.9  29.0  29.2  28.6  26.8  24.4  23.4  22.6  24.1  26.1  27.0  27.8   506   506   506   506   506   506   506   506   506   506   506   506 
2004  27.8  28.1  27.7  26.2  25.5  23.3  21.6  22.6  23.7  25.8  26.9  27.6   506   506   506   506   506   506   506   506   506   506   506   506 
2005  28.2  28.7  28.8  26.8  24.2  23.0  23.5 -99.0  23.9  25.7  26.9  26.8   506   506   506   506   506   506   506   -99   506   506   506   506 
2006  26.8  27.5  28.0  27.3  26.9 -99.0 -99.0 -99.0 -99.0 -99.0 -99.0 -99.0   506   506   506   506   506   -99   -99   -99   -99   -99   -99   -99 
2007 -99.0 -99.0 -99.0 -99.0 -99.0 -99.0 -99.0 -99.0 -99.0 -99.0 -99.0 -99.0   -99   -99   -99   -99   -99   -99   -99   -99   -99   -99   -99   -99 
2008 -99.0 -99.0 -99.0 -99.0 -99.0 -99.0 -99.0 -99.0 -99.0 -99.0 -99.0 -99.0   -99   -99   -99   -99   -99   -99   -99   -99   -99   -99   -99   -99 
2009 -99.0 -99.0 -99.0 -99.0 -99.0 -99.0 -99.0 -99.0 -99.0 -99.0 -99.0 -99.0   -99   -99   -99   -99   -99   -99   -99   -99   -99   -99   -99   -99 
2010 -99.0 -99.0 -99.0 -99.0 -99.0 -99.0 -99.0  21.6  23.2  23.6  23.6  23.6   -99   -99   -99   -99   -99   -99   -99   506   506   506   506   506 
2011  23.4 -99.0 -99.0  27.0  25.0 -99.0 -99.0 -99.0 -99.0  22.8  26.0 -99.0   506   -99   -99   506   506   -99   -99   -99   -99   506   506   -99 
2012  25.5  25.4 -99.0  27.2 -99.0  23.4  21.4  21.3  23.2  25.0  26.4  26.6   506   506   -99   506   -99   506   506   506   506   506   506   506 
2013  27.3 -99.0  27.7 -99.0  25.8  23.4  21.0 -99.0  22.5  24.4  25.7 -99.0   506   -99   506   -99   506   506   506   -99   506   506   506   -99 
2014  26.7  27.1 -99.0  27.0  26.7  23.8  20.8  21.5  22.4  24.4  26.4 -99.0   506   506   -99   506   903   903   903   903   902   506   506   -99 
2015  26.8  27.2  27.1  26.8  26.5  22.1  21.4  21.0 -99.0  24.9  26.4  26.9   506   506   506   903   506   506   506   506   -99   506   506   506 
2016  28.2  27.9  28.1  27.6  25.8  23.4  22.0  22.0 -99.0  25.1  26.7  27.1   506   506   506   506   506   506   506   900   -99   900   900   903 
2017  26.6  26.7  27.3  26.8  25.7  23.2  21.5  21.7  23.5 -99.0 -99.0 -99.0   900   900   900   900   903   900   900   900   900   -99   -99   -99 
