Number= 600200
Name= SANTA CRUZ DE TENERI
Country= CANARY IS.
Lat=   28.5
Long=   16.3
Height= 35
Start year= 1925
End year= 2020
First Good year= 1925
Source ID= 10
Source file= Jones
Jones data to= 2014
Normals source= Data
Normals source start year= 1961
Normals source end year= 1990
Normals=  17.9  18.0  18.7  19.1  20.5  22.1  24.5  25.1  24.5  22.9  20.7  18.8 
Standard deviations source= Data
Standard deviations source start year= 1941
Standard deviations source end year= 1990
Standard deviations=   0.8   0.8   0.9   0.7   0.9   0.6   0.7   0.9   0.7   0.6   0.7   0.8 
Obs:
1925  16.9  16.7  17.2  18.0  19.9  21.8  22.9  25.4  25.1  22.8  20.9  20.1   506   506   506   506   506   506   506   506   506   506   506   506 
1926  18.4  18.6  18.8  19.8  20.7  23.7  24.7  25.7  25.8  24.1  20.4  18.5   506   506   506   506   506   506   506   506   506   506   506   506 
1927  17.8  17.0  18.0  18.6  21.2  22.8  25.4  26.4  24.8  22.8  20.5  19.0   506   506   506   506   506   506   506   506   506   506   506   506 
1928  17.5  17.3  18.6  19.0  19.8  20.0  25.4  26.0  25.3  22.7  20.4  18.3   506   506   506   506   506   506   506   506   506   506   506   506 
1929  18.2  17.7  19.1  19.4  19.7  22.0  24.8  24.3  22.9  22.4  20.6  19.2   506   506   506   506   506   506   506   506   506   506   506   506 
1930  17.2  16.6  17.2  18.4  19.8  21.1  24.1  25.1 -99.0  22.8  21.1  18.3   506   506   506   506   506   506   506   506   -99   506   506   506 
1931  17.4  17.0  19.1  18.8  20.3  22.3  23.9  24.8  23.8  23.5  21.7  18.4   506   506   506   506   506   506   506   506   506   506   506   506 
1932  18.0  17.8  18.3  18.5  20.3  22.0  23.2  25.0  23.7  22.3  20.5  18.3   506   506   506   506   506   506   506   506   506   506   506   506 
1933  17.0  18.3  18.5  20.7  21.8  22.0  24.2  25.2  23.9  23.0  19.8  17.7   506   506   506   506   506   506   506   506   506   506   506   506 
1934  17.1  16.6  16.7  18.5  19.5  21.9  23.7  24.5  23.4  22.9  19.8  18.8   506   506   506   506   506   506   506   506   506   506   506   506 
1935  17.5  16.5  17.9  20.0  20.2  21.9  24.0  23.8  23.8  21.5  19.9  18.1   506   506   506   506   506   506   506   506   506   506   506   506 
1936  18.1  18.1  18.1  19.3  19.2  21.7  24.0  24.4  25.0  22.3  19.8  17.7   506   506   506   506   506   506   506   506   506   506   506   506 
1937  17.4  17.9  19.1  20.1  19.6  22.1  25.0  25.4  24.1  22.4  22.1  19.6   506   506   506   506   506   506   506   506   506   506   506   506 
1938  17.7  18.5  19.1  19.9  20.9  22.4  23.8  23.9  23.4  22.4  20.9  18.4   506   506   506   506   506   506   506   506   506   506   506   506 
1939  17.3  17.4  18.0  19.1  20.5  22.6  24.3  24.2  25.5  22.4  20.3  18.9   506   506   506   506   506   506   506   506   506   506   506   506 
1940  18.0  18.0  20.1  19.4  20.1  21.9  24.0  27.1  24.2  22.8  21.3  18.6   506   506   506   506   506   506   506   506   506   506   506   506 
1941  17.6  18.1  18.6  18.5  20.5  22.9  24.6  25.3  24.7  23.5  21.6  18.8   506   506   506   506   506   506   506   506   506   506   506   506 
1942  17.7  18.1  19.1  19.9  21.6  22.5  24.1  24.8  24.1  23.8  20.0  19.3   506   506   506   506   506   506   506   506   506   506   506   506 
1943  17.7  16.9  17.0  19.3  20.4  23.2  23.9  26.0  24.0  21.8  19.2  17.2   506   506   506   506   506   506   506   506   506   506   506   506 
1944  17.1  16.9  17.5  19.8  20.5  22.4  24.3  25.1  23.9  22.3  19.5  17.4   506   506   506   506   506   506   506   506   506   506   506   506 
1945  15.8  16.5  17.9  20.1  20.4  21.5  23.7  23.3  24.1  23.4  21.1  20.6   506   506   506   506   506   506   506   506   506   506   506   506 
1946  18.4  18.1  17.6  18.3  19.5  21.8  23.9  24.1  24.2  22.8  20.0  17.7   506   506   506   506   506   506   506   506   506   506   506   506 
1947  16.9  17.7  19.0  20.0  19.9  21.6  22.5  24.7  23.7  22.6  21.3  18.4   506   506   506   506   506   506   506   506   506   506   506   506 
1948  18.0  18.1  18.7  18.5  19.9  22.3  23.9  23.3  23.0  22.7  21.3  18.9   506   506   506   506   506   506   506   506   506   506   506   506 
1949  17.7  17.6  17.5  19.7  19.4  21.9  24.6  26.7  24.2  22.8  21.5  18.6   506   506   506   506   506   506   506   506   506   506   506   506 
1950  17.1  17.3  18.1  18.8  20.1  21.7  24.7  24.4  24.2  22.4  20.1  18.8   506   506   506   506   506   506   506   506   506   506   506   506 
1951  17.1  16.5  18.3  18.6  19.7  23.2  24.3  24.6  24.2  21.6  19.5  17.9   506   506   506   506   506   506   506   506   506   506   506   506 
1952  16.7  16.9  19.2  18.5  20.2  23.9  25.3  25.2  23.7  23.7  20.8  18.8   506   506   506   506   506   506   506   506   506   506   506   506 
1953  14.9  16.8  17.8  19.6  22.1  22.7  25.4  25.2  24.8  22.0  20.7  17.6   506   506   506   506   506   506   506   506   506   506   506   506 
1954  17.5  16.2  18.0  18.1  20.6  22.6  24.6  24.0  23.6  23.7  20.1  18.1   506   506   506   506   506   506   506   506   506   506   506   506 
1955  18.2  18.8  18.1  19.8  22.4  23.4  24.6  24.9  25.2  22.8  21.0  19.5   506   506   506   506   506   506   506   506   506   506   506   506 
1956  17.7  17.4  17.1  18.3  19.7  21.8  24.6  24.6  23.2  22.9  19.8  17.8   506   506   506   506   506   506   506   506   506   506   506   506 
1957  16.2  17.4  17.9  18.6  17.4  22.2  25.4  24.6  24.9  22.0  20.1  17.4   506   506   506   506   506   506   506   506   506   506   506   506 
1958  17.1  17.9  18.4  19.2  20.9  21.8  23.7  24.9  24.4  23.5  20.1  18.8   506   506   506   506   506   506   506   506   506   506   506   506 
1959  17.6  17.0  17.4  18.8  20.2  21.4  23.3  23.9  23.9  22.6  19.6  18.2   506   506   506   506   506   506   506   506   506   506   506   506 
1960  17.8  18.0  18.6  19.6  21.2  22.3  24.2  24.5  24.3  23.1  21.2  18.2   506   506   506   506   506   506   506   506   506   506   506   506 
1961  17.4  18.8  20.4  20.9  21.8  22.7  26.1  26.5  24.6  22.9  20.8  20.3   506   506   506   506   506   506   506   506   506   506   506   506 
1962  18.0  17.9  19.3  19.5  21.2  22.3  24.5  25.8  24.8  23.1  19.9  19.3   506   506   506   506   506   506   506   506   506   506   506   506 
1963  18.3  18.1  19.2  20.2  19.9  21.9  24.1  24.1  23.5  23.0  21.3  18.8   506   506   506   506   506   506   506   506   506   506   506   506 
1964  17.9  18.4  19.1  19.0  21.6  22.3  24.2  24.6  24.7  23.2  21.1  17.9   506   506   506   506   506   506   506   506   506   506   506   506 
1965  17.2  17.5  19.0  19.1  20.8  23.1  24.0  25.0  23.6  22.3  19.6  19.3   506   506   506   506   506   506   506   506   506   506   506   506 
1966  19.1  19.8  18.9  20.4  21.3  22.4  23.4  25.5  24.8  23.0  20.1  18.0   506   506   506   506   506   506   506   506   506   506   506   506 
1967  18.4  18.0  19.6  18.3  19.9  21.6  24.6  25.4  25.2  22.4  19.1  17.6   506   506   506   506   506   506   506   506   506   506   506   506 
1968  16.9  17.2  16.8  18.3  19.8  21.7  24.8  24.6  24.1  22.7  21.0  19.0   506   506   506   506   506   506   506   506   506   506   506   506 
1969  19.4  19.7  19.4  18.7  20.0  21.9  24.8  24.3  23.3  22.7  20.9  18.0   506   506   506   506   506   506   506   506   506   506   506   506 
1970  19.4  17.9  18.2  19.3  21.2  22.0  24.9  25.1  24.3  22.4  20.2  18.3   506   506   506   506   506   506   506   506   506   506   506   506 
1971  18.2  17.1  17.0  17.9  19.3  21.9  23.7  24.0  23.2  24.4  20.6  17.9   506   506   506   506   506   506   506   506   506   506   506   506 
1972  17.5  16.7  17.0  18.4  19.1  20.9  23.2  24.1  24.2  22.8  20.4  17.8   506   506   506   506   506   506   506   506   506   506   506   506 
1973  16.7  17.1  18.9  19.5  20.9  21.6  24.2  24.5  23.8  22.5  20.9  18.2   506   506   506   506   506   506   506   506   506   506   506   506 
1974  17.5  17.5  17.3  17.8  20.2  21.9  24.3  25.2  23.5  22.3  19.7  18.3   506   506   506   506   506   506   506   506   506   506   506   506 
1975  17.7  17.9  18.4  18.5  20.1  21.7  25.6  25.6  24.2  22.1  20.6  17.9   506   506   506   506   506   506   506   506   506   506   506   506 
1976  17.0  17.4  17.6  18.1  19.1  21.9  24.5  27.2  25.9  23.3  20.6  18.7   506   506   506   506   506   506   506   506   506   506   506   506 
1977  17.9  17.9  19.5  19.7  20.2  21.9  23.1  23.6  24.2  22.6  20.6  19.2   506   506   506   506   506   506   506   506   506   506   506   506 
1978  17.5  18.8  18.6  19.0  20.3  20.9  25.4  24.3  25.8  22.8  21.2  19.4   506   506   506   506   506   506   506   506   506   506   506   506 
1979  17.9  18.6  17.8  19.3  20.9  22.0  24.4  24.3  24.0  22.7  20.6  19.0   506   506   506   506   506   506   506   506   506   506   506   506 
1980  18.0  17.7  19.0  19.9  21.3  22.5  24.7  25.7  24.8  22.7  21.0  18.8   506   506   506   506   506   506   506   506   506   506   506   506 
1981  17.5  16.8  19.6  18.8  20.2  23.0  24.8  24.6  24.3  22.4  22.1  19.8   506   506   506   506   506   506   506   506   506   506   506   506 
1982  18.8  18.6  18.5  19.1  21.0  22.4  24.5  24.4  24.3  23.1  20.8  18.2   506   506   506   506   506   506   506   506   506   506   506   506 
1983  17.9  17.9  19.1  19.8  20.0  23.0  24.0  24.4  25.4  24.6  21.6  19.7   506   506   506   506   506   506   506   506   506   506   506   506 
1984  17.8  17.6  17.8  20.0  19.8  21.6  26.4  24.4  24.0  23.0  20.9  18.7   506   506   506   506   506   506   506   506   506   506   506   506 
1985  17.8  17.9  18.2  19.8  20.0  23.0  24.8  25.7  25.2  23.4  21.6  19.4   506   506   506   506   506   506   506   506   506   506   506   506 
1986  18.6  17.6  17.9  18.3  21.4  21.5  23.6  25.2  25.0  22.9  20.5  18.9   506   506   506   506   506   506   506   506   506   506   506   506 
1987  18.6  19.0  20.0  20.6  21.4  23.4  24.4  25.4  26.4  22.8  21.1  19.4   506   506   506   506   506   506   506   506   506   506   506   506 
1988  17.9  17.4  18.3  19.2  20.7  22.0  24.7  25.2  24.4  22.6  20.8  19.0   506   506   506   506   506   506   506   506   506   506   506   506 
1989  17.8  18.0  19.2  18.7  20.6  23.0  25.2  26.2  24.4  23.5  20.8  19.4   506   506   506   506   506   506   506   506   506   506   506   506 
1990  17.5  18.8  20.0  18.2  20.6  22.4  24.4  27.2  24.5  22.8  21.4  19.1   506   506   506   506   506   506   506   506   506   506   506   506 
1991  17.4  17.0 -99.0 -99.0  19.6  22.0  23.7  24.3  24.8 -99.0  20.5 -99.0   506   506   -99   -99   506   506   506   506   506   -99   506   -99 
1992  17.9  17.7  18.3  19.4  20.3 -99.0  23.6  24.3  23.7  22.0  20.0 -99.0   506   506   506   506   506   -99   506   506   506   506   506   -99 
1993  17.1  17.1  17.9  18.6  19.5  22.0  23.7  24.2  23.2  21.7  18.9 -99.0   506   506   506   506   506   506   506   506   506   506   506   -99 
1994  16.9  17.5  17.7  18.2  19.8  22.1  24.4  24.5  23.5  22.5  20.9  19.4   506   506   506   506   506   506   506   506   506   506   506   506 
1995  17.9  18.0  19.5  20.1  22.9  23.7  26.2  26.1  25.2  23.8  21.9  20.3   506   506   506   506   506   506   506   506   506   506   506   506 
1996  19.1  18.5  18.4  20.2  22.4  23.6  25.1  25.6  25.0  23.4  21.7  20.0   506   506   506   506   506   506   506   506   506   506   506   506 
1997  18.9  19.7  20.7  20.9  21.8  23.9  24.9  25.1  25.5  24.2  23.0  20.9   506   506   506   506   506   506   506   506   506   506   506   506 
1998  19.9  21.3  21.4  21.0  21.4  23.9  25.3  26.2  25.6  23.5  22.7  19.7   506   506   506   506   506   506   506   506   506   506   506   506 
1999  18.3  18.2  19.1  20.9  21.6  23.4  25.8  26.1  25.6  23.2  21.0  18.5   506   506   506   506   506   506   506   506   506   506   506   506 
2000  17.4  18.2  19.0  18.8  20.6  22.6  24.6  25.4  24.3  22.7  20.6  19.5   506   506   506   506   506   506   506   506   506   506   506   506 
2001  18.7  18.4  19.6  19.9  21.1  23.3  24.9  25.8  25.4  24.3  20.9  20.5   506   506   506   506   506   506   506   506   506   506   506   506 
2002  19.3  19.0  19.5  19.8  20.5  22.6  23.9  24.6  24.8  24.5  21.8  19.7   506   506   506   506   506   506   506   506   506   506   506   506 
2003  18.5  18.1  19.2  20.0  22.2  24.0  25.9  26.6  25.9  23.8  20.8  19.6   506   506   506   506   506   506   506   506   506   506   506   506 
2004  18.5  19.3  19.4  19.4  20.6  24.8  26.8 -99.0  25.9  24.3  21.5  18.8   506   506   506   506   506   506   506   -99   506   506   506   506 
2005  17.4  16.6  18.6  19.5  21.3  23.1  24.8  25.3  25.3  23.7  21.0  19.1   506   506   506   506   506   506   506   506   506   506   506   506 
2006  17.6  17.9  18.5  19.9  21.3  22.9  25.1  25.9  26.2  23.8  22.4  19.1   506   506   506   506   506   506   506   506   506   506   506   506 
2007  18.5  18.6  18.6  19.4  21.4  22.6  25.6  24.9  24.1  23.6  21.6  19.4   506   506   506   506   506   506   506   506   506   506   506   506 
2008  19.2  19.3  19.0  21.4  22.0  23.5  25.0  25.3  24.4  22.8  19.9  18.2   506   506   506   506   506   506   506   506   506   506   506   506 
2009  17.5  17.3  18.8  19.3  20.8  23.1  27.0  26.3  25.0  24.2  22.2  20.9   506   506   506   506   506   506   506   506   506   506   506   506 
2010  19.2  20.2  20.1  20.9  21.4  22.9  24.9  26.5  25.4  23.8  22.0  20.6   506   506   506   506   506   506   506   506   506   506   506   506 
2011  18.8  18.1  18.1  19.5  21.2  23.9  24.4  25.5  25.2  23.9  21.0  19.3   506   506   506   506   506   506   506   506   506   506   506   506 
2012  18.2  16.7  18.4  18.9  22.3  24.3  25.7  26.5  25.5  23.9  21.1  19.2   506   506   506   506   506   506   506   506   506   506   506   506 
2013  18.4  18.2  19.4  20.6  20.5  22.3  24.6  26.2  24.7  23.3  21.4  19.0   506   506   506   506   506   506   506   506   506   506   506   506 
2014  17.8  17.6  18.2  19.9  21.8  23.2  24.6  26.2  25.6  24.6  21.7  19.3   506   506   506   506   506   506   506   506   506   506   506   506 
2015  18.1  17.7  18.6  19.3  22.4  23.2  26.6  26.1  25.7  24.3  21.9  20.7   900   900   900   900   900   900   900   900   900   900   902   900 
2016  19.6  18.6  18.3  19.9  21.1  23.9  26.1  26.5  25.2  23.9  21.1  20.0   900   900   900   900   900   900   900   900   900   900   900   900 
2017  18.8  18.7  19.6  21.5  22.7  24.6  25.4  26.7  25.3  25.0  22.2  19.5   900   900   900   900   900   900   900   900   900   900   900   900 
2018  18.3  17.7  19.7  19.9  20.6  22.7  24.4  25.6  25.3  23.3  20.7  19.8   900   900   900   900   900   900   900   900   900   900   900   900 
2019  18.2  19.1  19.1  20.0  21.8  23.2  24.8  26.0  24.8  23.7  21.8  19.9   900   900   900   900   900   900   900   900   900   900   900   900 
2020  18.7  20.4  19.2  21.0  22.4  24.1  26.4  26.6  25.6  23.6  22.2  19.8   900   900   900   900   900   900   900   900   900   900   900   900 
