Number= 601910
Name= BENI MELLAL
Country= MOROCCO
Lat=   32.4
Long=    6.4
Height= 468
Start year= 1991
End year= 2012
First Good year= 1991
Source ID= 98
Source file= Jones
Jones data to= 2012
Normals source start year= 1991
Normals source end year= 1990
Normals= -99.0 -99.0 -99.0 -99.0 -99.0 -99.0 -99.0 -99.0 -99.0 -99.0 -99.0 -99.0 
Standard deviations source= Data
Standard deviations source start year= 1991
Standard deviations source end year= 1990
Obs:
1991   9.8   9.8  12.3  15.6  19.0  25.2  28.7  29.6  24.8  17.5  14.2  12.7   506   506   506   506   506   506   506   506   506   506   506   506 
1992   9.8  13.1  13.6  16.7  21.5  20.1  27.4  28.7  25.4  17.5  14.4  11.0   506   506   506   506   506   506   506   506   506   506   506   506 
1993   9.1  11.5  14.6  16.2  18.8  23.8  29.3  27.4  22.2  17.5  12.5  11.0   506   506   506   506   506   506   506   506   506   506   506   506 
1994   9.5  11.4  14.3  16.4  20.5  25.5  30.5  28.8  23.6  19.2  15.8  11.7   506   506   506   506   506   506   506   506   506   506   506   506 
1995  10.7  12.8  14.9  16.5  23.8  23.5  28.6  28.3  23.2  21.8  16.9  12.7   506   506   506   506   506   506   506   506   506   506   506   506 
1996  12.2  10.4  13.4  17.1  20.6  25.8  28.6  26.2  22.9  19.7  15.0  12.3   506   506   506   506   506   506   506   506   506   506   506   506 
1997  11.8  14.2  15.9  17.9  20.0  23.4  25.8  26.6  25.0  21.3  15.5  12.3   506   506   506   506   506   506   506   506   506   506   506   506 
1998  11.0  14.8  16.3  17.1  18.8  25.9  29.1  29.2  25.3  20.1  16.0  10.5   506   506   506   506   506   506   506   506   506   506   506   506 
1999  10.5   9.6  13.5  18.5  22.5  25.6  28.7  28.7  24.4  20.8  13.8  11.1   506   506   506   506   506   506   506   506   506   506   506   506 
2000   9.2  14.3  17.0  16.1  20.9  27.3  29.1  29.8  25.6  18.1  14.3  12.3   506   506   506   506   506   506   506   506   506   506   506   506 
2001  11.1  12.0  17.0  18.7  20.8  27.7  28.3  29.5  24.2  23.2  15.4  14.3   506   506   506   506   506   506   506   506   506   506   506   506 
2002  12.8  14.0  14.8  16.4  20.9  24.8  27.8  26.4  24.6  22.1  15.7  13.2   506   506   506   506   506   506   506   506   506   506   506   506 
2003   9.7  10.3  16.3  17.5  23.0  26.9  29.9  29.7  26.5  20.1  14.4  11.5   506   506   506   506   506   506   506   506   506   506   506   506 
2004  10.4  12.7  13.9  16.7  18.2  26.9  29.0  28.9  25.8  21.3  14.2  10.0   506   506   506   506   506   506   506   506   506   506   506   506 
2005   9.1   9.7  15.8  18.7  23.2  27.6  28.5  29.7  25.0  21.9  14.8  11.0   506   506   506   506   506   506   506   506   506   506   506   506 
2006   8.5  10.2  14.7  18.8  23.2  24.6  30.3  28.6  25.5  22.0  16.6  10.0   506   506   506   506   506   506   506   506   506   506   506   506 
2007  11.1  13.5  14.4  15.7  20.3  24.5  29.8  28.0  24.2  20.7  15.7  11.9   506   506   506   506   506   506   506   506   506   506   506   506 
2008  11.7  13.8  15.2  18.8  19.7  25.9  29.0  29.0  24.5  18.3  12.4  10.2   506   506   506   506   506   506   506   506   506   506   506   506 
2009   9.5  12.2  15.6  16.1  21.9  25.8  30.7  28.8  23.1  23.0  17.2  13.8   506   506   506   506   506   506   506   506   506   506   506   506 
2010  11.8  14.3  16.0  19.8  20.8  23.6  29.5  30.2  26.2  19.9  15.1  14.3   506   506   506   506   506   506   506   506   506   506   506   506 
2011  11.7  11.2  13.4  19.6  22.1  27.5  28.0  29.4  25.3  21.3  14.5  11.1   506   506   506   506   506   506   506   506   506   506   506   506 
2012   9.8   8.9  16.0  15.0  23.0  27.2  29.4  30.7  25.0  21.0  15.8  11.6   506   506   506   506   506   506   506   506   506   506   506   506 
