Number= 604030
Name= GUELMA
Country= ALGERIA
Lat=   36.5
Long=   -7.5
Height= 228
Start year= 1994
End year= 2020
First Good year= 1994
Source ID= 94
Source file= Jones
Jones data to= 2016
Normals source start year= 1994
Normals source end year= 1990
Normals= -99.0 -99.0 -99.0 -99.0 -99.0 -99.0 -99.0 -99.0 -99.0 -99.0 -99.0 -99.0 
Standard deviations source= Data
Standard deviations source start year= 1994
Standard deviations source end year= 1990
Obs:
1994  10.9  11.3 -99.0  12.6  21.2  23.6  27.7  30.1  26.2  19.4  15.3  10.8   506   506   -99   506   506   506   506   506   506   506   506   506 
1995   9.1  11.6  10.9  13.0  19.2  18.5  27.0  26.7  23.0  19.1  14.4  12.9   506   506   506   506   506   506   506   506   506   506   506   506 
1996 -99.0   9.4  12.6  14.2  18.2 -99.0  25.3  26.9  21.4  17.1  15.4  13.4   -99   506   506   506   506   -99   506   506   506   506   506   506 
1997 -99.0  11.0  11.0  14.1  21.5  25.7  26.7  27.2 -99.0  19.6  14.6  11.5   -99   506   506   506   506   506   506   506   -99   506   506   506 
1998 -99.0  10.5  11.6 -99.0  18.0  25.2  26.9  26.6  24.1  17.2  12.6 -99.0   -99   506   506   -99   506   506   506   506   506   506   506   -99 
1999   9.9   8.5  12.6  14.7  21.4  24.8  26.6 -99.0 -99.0 -99.0 -99.0  10.7   506   506   506   506   506   506   506   -99   -99   -99   -99   506 
2000   7.3 -99.0  12.6  15.9  21.0  23.5  27.4  27.8 -99.0  18.6  15.3  11.8   506   -99   506   506   506   506   506   506   -99   506   506   506 
2001 -99.0   9.6  15.8  14.0  18.8 -99.0  27.2  27.5  23.5  22.3  14.1   9.5   -99   506   506   506   506   -99   506   506   506   506   506   506 
2002   8.6  10.7  13.0  15.8  20.0  25.6 -99.0  26.7  23.3  19.7  15.5  11.9   506   506   506   506   506   506   -99   506   506   506   506   506 
2003  10.1   9.1  12.3  15.6  19.0  26.6  29.7 -99.0 -99.0  21.3  14.6  10.1   506   506   506   506   506   506   506   -99   -99   506   506   506 
2004   9.9  11.6  12.8 -99.0  17.2  22.5  26.1  27.6  23.3  21.2  12.8  11.1   506   506   506   -99   506   506   506   506   506   506   506   506 
2005   7.7   7.8  12.4  15.5  20.2  24.7 -99.0  25.7  23.0  20.0  14.8   9.8   506   506   506   506   506   506   -99   506   506   506   506   506 
2006   8.6   9.9  13.2  17.2  21.6  25.3  27.8  26.2  26.2  21.1  15.3  11.1   506   506   506   506   506   506   506   506   506   506   506   506 
2007  10.2  11.6  11.4  15.4  18.9  24.0  26.9  26.8  23.2 -99.0  12.6   9.7   506   506   506   506   506   506   506   506   506   -99   506   506 
2008   9.4  10.1  11.7  15.4  19.8  23.0  27.7  27.5  23.8  19.6  13.7  10.1   506   506   506   506   506   506   506   506   506   506   506   506 
2009  10.0   9.9  11.8  13.8  19.9  23.9  28.5  27.5  22.5  18.2  13.6  12.8   506   506   506   506   506   506   506   506   506   506   506   506 
2010  10.5  11.8  12.6  16.1  18.0  22.4  27.1  26.6  23.0  19.2  15.0  11.8   506   506   506   506   506   506   506   506   506   506   506   506 
2011  10.0   9.6  12.5  16.4  19.1  22.7  26.8  27.3  24.2  18.6  15.2  10.8   506   506   506   506   506   506   506   506   506   506   506   506 
2012   9.1   7.2  12.5  15.4  19.2  26.4  28.2  29.1  24.0  20.5  16.0  10.9   506   506   506   506   506   506   506   506   506   506   506   506 
2013   9.8   9.1  13.9  15.6  18.2  22.1  27.0  26.1  23.4  17.8  14.4  10.0   506   506   506   506   506   506   506   506   506   506   506   506 
2014  11.1  11.2  11.4  15.5  18.7  24.1  26.4  27.4  26.2  21.4  17.2  11.3   506   506   506   506   506   506   506   506   506   506   506   506 
2015  10.2   9.2  12.7  15.5  20.1  25.7  28.0  27.7  24.3  20.3  14.6  10.4   506   506   506   506   506   506   506   506   506   506   506   506 
2016  11.2  12.1  12.1  16.7  19.2  23.8  26.6  25.8  23.1  21.0  15.1  12.4   506   506   506   506   506   506   506   900   900   900   900   900 
2017   8.6  11.9  13.5  15.3  21.1  26.0  28.7  29.4  23.2  18.6  13.1  10.3   902   900   900   900   900   900   900   900   900   900   900   900 
2018  10.7   9.4  13.0  15.8  18.1  22.9  28.2  25.3  24.5  18.8  14.1  10.8   900   900   900   900   900   900   900   900   900   900   900   900 
2019   8.9   9.0  11.6  14.5  16.7  25.0  27.9  28.2  23.3  19.3  13.3  12.5   900   900   900   900   900   900   900   900   900   900   900   900 
2020   9.4  11.2  12.6  16.1  20.5  23.2  26.7  27.8  22.7  17.5  15.7  11.3   900   900   900   900   900   900   900   900   900   900   900   900 
