Number= 605140
Name= KSAR CHELLALA
Country= ALGERIA
Lat=   35.2
Long=   -2.3
Height= 800
Start year= 1994
End year= 2020
First Good year= 1994
Source ID= 94
Source file= Jones
Jones data to= 2016
Normals source start year= 1994
Normals source end year= 1990
Normals= -99.0 -99.0 -99.0 -99.0 -99.0 -99.0 -99.0 -99.0 -99.0 -99.0 -99.0 -99.0 
Standard deviations source= Data
Standard deviations source start year= 1994
Standard deviations source end year= 1990
Obs:
1994   7.5 -99.0  13.1  12.7  21.7  25.5  30.4  30.6  22.0  16.9 -99.0   7.9   506   -99   506   506   506   506   506   506   506   506   -99   506 
1995 -99.0  10.5  10.5  12.8  21.0  23.5  28.3  27.5  20.6 -99.0  12.7 -99.0   -99   506   506   506   506   506   506   506   506   -99   506   -99 
1996   9.8 -99.0  11.3  13.9  18.2  22.5  27.3  27.1  21.0  15.5  12.9 -99.0   506   -99   506   506   506   506   506   506   506   506   506   -99 
1997 -99.0  10.6  12.1  14.8  20.4  25.9  28.0 -99.0  22.9 -99.0  12.3   8.4   -99   506   506   506   506   506   506   -99   506   -99   506   506 
1998 -99.0   9.9  11.7 -99.0  17.4  26.3  30.0  28.0 -99.0  15.5  11.6 -99.0   -99   506   506   -99   506   506   506   506   -99   506   506   -99 
1999  30.0   7.0  11.3  15.5  23.0 -99.0 -99.0 -99.0 -99.0 -99.0 -99.0   7.3   506   506   506   506   506   -99   -99   -99   -99   -99   -99   506 
2000   5.0 -99.0  12.7  15.7  21.9  25.6  30.0  29.2  23.1  16.0  12.3   9.3   506   -99   506   506   506   506   506   506   506   506   506   506 
2001 -99.0   8.5  15.6  15.1  18.9  27.0  29.2  29.4  23.0  21.4  11.0   6.7   -99   506   506   506   506   506   506   506   506   506   506   506 
2002   6.9   9.6  12.9  15.0  19.9  27.0 -99.0  26.5  22.4  18.4  12.0   9.4   506   506   506   506   506   506   -99   506   506   506   506   506 
2003   7.0   7.3 -99.0  15.1  20.2  27.0  31.1 -99.0 -99.0  19.0  12.1   7.2   506   506   -99   506   506   506   506   -99   -99   506   506   506 
2004   7.5   9.8  12.1 -99.0  15.3  25.1  29.1  29.5  23.8  20.3  10.4   7.7   506   506   506   -99   506   506   506   506   506   506   506   506 
2005   4.9   5.3  12.6  15.9  23.5  26.1  30.2  28.0  23.5  18.8  10.7   7.1   506   506   506   506   506   506   506   506   506   506   506   506 
2006   5.5   6.8  11.9  17.9  21.8  26.3  29.6  27.6  22.1  20.6  13.7   8.1   506   506   506   506   506   506   506   506   506   506   506   506 
2007   8.1  10.4  10.3  14.3  19.3  25.6  29.9  29.0  23.5  16.9   9.8   7.0   506   506   506   506   506   506   506   506   506   506   506   506 
2008   7.7   9.8  12.3  15.7  18.9  24.7  30.1  29.7  23.0  16.7   9.7   6.1   506   506   506   506   506   506   506   506   506   506   506   506 
2009   6.9   7.5  11.1  11.6  29.2  26.8  31.1  28.5  21.0  17.4  12.4  10.1   506   506   506   506   506   506   506   506   506   506   506   506 
2010   8.5  10.3  12.1  16.0  17.5  23.7  30.3  28.7  23.3  17.2  11.8   7.8   506   506   506   506   506   506   506   506   506   506   506   506 
2011   7.8   7.5  11.7  17.4  19.6  24.4  29.0  29.9  25.0  17.2  11.8   7.4   506   506   506   506   506   506   506   506   506   506   506   506 
2012   6.5   4.6  11.9  12.7  20.8  28.4  30.5  31.0  23.6  19.1  12.9   8.5   506   506   506   506   506   506   506   506   506   506   506   506 
2013   8.0   6.9  11.8  14.8  17.3  23.4  28.8  27.5  23.4  22.1  10.6   7.4   506   506   506   506   506   506   506   506   506   506   506   506 
2014   8.7  10.2  10.2  17.1  20.2  24.2  28.5  29.4  25.2  19.9  13.5   7.8   506   506   506   506   506   506   506   506   506   506   506   506 
2015   6.8   6.4  11.5  18.6  22.7  24.3  30.9  29.3  23.4  18.5  12.8   8.8   506   506   506   506   506   506   506   506   506   506   506   506 
2016   9.8  10.1  10.8  16.5  20.2  23.5  29.4  27.9  22.8  20.3  12.4   8.2   506   506   506   506   506   506   506   900   900   900   900   900 
2017   5.6  10.3  13.0  16.2  22.7  27.0  30.3  29.2  23.2  17.2  10.5   6.9   900   900   900   900   900   900   900   900   900   900   900   900 
2018   8.2   7.0  11.2  14.7  17.1  23.5  29.9  26.2  23.5  16.3  11.8   8.4   900   900   900   900   900   900   900   900   900   900   900   900 
2019   6.2   7.6  11.5  14.1  19.0  27.4  29.6  29.2  23.7  17.8  10.9   9.4   900   900   900   900   900   900   900   900   900   900   900   900 
2020   6.6  11.9  12.6  15.7  21.5  24.9  30.2  29.9  22.9  16.3  13.0   8.5   900   900   900   900   900   900   900   900   900   900   900   900 
