Number= 606020
Name= BENI-ABBES
Country= ALGERIA
Lat=   30.1
Long=    2.2
Height= 498
Start year= 1931
End year= 2020
First Good year= 1931
Source ID= 10
Source file= Jones
Jones data to= 2012
Normals source start year= 1961
Normals source end year= 1990
Normals= -99.0 -99.0 -99.0 -99.0 -99.0 -99.0 -99.0 -99.0 -99.0 -99.0 -99.0 -99.0 
Standard deviations source= Data
Standard deviations source start year= 1941
Standard deviations source end year= 1990
Obs:
1931  11.9  13.2  20.4  22.3  27.8  32.5  36.1  36.4  29.6  24.4  15.9   9.5   506   506   506   506   506   506   506   506   506   506   506   506 
1932   9.5  13.2  18.3  22.5  27.9  31.7  35.2  32.4  29.8  22.9  16.3  10.5   506   506   506   506   506   506   506   506   506   506   506   506 
1933  10.8  14.7  17.4  22.9 -99.0  30.3 -99.0 -99.0 -99.0 -99.0 -99.0 -99.0   506   506   506   506   -99   506   -99   -99   -99   -99   -99   -99 
1934 -99.0  10.8  15.4  21.9  25.3  33.3  34.6  35.2  29.3  21.8  15.5  13.2   -99   506   506   506   506   506   506   506   506   506   506   506 
1935   9.4  11.8  18.2  23.4  24.7  34.2  35.2  34.7  31.3  20.9  17.2  14.2   506   506   506   506   506   506   506   506   506   506   506   506 
1936  13.4  16.9  18.4  23.7  23.9  30.4  35.9  34.2  31.0  21.3  15.3  10.1   506   506   506   506   506   506   506   506   506   506   506   506 
1937  11.4  16.5  19.5  25.1  26.1  31.6  35.5  34.0  30.0  23.7 -99.0  12.0   506   506   506   506   506   506   506   506   506   506   -99   506 
1938   9.4  12.5  14.8  20.6  25.3  32.7  35.0  35.3  30.3  24.2  16.3  11.5   506   506   506   506   506   506   506   506   506   506   506   506 
1939  11.2  11.7  16.3  20.2  24.4  29.6  35.7  33.5  30.7  24.4  15.7  13.6   506   506   506   506   506   506   506   506   506   506   506   506 
1940  13.0  15.6  19.5 -99.0 -99.0  29.4  34.5  34.0  28.8  22.8  15.9  10.3   506   506   506   -99   -99   506   506   506   506   506   506   506 
1941  12.2  16.0  17.8  22.3  26.2  30.8 -99.0 -99.0 -99.0 -99.0 -99.0 -99.0   506   506   506   506   506   506   -99   -99   -99   -99   -99   -99 
1942 -99.0 -99.0 -99.0 -99.0  27.6  34.7  33.9  34.0  29.4  23.2  17.7  13.1   -99   -99   -99   -99   506   506   506   506   506   506   506   506 
1943  12.2  11.7  17.1  21.4  25.1  32.0  35.5  33.7  27.0  24.1  14.1  11.9   506   506   506   506   506   506   506   506   506   506   506   506 
1944   8.3  13.1  16.6  22.5  28.5  29.9  35.0  34.1  30.1  24.2  16.6  10.4   506   506   506   506   506   506   506   506   506   506   506   506 
1945   9.0  11.8  16.4  25.2  26.0  31.3  34.5 -99.0 -99.0 -99.0 -99.0 -99.0   506   506   506   506   506   506   506   -99   -99   -99   -99   -99 
1946 -99.0 -99.0 -99.0 -99.0  24.9  32.0 -99.0 -99.0  29.7  23.9  16.8  11.0   -99   -99   -99   -99   506   506   -99   -99   506   506   506   506 
1947  11.2  15.3  21.2  20.9  25.1  32.4 -99.0 -99.0 -99.0  25.0 -99.0  10.9   506   506   506   506   506   506   -99   -99   -99   506   -99   506 
1948  11.8  14.0  15.7  21.1 -99.0  32.9 -99.0 -99.0  30.3  22.0  14.9  10.6   506   506   506   506   -99   506   -99   -99   506   506   506   506 
1949 -99.0 -99.0  15.6  20.5 -99.0  31.8 -99.0 -99.0  29.6  22.8  17.2 -99.0   -99   -99   506   506   -99   506   -99   -99   506   506   506   -99 
1950  10.3  12.7  16.9 -99.0  25.0 -99.0 -99.0 -99.0  29.4  20.9  16.7  11.9   506   506   506   -99   506   -99   -99   -99   506   506   506   506 
1951   9.3  12.9  19.1  23.0  24.3  31.5  34.7  33.2  29.0  20.9  16.9  12.2   506   506   506   506   506   506   506   506   506   506   506   506 
1952   9.4  12.6  20.0  19.5  26.5  33.8  35.0  35.0  30.4 -99.0  17.5  12.8   506   506   506   506   506   506   506   506   506   -99   506   506 
1953  10.2  12.3  14.0  23.9  26.7  30.5  35.3  33.4  28.8  21.8  16.0  12.2   506   506   506   506   506   506   506   506   506   506   506   506 
1954  10.0  12.8  17.5  19.0  27.5  32.4  34.1  34.0  29.9 -99.0  17.8  11.3   506   506   506   506   506   506   506   506   506   -99   506   506 
1955  14.4  16.4  17.9  21.9  28.6  32.1 -99.0  35.6  31.0  23.6 -99.0 -99.0   506   506   506   506   506   506   -99   506   506   506   -99   -99 
1956  12.0 -99.0 -99.0  20.5  26.6 -99.0  34.8  33.4  29.7  23.2  14.1   9.1   506   -99   -99   506   506   -99   506   506   506   506   506   506 
1957   9.0  14.9  18.4  20.2  26.0  29.8  34.7  32.9  30.2  21.5  15.5   9.6   506   506   506   506   506   506   506   506   506   506   506   506 
1958  11.3  15.7  19.6  20.5  27.6  31.6  36.3  33.4  30.2  23.0  15.3  13.8   506   506   506   506   506   506   506   506   506   506   506   506 
1959  11.7  11.3  17.9  22.3 -99.0 -99.0  35.0  33.5  30.2  23.3  16.1  12.6   506   506   506   506   -99   -99   506   506   506   506   506   506 
1960  11.7  17.0  18.9  20.8  26.7  30.3  35.5  35.2  29.2  23.9  18.0  10.4   506   506   506   506   506   506   506   506   506   506   506   506 
1961  10.4  14.3  16.9  23.3 -99.0  30.4  35.4  34.2  29.4  22.8  18.9  12.9   506   506   506   506   -99   506   506   506   506   506   506   506 
1962  12.2  12.4  17.5  23.0 -99.0 -99.0 -99.0  33.4 -99.0 -99.0 -99.0 -99.0   506   506   506   506   -99   -99   -99   506   -99   -99   -99   -99 
1963 -99.0 -99.0 -99.0 -99.0 -99.0 -99.0 -99.0 -99.0 -99.0 -99.0 -99.0 -99.0   -99   -99   -99   -99   -99   -99   -99   -99   -99   -99   -99   -99 
1964 -99.0 -99.0 -99.0 -99.0 -99.0 -99.0 -99.0 -99.0 -99.0 -99.0 -99.0 -99.0   -99   -99   -99   -99   -99   -99   -99   -99   -99   -99   -99   -99 
1965 -99.0 -99.0 -99.0 -99.0 -99.0 -99.0 -99.0 -99.0 -99.0 -99.0 -99.0 -99.0   -99   -99   -99   -99   -99   -99   -99   -99   -99   -99   -99   -99 
1966 -99.0 -99.0 -99.0 -99.0 -99.0 -99.0 -99.0 -99.0 -99.0 -99.0 -99.0 -99.0   -99   -99   -99   -99   -99   -99   -99   -99   -99   -99   -99   -99 
1967 -99.0 -99.0 -99.0 -99.0 -99.0 -99.0 -99.0 -99.0 -99.0 -99.0 -99.0 -99.0   -99   -99   -99   -99   -99   -99   -99   -99   -99   -99   -99   -99 
1968 -99.0 -99.0 -99.0 -99.0 -99.0 -99.0 -99.0 -99.0 -99.0 -99.0 -99.0 -99.0   -99   -99   -99   -99   -99   -99   -99   -99   -99   -99   -99   -99 
1969 -99.0  11.4 -99.0 -99.0 -99.0 -99.0 -99.0 -99.0 -99.0 -99.0 -99.0 -99.0   -99   506   -99   -99   -99   -99   -99   -99   -99   -99   -99   -99 
1970 -99.0 -99.0 -99.0 -99.0 -99.0 -99.0 -99.0 -99.0 -99.0 -99.0 -99.0 -99.0   -99   -99   -99   -99   -99   -99   -99   -99   -99   -99   -99   -99 
1971 -99.0 -99.0 -99.0 -99.0 -99.0 -99.0 -99.0 -99.0 -99.0 -99.0 -99.0 -99.0   -99   -99   -99   -99   -99   -99   -99   -99   -99   -99   -99   -99 
1972 -99.0 -99.0 -99.0 -99.0 -99.0 -99.0 -99.0 -99.0 -99.0 -99.0 -99.0 -99.0   -99   -99   -99   -99   -99   -99   -99   -99   -99   -99   -99   -99 
1973 -99.0 -99.0 -99.0 -99.0 -99.0 -99.0 -99.0 -99.0 -99.0 -99.0 -99.0 -99.0   -99   -99   -99   -99   -99   -99   -99   -99   -99   -99   -99   -99 
1974 -99.0 -99.0 -99.0 -99.0 -99.0 -99.0 -99.0 -99.0 -99.0 -99.0 -99.0 -99.0   -99   -99   -99   -99   -99   -99   -99   -99   -99   -99   -99   -99 
1975 -99.0 -99.0 -99.0 -99.0 -99.0 -99.0 -99.0 -99.0 -99.0 -99.0 -99.0 -99.0   -99   -99   -99   -99   -99   -99   -99   -99   -99   -99   -99   -99 
1976 -99.0 -99.0 -99.0 -99.0 -99.0 -99.0 -99.0 -99.0 -99.0 -99.0 -99.0 -99.0   -99   -99   -99   -99   -99   -99   -99   -99   -99   -99   -99   -99 
1977 -99.0 -99.0 -99.0 -99.0 -99.0 -99.0 -99.0 -99.0 -99.0 -99.0 -99.0 -99.0   -99   -99   -99   -99   -99   -99   -99   -99   -99   -99   -99   -99 
1978 -99.0 -99.0 -99.0 -99.0 -99.0 -99.0 -99.0 -99.0 -99.0 -99.0 -99.0 -99.0   -99   -99   -99   -99   -99   -99   -99   -99   -99   -99   -99   -99 
1979 -99.0 -99.0 -99.0 -99.0 -99.0 -99.0 -99.0 -99.0 -99.0 -99.0 -99.0 -99.0   -99   -99   -99   -99   -99   -99   -99   -99   -99   -99   -99   -99 
1980 -99.0 -99.0 -99.0 -99.0 -99.0 -99.0 -99.0 -99.0 -99.0 -99.0 -99.0 -99.0   -99   -99   -99   -99   -99   -99   -99   -99   -99   -99   -99   -99 
1981 -99.0 -99.0 -99.0 -99.0 -99.0 -99.0 -99.0 -99.0 -99.0 -99.0 -99.0 -99.0   -99   -99   -99   -99   -99   -99   -99   -99   -99   -99   -99   -99 
1982 -99.0 -99.0 -99.0 -99.0 -99.0 -99.0 -99.0 -99.0 -99.0 -99.0 -99.0 -99.0   -99   -99   -99   -99   -99   -99   -99   -99   -99   -99   -99   -99 
1983 -99.0 -99.0 -99.0 -99.0 -99.0 -99.0 -99.0 -99.0 -99.0 -99.0 -99.0 -99.0   -99   -99   -99   -99   -99   -99   -99   -99   -99   -99   -99   -99 
1984 -99.0 -99.0 -99.0 -99.0 -99.0 -99.0 -99.0 -99.0 -99.0 -99.0 -99.0 -99.0   -99   -99   -99   -99   -99   -99   -99   -99   -99   -99   -99   -99 
1985 -99.0 -99.0 -99.0 -99.0 -99.0 -99.0 -99.0 -99.0 -99.0 -99.0 -99.0 -99.0   -99   -99   -99   -99   -99   -99   -99   -99   -99   -99   -99   -99 
1986 -99.0 -99.0 -99.0 -99.0 -99.0 -99.0 -99.0 -99.0 -99.0 -99.0 -99.0 -99.0   -99   -99   -99   -99   -99   -99   -99   -99   -99   -99   -99   -99 
1987 -99.0 -99.0 -99.0 -99.0 -99.0 -99.0 -99.0 -99.0 -99.0 -99.0 -99.0 -99.0   -99   -99   -99   -99   -99   -99   -99   -99   -99   -99   -99   -99 
1988 -99.0 -99.0 -99.0 -99.0 -99.0 -99.0 -99.0 -99.0 -99.0 -99.0 -99.0 -99.0   -99   -99   -99   -99   -99   -99   -99   -99   -99   -99   -99   -99 
1989 -99.0 -99.0 -99.0 -99.0 -99.0 -99.0 -99.0 -99.0 -99.0 -99.0 -99.0 -99.0   -99   -99   -99   -99   -99   -99   -99   -99   -99   -99   -99   -99 
1990 -99.0 -99.0 -99.0 -99.0 -99.0 -99.0 -99.0 -99.0 -99.0 -99.0 -99.0 -99.0   -99   -99   -99   -99   -99   -99   -99   -99   -99   -99   -99   -99 
1991 -99.0 -99.0 -99.0 -99.0 -99.0 -99.0 -99.0 -99.0 -99.0 -99.0 -99.0 -99.0   -99   -99   -99   -99   -99   -99   -99   -99   -99   -99   -99   -99 
1992 -99.0 -99.0 -99.0 -99.0 -99.0 -99.0 -99.0 -99.0 -99.0 -99.0 -99.0 -99.0   -99   -99   -99   -99   -99   -99   -99   -99   -99   -99   -99   -99 
1993 -99.0 -99.0 -99.0 -99.0 -99.0 -99.0 -99.0 -99.0 -99.0 -99.0 -99.0 -99.0   -99   -99   -99   -99   -99   -99   -99   -99   -99   -99   -99   -99 
1994 -99.0  14.8  17.7  21.7  29.4  34.9  36.3  35.7  31.5  23.5 -99.0  11.9   -99   506   506   506   506   506   506   506   506   506   -99   506 
1995  10.5  15.2  17.1  20.6  29.6  31.6 -99.0  36.3  30.5 -99.0  18.4  14.2   506   506   506   506   506   506   -99   506   506   -99   506   506 
1996  14.7 -99.0  19.4  23.6  27.9  31.9  35.8  36.5  30.1  22.8  17.0  13.2   506   -99   506   506   506   506   506   506   506   506   506   506 
1997 -99.0  15.6 -99.0  22.1  27.8  33.0  37.1 -99.0 -99.0 -99.0  18.8 -99.0   -99   506   -99   506   506   506   506   -99   -99   -99   506   -99 
1998 -99.0  15.2  18.5 -99.0  26.3  33.0  37.5  36.3 -99.0  23.0  17.9  10.6   -99   506   506   -99   506   506   506   506   -99   506   506   506 
1999  11.3  12.5  18.6  24.9 -99.0 -99.0  38.7 -99.0 -99.0  26.2 -99.0  11.4   506   506   506   506   -99   -99   506   -99   -99   506   -99   506 
2000   9.8  14.5  19.8  23.7  27.0  33.6  37.3  35.0  30.5  21.8  18.2  14.2   506   506   506   506   506   506   506   506   506   506   506   506 
2001  12.9  14.3  22.4 -99.0  27.8  35.4  38.1  36.3 -99.0  27.5  17.7  13.1   506   506   506   -99   506   506   506   506   -99   506   506   506 
2002  11.4  15.2  19.3  22.1  28.6  33.7 -99.0  36.0  31.8  24.6  18.2  14.7   506   506   506   506   506   506   -99   506   506   506   506   506 
2003  11.8  13.6 -99.0 -99.0 -99.0 -99.0 -99.0 -99.0 -99.0 -99.0 -99.0 -99.0   506   506   -99   -99   -99   -99   -99   -99   -99   -99   -99   -99 
2004  12.1 -99.0  19.3 -99.0  25.0  33.2  36.7  36.6  30.9  26.9  15.5  11.6   506   -99   506   -99   506   506   506   506   506   506   506   506 
2005   9.3  11.7  20.7 -99.0  31.3  33.7  38.2  36.4  31.1  25.5  18.4  12.0   506   506   506   -99   506   506   506   506   506   506   506   506 
2006   9.9  13.9  21.2  26.4  29.6  32.9  37.3  36.9  29.7  26.1  18.9  12.0   506   506   506   506   506   506   506   506   506   506   506   506 
2007  12.3  17.5  18.2  22.9  27.4  33.9  37.4  36.2  33.2  25.5  17.9  11.9   506   506   506   506   506   506   506   506   506   506   506   506 
2008  11.9  15.2  20.6  24.7  28.5  34.0  38.2  36.6  33.0  21.9  15.5  11.4   506   506   506   506   506   506   506   506   506   506   506   506 
2009  12.1  15.0  19.2  22.0  28.0  33.5  37.8  36.7  28.1  25.6  18.7  15.7   506   506   506   506   506   506   506   506   506   506   506   506 
2010  14.6  19.2  22.0  26.4  28.2  32.9  38.1  36.5  32.0  23.8  18.4  15.0   506   506   506   506   506   506   506   506   506   506   506   506 
2011  13.5  13.7  18.4  24.6  27.6  32.8  37.2  36.3  33.6  23.0  17.3  11.9   506   506   506   506   506   506   506   506   506   506   506   506 
2012  10.2  11.1  18.1  22.4  30.1  36.1  38.1  37.0  30.7  25.6  19.2  12.2   506   900   900   900   900   900   900   900   900   900   900   900 
2013  12.2  14.0  21.1  24.5  28.2  33.2  37.8  35.0  30.5  28.6  17.3  11.9   900   900   900   900   900   900   900   900   900   900   900   900 
2014  12.8  15.8  18.7  25.7  30.4  32.2  37.8  36.8  32.7  27.0  18.0  11.9   900   900   900   900   900   900   900   900   900   900   900   900 
2015  11.1  13.7  17.7  26.8  30.4  32.8  36.4  36.8  31.0  26.1  17.9  12.9   900   900   900   900   900   900   900   900   900   900   900   900 
2016  14.0  16.1  18.3  25.7  28.9  33.9  37.7  35.8  32.2  26.2  17.5  13.0   900   900   900   900   900   900   900   900   900   900   900   900 
2017  10.2  16.6  20.5  25.7  31.9  34.9  37.5  36.8  32.0  24.3  17.7  11.6   900   900   900   900   900   900   900   900   900   900   900   900 
2018  12.3  13.6  20.3  23.4  26.8  32.6  38.9  33.9  30.2  23.4  16.7  12.6   900   900   900   900   900   900   900   900   900   900   900   900 
2019  10.8  12.9  18.5  22.9  29.7  33.2  38.3  37.3  30.9  24.6  17.2  13.5   900   900   900   900   900   900   900   900   900   900   900   900 
2020  10.1  16.2  19.8  25.4  30.5  35.1  37.7  37.7  32.4  24.5  18.3  14.1   900   900   900   900   900   900   900   900   900   900   900   900 
