Number= 800990
Name= ARAUCA/SANTIAGO PERE
Country= COLOMBIA
Lat=    7.1
Long=   70.7
Height= 128
Start year= 1994
End year= 2020
First Good year= 1994
Source ID= 94
Source file= Jones
Jones data to= 2016
Normals source start year= 1994
Normals source end year= 1990
Normals= -99.0 -99.0 -99.0 -99.0 -99.0 -99.0 -99.0 -99.0 -99.0 -99.0 -99.0 -99.0 
Standard deviations source= Data
Standard deviations source start year= 1994
Standard deviations source end year= 1990
Obs:
1994  27.5  28.8  28.8  27.5  26.1  25.5  24.9  25.3  25.6 -99.0  26.3  25.9   506   506   506   506   506   506   506   506   506   -99   506   506 
1995 -99.0  28.5 -99.0  28.5 -99.0  25.7 -99.0  26.5  27.2  26.9 -99.0  27.0   -99   506   -99   506   -99   506   -99   506   506   506   -99   506 
1996 -99.0  28.2 -99.0 -99.0 -99.0 -99.0 -99.0 -99.0 -99.0  26.4 -99.0 -99.0   -99   506   -99   -99   -99   -99   -99   -99   -99   506   -99   -99 
1997 -99.0 -99.0 -99.0 -99.0 -99.0 -99.0 -99.0 -99.0 -99.0 -99.0 -99.0 -99.0   -99   -99   -99   -99   -99   -99   -99   -99   -99   -99   -99   -99 
1998 -99.0 -99.0 -99.0 -99.0  26.9 -99.0 -99.0  26.5 -99.0 -99.0  26.6 -99.0   -99   -99   -99   -99   506   -99   -99   506   -99   -99   506   -99 
1999 -99.0 -99.0 -99.0 -99.0 -99.0 -99.0 -99.0  25.7 -99.0 -99.0 -99.0 -99.0   -99   -99   -99   -99   -99   -99   -99   506   -99   -99   -99   -99 
2000  26.9  27.8  28.6  28.1  26.4  25.5  26.4  25.6  26.3  26.5 -99.0 -99.0   506   506   506   506   506   506   506   506   506   506   -99   -99 
2001  26.5  27.7  29.5  28.7  27.1  25.4  27.1  26.3  26.0  28.0  27.1  27.2   506   506   506   506   506   506   506   506   506   506   506   506 
2002  27.4  28.4  28.7  27.2  26.6  25.2  26.4  25.9  27.1  26.2  26.4  27.0   506   506   506   506   506   506   506   506   506   506   506   506 
2003  28.1  29.4  29.2  28.8  28.6  25.6  26.6  28.4  27.1  28.7  27.5  27.8   506   506   506   506   506   506   506   506   506   506   506   506 
2004  28.7  28.3  29.2  28.8  26.5  25.7  25.6  26.1  27.1 -99.0  27.4  27.9   506   506   506   506   506   506   506   506   506   -99   506   506 
2005  27.9  28.3  30.5  27.7  26.9  26.2  26.2  26.7  28.9  27.3  26.9  27.3   506   506   506   506   506   506   506   506   506   506   506   506 
2006  27.3  28.2  28.0  27.8  26.7  26.2  26.8  26.4  27.3  27.6  27.1  27.3   506   506   506   506   506   506   506   506   506   506   506   506 
2007  27.9  28.7  28.9  27.9  26.9  25.8 -99.0  26.3  26.4  26.1  26.8  26.5   506   506   506   506   506   506   -99   506   506   506   506   506 
2008  26.2  27.0  28.2  28.2  26.1  25.6  25.0  26.1  26.1  26.6  26.4  26.3   506   506   506   506   506   506   506   506   506   506   506   506 
2009  26.8  27.4  27.2  27.1  27.0  25.8  25.5  25.9  26.9  27.1  27.7  27.3   506   506   506   506   506   506   506   506   506   506   506   506 
2010  27.7  30.1  28.9  27.0  26.5  25.9  25.7  26.0  26.8  26.9  26.2  26.6   506   506   506   506   506   506   506   506   506   506   506   506 
2011  26.5  27.6  27.6  26.9  26.0  26.0  26.0  26.1  26.4 -99.0  26.2  26.4   506   506   506   506   506   506   902   506   506   -99   506   506 
2012  26.6  27.3  27.0  26.1  25.8  25.8  25.3  25.6  25.9 -99.0  27.4  27.1   506   506   506   506   506   506   506   506   506   -99   506   506 
2013  27.6  28.5  29.6  27.9  26.7  25.4  25.4  25.7  26.2  26.7  26.7  26.7   506   506   506   506   506   506   506   506   506   506   506   506 
2014  27.3  28.5  29.9  27.4  27.1  25.7  25.8  25.8  26.3  26.2  26.8  27.4   506   506   506   506   506   506   506   506   506   506   506   506 
2015  26.9  27.8  28.5  27.0  27.0  25.7  25.6  25.9  27.1  27.1  26.6  26.6   506   506   506   506   506   506   506   506   506   506   506   506 
2016  27.2  28.9  29.9  27.5  26.1  25.5  25.7  26.3  26.7  27.0  26.9  26.6   506   506   506   506   506   506   506   900   900   900   900   900 
2017  26.7  28.1  27.7  27.5  26.5  25.9  25.6   2.9  26.9 -99.0  27.4  27.6   900   900   900   900   900   900   900   902   900   -99   902   900 
2018  27.8  27.9  28.2  26.7  26.0  25.6  25.7  26.3  26.7  27.3  27.6  27.0   900   900   900   900   900   900   900   900   900   900   900   900 
2019  28.1  28.1  30.4  28.8  27.2  26.4  26.2  26.2  27.1  26.6  27.4  27.6   900   900   900   900   900   900   900   900   900   900   900   900 
2020  28.1  29.6  30.9  29.8  27.9  27.1  27.1 -99.0  28.3  28.4  27.6  28.5   900   900   900   900   900   900   900   -99   900   900   900   900 
