Number= 804070
Name= MARACAIBO
Country= VENEZUELA
Lat=   10.6
Long=   71.7
Height= 65
Start year= 1933
End year= 2017
First Good year= 1933
Source ID= 10
Source file= Jones
Jones data to= 2012
Normals source= Data
Normals source start year= 1961
Normals source end year= 1990
Normals=  26.6  26.9  27.4  27.9  28.1  28.4  28.5  28.6  28.1  27.4  27.3  26.9 
Standard deviations source= Data
Standard deviations source start year= 1941
Standard deviations source end year= 1990
Standard deviations=   0.7   0.7   0.7   0.7   0.7   0.6   0.5   0.7   0.8   0.9   0.8   0.9 
Obs:
1933  27.5  26.9  27.7  28.4  29.4  29.3  30.2  29.8  29.0  28.6  28.2  27.7   506   506   506   506   506   506   506   506   506   506   506   506 
1934  27.1  26.2  26.9  29.3  30.2  30.3  29.7  30.1  30.0  29.2  28.4  28.2   506   506   506   506   506   506   506   506   506   506   506   506 
1935  27.2  27.5  27.9  28.1  28.6  29.8  29.6  29.1  29.3  28.7  28.0  27.6   506   506   506   506   506   506   506   506   506   506   506   506 
1936  27.1  26.3  27.8  28.4  29.3  29.0  29.8  30.4  29.4  28.8  29.0  27.3   506   506   506   506   506   506   506   506   506   506   506   506 
1937 -99.0 -99.0 -99.0 -99.0 -99.0 -99.0 -99.0 -99.0 -99.0 -99.0 -99.0 -99.0   -99   -99   -99   -99   -99   -99   -99   -99   -99   -99   -99   -99 
1938  27.2  27.2  27.3  27.5  28.5  29.3  29.1  28.6  29.1  28.1  27.3  27.0   506   506   506   506   506   506   506   506   506   506   506   506 
1939  27.0  26.6  26.8  28.2  28.7  29.0  28.8  29.9  29.7  28.0 -99.0  27.9   506   506   506   506   506   506   506   506   506   506   -99   506 
1940  27.6  28.5  28.2  29.2  29.7  29.4  29.9  30.3  29.1  28.1  27.8  28.2   506   506   506   506   506   506   506   506   506   506   506   506 
1941  28.0  29.2  28.8  29.3  29.4  29.3  29.4  29.6  29.3  29.5  29.3  28.9   506   506   506   506   506   506   506   506   506   506   506   506 
1942  28.4  29.2  29.6  29.3  28.5  29.2 -99.0  29.5  28.5  27.8  27.6  28.0   506   506   506   506   506   506   -99   506   506   506   506   506 
1943  27.8  27.2  27.8  28.3  28.1  28.8  29.3  29.5  29.4  28.3  28.2  27.4   506   506   506   506   506   506   506   506   506   506   506   506 
1944  27.1  27.0  27.2  28.1  27.9  28.1  29.4  29.4  28.3  27.5  27.3  27.5   506   506   506   506   506   506   506   506   506   506   506   506 
1945  26.6  26.5  27.1  27.8  26.3  28.3  28.6  28.7  28.8  28.0  28.5  27.5   506   506   506   506   506   506   506   506   506   506   506   506 
1946  26.6  26.5  26.9  27.6  28.3  28.4  28.7  28.7  28.9  28.2  27.7  27.9   506   506   506   506   506   506   506   506   506   506   506   506 
1947  27.0  27.5  27.7  28.0  28.7  29.4  29.0  29.6  29.9  29.1  29.0  27.9   506   506   506   506   506   506   506   506   506   506   506   506 
1948 -99.0 -99.0 -99.0 -99.0 -99.0 -99.0 -99.0 -99.0 -99.0 -99.0 -99.0 -99.0   -99   -99   -99   -99   -99   -99   -99   -99   -99   -99   -99   -99 
1949 -99.0 -99.0 -99.0 -99.0 -99.0 -99.0 -99.0 -99.0 -99.0 -99.0 -99.0 -99.0   -99   -99   -99   -99   -99   -99   -99   -99   -99   -99   -99   -99 
1950 -99.0 -99.0 -99.0 -99.0 -99.0 -99.0 -99.0 -99.0 -99.0 -99.0 -99.0 -99.0   -99   -99   -99   -99   -99   -99   -99   -99   -99   -99   -99   -99 
1951  26.6  26.5  27.0  28.5  28.3  28.8  28.8  28.7  28.7  28.9  28.5  27.8   506   506   506   506   506   506   506   506   506   506   506   506 
1952  26.8  27.1  27.6  28.3  29.0  29.3  28.8  29.1  29.1  28.6  28.4  27.2   506   506   506   506   506   506   506   506   506   506   506   506 
1953  26.9  26.4  27.0  28.3  28.5  29.2  29.2  29.5  28.9  28.4  28.2  27.2   506   506   506   506   506   506   506   506   506   506   506   506 
1954  26.2  26.7  27.4  27.6  28.6  28.6  28.1  28.7  28.5  27.0  27.2  26.4   506   506   506   506   506   506   506   506   506   506   506   506 
1955  26.1  26.3  26.0  25.7  27.2  27.2  27.1  26.9  27.0  25.4  25.7  25.5   506   506   506   506   506   506   506   506   506   506   506   506 
1956  24.6  26.0  27.0  28.1  28.4  28.3  28.1  28.2  28.2  27.4  27.4  26.5   506   506   506   506   506   506   506   506   506   506   506   506 
1957  25.8  26.0  26.8  27.0  27.6  28.7  28.5  29.3  29.0  28.0  28.3  27.6   506   506   506   506   506   506   506   506   506   506   506   506 
1958  27.5  27.5  28.5  28.6  29.0  28.8  28.7  28.7  29.8  28.9  28.7  27.9   506   506   506   506   506   506   506   506   506   506   506   506 
1959  27.0  26.8  27.2  28.3  28.4  28.7  29.1  28.9  29.2  28.4  27.8  28.3   506   506   506   506   506   506   506   506   506   506   506   506 
1960  27.2  27.2  26.9  27.7  28.8  28.5  28.8  28.5  28.0  27.5  27.7  26.4   506   506   506   506   506   506   506   506   506   506   506   506 
1961  26.7  26.6  27.0  27.8  28.5  28.6  28.3  29.0  28.6  28.0  27.4  27.7   506   506   506   506   506   506   506   506   506   506   506   506 
1962  27.4  27.0  27.2  27.9  28.3  28.1  29.3  28.7  29.1  28.6  27.9  28.0   506   506   506   506   506   506   506   506   506   506   506   506 
1963  27.1  27.7  27.1  28.1  28.0  29.3  28.9  29.3  29.3  28.8  28.1  28.1   506   506   506   506   506   506   506   506   506   506   506   506 
1964  26.9  27.3  27.3  27.7  28.3  28.0  28.1  28.4  28.1  27.7  27.9  26.3   506   506   506   506   506   506   506   506   506   506   506   506 
1965  26.2  26.7  27.5  27.7  27.6  27.9  28.8  29.2  28.7  28.8  28.1  28.3   506   506   506   506   506   506   506   506   506   506   506   506 
1966  27.9  27.3  27.6  28.1  28.4  28.2  28.8  29.1  29.0  27.7  27.3  27.1   506   506   506   506   506   506   506   506   506   506   506   506 
1967  27.1  27.0  26.9  27.4  28.3  28.4  28.2  28.8  28.5  28.2  28.2  27.4   506   506   506   506   506   506   506   506   506   506   506   506 
1968  26.5  26.9  27.2  27.7  28.2  28.3  28.7  28.9  28.3  28.2  28.5  28.0   506   506   506   506   506   506   506   506   506   506   506   506 
1969  26.9  27.5  28.9  29.0  29.8  29.6  29.5  28.3  29.0  27.6  27.2  28.6   506   506   506   506   506   506   506   506   506   506   506   506 
1970  26.6  26.7  27.6  28.2  28.4  28.6  28.2  27.9  27.5  26.7  26.2  26.0   506   506   506   506   506   506   506   506   506   506   506   506 
1971  25.8  26.3  26.8  27.7  27.2  28.2  28.0  27.8  27.4  26.8  27.1  25.9   506   506   506   506   506   506   506   506   506   506   506   506 
1972  26.1  26.5  27.1  27.1  27.6  28.7  29.0  29.2  28.9  27.3  28.2  27.9   506   506   506   506   506   506   506   506   506   506   506   506 
1973  27.7  27.7  28.6  28.4  28.6  28.2  28.5  28.4  27.1  27.0  26.4  25.7   506   506   506   506   506   506   506   506   506   506   506   506 
1974  25.8  26.3  26.7  27.2  26.8  28.0  28.4  28.2  26.7  27.5  26.3  27.3   506   506   506   506   506   506   506   506   506   506   506   506 
1975  26.0  26.2  27.1  27.4  27.7  28.4  27.7  28.3  27.1  26.6  26.1  24.6   506   506   506   506   506   506   506   506   506   506   506   506 
1976  25.8  25.4  26.3  27.2  27.9  27.9  28.0  28.3  28.3  26.7  27.5  26.7   506   506   506   506   506   506   506   506   506   506   506   506 
1977  26.7  27.0  27.2  28.0  27.8  28.5  28.9  29.0  30.1  28.1  27.5  27.1   506   506   506   506   506   506   506   506   506   506   506   506 
1978  26.6  27.6  27.8  27.7  28.4  28.3  28.2  28.5  28.3  27.5  27.9  27.0   506   506   506   506   506   506   506   506   506   506   506   506 
1979  26.4  27.4  27.7  27.5  27.8  27.5  28.0  28.2  27.0  27.0  26.6  26.1   506   506   506   506   506   506   506   506   506   506   506   506 
1980  26.3  26.7  27.3  27.9  29.2  28.5  28.5  28.5  28.2  27.3  27.0  26.9   506   506   506   506   506   506   506   506   506   506   506   506 
1981  27.2  27.3  27.9  27.0  26.8  26.9  27.7  27.6  27.0  26.6  27.0  26.4   506   506   506   506   506   506   506   506   506   506   506   506 
1982  26.2  26.7  27.1  27.5  27.3  28.4  28.4  29.0  28.4  26.7  27.4  26.9   506   506   506   506   506   506   506   506   506   506   506   506 
1983  27.2  27.4  28.8  28.2  28.3  28.9  28.9  28.9  28.9  27.8  28.3  27.5   506   506   506   506   506   506   506   506   506   506   506   506 
1984  26.9  27.4  27.5  28.2  28.4  28.9  28.0  28.4  27.5  27.2  26.8  26.5   506   506   506   506   506   506   506   506   506   506   506   506 
1985  25.9  26.7  27.0  27.5  27.8  28.1  28.3  28.2  27.7  27.3  26.5  25.6   506   506   506   506   506   506   506   506   506   506   506   506 
1986  26.1  26.1  27.3  27.4  28.0  28.3  29.1  29.1  28.0  26.8  27.0  27.0   506   506   506   506   506   506   506   506   506   506   506   506 
1987  26.8  27.7  28.3  29.3  28.1  28.5  29.2  27.9  27.5  26.0  26.9  26.4   506   506   506   506   506   506   506   506   506   506   506   506 
1988  25.7  26.4  26.9  27.9  28.4  28.0  27.6  26.6  26.7  26.4  26.4  25.6   506   506   506   506   506   506   506   506   506   506   506   506 
1989  25.3  25.5  28.1  29.7  28.2  28.4  29.0  29.1  28.2  28.4  28.6  27.3   506   506   506   506   506   506   506   506   506   506   506   506 
1990  27.4  26.5  27.4  27.9  28.3  29.5  29.1  30.4  29.1  27.4  28.1  27.3   506   506   506   506   506   506   506   506   506   506   506   506 
1991  27.0  27.7  28.0  28.5  28.9  29.1  29.9 -99.0  28.9  27.7  27.2  26.5   506   506   506   506   506   506   506   -99   506   506   506   506 
1992  26.8  26.9  27.8  27.7  28.0  28.4  28.0  28.4  27.6  26.9  26.4  26.0   506   506   506   506   506   506   506   506   506   506   506   506 
1993  26.4  26.5  27.2  27.6  27.2  28.7  28.9  28.7  27.5  28.5  27.7  26.4   506   506   506   506   506   506   506   506   506   506   506   506 
1994  26.8  27.2  28.6  29.0  28.0  28.4  28.4  29.2  28.9  28.0  27.6  27.0   506   506   506   506   506   506   506   506   506   506   506   506 
1995  27.3  27.2  26.6  28.7  28.8  29.0  28.9  27.7  28.6  27.4  27.8  27.4   506   506   506   506   506   506   506   506   506   506   506   506 
1996  27.0  27.9  28.8  29.1  29.3  29.1  28.8  28.7  28.4  27.9  26.0  27.2   506   506   506   506   506   506   506   506   506   506   506   506 
1997  27.5  28.0  27.3  28.5  29.7  30.1  30.5  30.6  30.1  29.6  29.3  28.6   506   506   506   506   506   506   506   506   506   506   506   506 
1998  28.4  28.1  28.7  29.2  29.6  28.7  29.6  28.7  28.6  27.7  27.0  26.9   506   506   506   506   506   506   506   506   506   506   506   506 
1999  26.6  26.7  27.8  28.0  28.4  28.6  28.6  28.2  27.2  26.7  26.7  26.0   506   506   506   506   506   506   506   506   506   506   506   506 
2000  25.8  26.3  26.7  27.8  28.1  28.7  28.3  29.0  27.6  27.8  27.1  26.7   506   506   506   506   506   506   506   506   506   506   506   506 
2001  26.4 -99.0  26.4  28.0  28.7  28.6  28.9  29.9  29.1  28.1  27.2  27.8   506   -99   506   506   506   506   506   506   506   506   506   506 
2002  27.5  27.1  27.7  28.0  28.7  28.6  29.3  29.8  29.0  27.9  28.6  27.7   506   506   506   506   506   506   506   506   506   506   506   506 
2003  27.5  27.7  27.7  28.5  29.2  28.4  29.1  29.6  28.6  27.5  27.6  27.1   506   506   506   506   506   506   506   506   506   506   506   506 
2004  26.8  27.4  28.0  28.5  28.4  29.0  28.9  29.2  27.8  27.2  26.6  26.7   506   506   506   506   506   506   506   506   506   506   506   506 
2005  26.8  26.5  28.6  28.9  28.3  28.8  29.4  28.8  29.1  27.2  26.7  26.4   506   506   506   506   506   506   506   506   506   506   506   506 
2006  26.6  26.8  27.4  27.5  27.7  28.4  28.9  29.0  28.9  27.9  27.6  27.5   506   506   506   506   506   506   506   506   506   506   506   506 
2007  27.1  27.4  27.6  28.1  28.4  29.1  29.3  27.9  27.8  27.1 -99.0 -99.0   506   506   506   506   506   506   506   506   506   506   -99   -99 
2008 -99.0 -99.0 -99.0 -99.0 -99.0 -99.0 -99.0 -99.0 -99.0 -99.0 -99.0 -99.0   -99   -99   -99   -99   -99   -99   -99   -99   -99   -99   -99   -99 
2009 -99.0 -99.0 -99.0 -99.0 -99.0 -99.0 -99.0 -99.0 -99.0 -99.0 -99.0 -99.0   -99   -99   -99   -99   -99   -99   -99   -99   -99   -99   -99   -99 
2010 -99.0 -99.0 -99.0 -99.0 -99.0 -99.0 -99.0 -99.0 -99.0 -99.0 -99.0 -99.0   -99   -99   -99   -99   -99   -99   -99   -99   -99   -99   -99   -99 
2011 -99.0 -99.0 -99.0 -99.0 -99.0 -99.0 -99.0 -99.0 -99.0 -99.0 -99.0 -99.0   -99   -99   -99   -99   -99   -99   -99   -99   -99   -99   -99   -99 
2012 -99.0 -99.0 -99.0 -99.0 -99.0 -99.0  30.0  30.8  29.5  28.5 -99.0  29.2   -99   -99   -99   -99   -99   -99   506   506   506   506   -99   506 
2013  26.9  27.3  28.1  28.0  28.5  29.5  29.3  29.3  28.4  28.2  29.5  28.3   900   900   900   900   900   900   900   900   900   900   900   900 
2014  27.0  27.2  27.8  28.7  28.8  29.7  29.7 -99.0  28.9  27.9  27.7  27.7   900   900   900   900   900   900   900   -99   900   900   900   900 
2015  27.3  27.8  27.3  28.5  29.0  29.6  29.5  29.9 -99.0  29.5  28.0  28.7   900   900   900   900   900   900   900   900   -99   900   900   900 
2016 -99.0  28.3 -99.0  29.0  29.3  29.5  29.7  30.1  29.1 -99.0  27.6  27.5   -99   900   -99   900   900   900   900   900   900   -99   900   900 
2017 -99.0 -99.0 -99.0 -99.0  28.3  29.3 -99.0 -99.0 -99.0 -99.0 -99.0 -99.0   -99   -99   -99   -99   900   900   -99   -99   -99   -99   -99   -99 
