Number= 804210
Name= PORLAMAR (AEROPUERTO
Country= VENEZUELA
Lat=   10.9
Long=   64.0
Height= 19
Start year= 1995
End year= 2017
First Good year= 1995
Source ID= 94
Source file= Jones
Jones data to= 2016
Normals source start year= 1995
Normals source end year= 1990
Normals= -99.0 -99.0 -99.0 -99.0 -99.0 -99.0 -99.0 -99.0 -99.0 -99.0 -99.0 -99.0 
Standard deviations source= Data
Standard deviations source start year= 1995
Standard deviations source end year= 1990
Obs:
1995 -99.0 -99.0 -99.0 -99.0 -99.0 -99.0 -99.0  27.6  28.1  27.3  26.8  26.1   -99   -99   -99   -99   -99   -99   -99   506   506   506   506   506 
1996  25.0  25.8 -99.0  26.8  29.2  26.5  27.1  27.8  28.6  28.3  27.0  26.3   506   506   -99   506   506   506   506   506   506   506   506   506 
1997  25.0  24.6  24.9  26.8  27.6 -99.0  27.6  28.2  29.0  29.0  28.2  27.0   506   506   506   506   506   -99   506   506   506   506   506   506 
1998  26.9  27.2  27.3  28.3  28.4  27.6  27.2  28.9  29.0  28.3  27.9  27.1   506   506   506   506   506   506   506   506   506   506   506   506 
1999  26.2  25.7  26.7  27.3  28.2  28.1  28.5  28.2  28.5  28.1  27.9  26.2   506   506   506   506   506   506   506   506   506   506   506   506 
2000 -99.0  26.1  25.7  25.9  27.3  27.2  27.7  28.0  28.4  27.9  27.3  26.3   -99   506   506   506   506   506   506   506   506   506   506   506 
2001  25.9 -99.0  26.3  26.5  28.0 -99.0 -99.0  28.6  28.6 -99.0 -99.0  27.2   506   -99   506   506   506   -99   -99   506   506   -99   -99   506 
2002  26.2  26.1  26.9  27.4  27.0  27.3  27.1  28.2  29.4  28.6  26.9  26.7   506   506   506   506   506   506   506   506   506   506   506   506 
2003  26.4  26.6  27.2  28.1  28.2  27.7  27.7  28.7  29.2  29.1  27.9  27.1   506   506   506   506   506   506   506   506   506   506   506   506 
2004  24.4  26.1  26.4  27.7  27.6  27.4  27.6  28.2  28.3  28.6  26.5  24.8   506   506   506   506   506   506   506   506   506   506   506   506 
2005 -99.0  26.2  27.6  28.1  29.3 -99.0  28.5  29.4  28.7  28.9  27.4  25.7   -99   506   506   506   506   -99   506   506   506   506   506   506 
2006  25.3  25.6  27.1  27.8  28.4  28.4  27.6  28.1  29.2  28.9  28.3  27.0   506   506   506   506   506   506   506   506   506   506   506   506 
2007  26.6  27.0 -99.0  28.7  28.8  28.1 -99.0  28.7  28.8  29.1  28.6  27.0   506   506   -99   506   506   506   -99   506   506   506   506   506 
2008  27.0  26.8  27.1  27.4  28.3  28.3  27.6  27.9 -99.0  28.2  27.9  25.8   506   506   506   506   506   506   506   506   -99   506   506   506 
2009  26.3  25.6  26.1  27.5  28.2  28.0  27.0  28.0 -99.0  28.7  28.3  27.5   506   506   506   506   506   506   506   506   -99   506   506   506 
2010  26.9  27.3  28.6  29.2  28.7  29.0  28.6  28.6  28.7  28.5  27.2  26.1   506   506   506   506   506   506   506   506   506   506   506   506 
2011  25.6  25.5  25.6  27.2  28.6  29.5  28.1  24.4  29.5  28.4  28.2  27.4   506   506   506   506   506   506   506   506   506   506   506   506 
2012  26.3  26.5  26.7  27.1  27.6  27.8  27.5  27.8  27.8  29.6  28.8  26.9   506   506   506   506   506   506   506   506   506   506   506   506 
2013  26.5  26.6 -99.0  28.0  28.4  28.1  28.6  28.7  29.6  29.2  28.0  26.8   506   506   -99   506   506   506   506   506   506   506   506   506 
2014  26.3  26.8  27.1  27.7  28.6  29.1  28.8  27.0  29.5  29.4  29.3  29.0   506   506   506   506   506   506   506   506   506   506   506   506 
2015  28.2  28.3  27.3  27.6  27.2  27.6  27.9  28.9  29.4  29.4  28.7  29.0   506   506   506   506   506   506   506   506   506   506   506   506 
2016 -99.0  28.6 -99.0  28.7  28.7  28.8  28.6  28.9  29.0 -99.0  28.6 -99.0   -99   506   -99   506   506   506   506   900   900   -99   900   -99 
2017 -99.0 -99.0 -99.0 -99.0  28.5  27.7 -99.0 -99.0 -99.0 -99.0 -99.0 -99.0   -99   -99   -99   -99   900   900   -99   -99   -99   -99   -99   -99 
