Number= 825710
Name= BARRA DO CORDA
Country= BRAZIL
Lat=   -5.5
Long=   45.3
Height= 82
Start year= 1961
End year= 2020
First Good year= 1961
Source ID= 10
Source file= Jones
Jones data to= 2012
Normals source= Data
Normals source start year= 1961
Normals source end year= 1990
Normals=  25.4  25.2  25.4  25.4  25.2  24.8  24.8  26.1  27.4  27.5  27.1  26.3 
Standard deviations source= Data
Standard deviations source start year= 1961
Standard deviations source end year= 1990
Standard deviations=   0.8   0.5   0.7   0.6   0.6   0.7   1.0   1.1   1.0   0.9   1.1   1.0 
Obs:
1961  26.4  25.0  25.1  25.4  25.2  24.2 -99.0 -99.0  27.4 -99.0  27.3 -99.0   506   506   506   506   506   506   -99   -99   506   -99   506   -99 
1962 -99.0  25.6 -99.0 -99.0 -99.0  24.4  24.3 -99.0 -99.0 -99.0  27.0 -99.0   -99   506   -99   -99   -99   506   506   -99   -99   -99   506   -99 
1963 -99.0 -99.0  25.1 -99.0  24.5 -99.0  23.6 -99.0 -99.0 -99.0 -99.0 -99.0   -99   -99   506   -99   506   -99   506   -99   -99   -99   -99   -99 
1964 -99.0 -99.0 -99.0 -99.0 -99.0 -99.0 -99.0 -99.0 -99.0 -99.0 -99.0 -99.0   -99   -99   -99   -99   -99   -99   -99   -99   -99   -99   -99   -99 
1965 -99.0 -99.0 -99.0  24.4  25.2 -99.0 -99.0  28.3 -99.0 -99.0 -99.0 -99.0   -99   -99   -99   506   506   -99   -99   506   -99   -99   -99   -99 
1966 -99.0 -99.0  25.3 -99.0 -99.0  24.1  24.3  25.2  26.7  27.4  25.0  26.2   -99   -99   506   -99   -99   506   506   506   506   506   506   506 
1967  26.1  25.0  25.6  25.4  26.2  23.9  23.1 -99.0 -99.0 -99.0 -99.0 -99.0   506   506   506   506   506   506   506   -99   -99   -99   -99   -99 
1968 -99.0 -99.0 -99.0 -99.0 -99.0 -99.0 -99.0 -99.0 -99.0 -99.0 -99.0 -99.0   -99   -99   -99   -99   -99   -99   -99   -99   -99   -99   -99   -99 
1969 -99.0 -99.0 -99.0 -99.0 -99.0 -99.0 -99.0 -99.0 -99.0 -99.0 -99.0 -99.0   -99   -99   -99   -99   -99   -99   -99   -99   -99   -99   -99   -99 
1970 -99.0 -99.0 -99.0 -99.0 -99.0 -99.0 -99.0 -99.0 -99.0 -99.0 -99.0 -99.0   -99   -99   -99   -99   -99   -99   -99   -99   -99   -99   -99   -99 
1971 -99.0 -99.0 -99.0 -99.0 -99.0 -99.0  23.3  26.8  26.6  25.7 -99.0  27.1   -99   -99   -99   -99   -99   -99   506   506   506   506   -99   506 
1972  24.5  25.0  25.7  24.9  24.9  24.8  24.8  25.6  27.1 -99.0  29.5  26.8   506   506   506   506   506   506   506   506   506   -99   506   506 
1973  25.3  25.6 -99.0 -99.0  25.3  25.0  24.9  25.2  26.9  26.9  26.5  24.8   506   506   -99   -99   506   506   506   506   506   506   506   506 
1974  24.2  24.3  24.3  25.0  24.2  23.6  23.4  24.7  26.0  27.9  25.9  24.5   506   506   506   506   506   506   506   506   506   506   506   506 
1975  24.1 -99.0  24.5  26.2  24.6  24.6  24.0  24.7  26.0  26.7  27.9  25.3   506   -99   506   506   506   506   506   506   506   506   506   506 
1976  24.5  25.0  24.9  26.4  24.5  24.2  23.9  27.2  28.3  26.4  27.6  27.3   506   506   506   506   506   506   506   506   506   506   506   506 
1977  25.6  25.3  27.7  25.7  26.2  25.7  26.2  25.7  28.5  27.7  28.5  26.2   506   506   506   506   506   506   506   506   506   506   506   506 
1978  25.2  25.4  24.6  25.1  25.0  24.0  24.5  24.4  26.3 -99.0  26.2  25.3   506   506   506   506   506   506   506   506   506   -99   506   506 
1979  25.3  25.1  25.6  25.6  25.2  24.2  24.0  26.0  26.1  26.8  28.4  26.2   506   506   506   506   506   506   506   506   506   506   506   506 
1980  25.6  24.8  25.4  25.5  25.1  25.2  26.9  28.2  29.0  29.0  26.3  25.9   506   506   506   506   506   506   506   506   506   506   506   506 
1981  25.1  25.3  25.4  25.6  25.2  25.2  25.5  27.0  28.8  28.1  27.5  26.6   506   506   506   506   506   506   506   506   506   506   506   506 
1982  25.5  25.0  25.3  25.3  25.0  24.7  24.7  25.8  27.6  29.9  27.9  27.7   506   506   506   506   506   506   506   506   506   506   506   506 
1983  27.3  26.1  26.2  25.9  25.9  25.3  25.7  27.1  28.6  27.8  27.6  28.1   506   506   506   506   506   506   506   506   506   506   506   506 
1984  25.0  24.7  25.1  25.0  25.1  24.1  24.5  25.5  26.4  27.0  26.9  26.3   506   506   506   506   506   506   506   506   506   506   506   506 
1985  25.0  24.6  25.3  24.7  24.7  26.5  26.8  24.9  29.2  27.1  25.2  24.8   506   506   506   506   506   506   506   506   506   506   506   506 
1986  25.2  24.7  24.7  25.0  26.3  25.6  25.8  26.9  28.4  26.6  26.7  26.7   506   506   506   506   506   506   506   506   506   506   506   506 
1987  26.6  26.6  25.7  27.0  25.7  25.7  25.8  26.6  27.9  28.3  28.5  27.9   506   506   506   506   506   506   506   506   506   506   506   506 
1988  25.8  25.9  25.9  25.0  25.3  24.9  24.9  25.3  26.9  27.6  26.1  25.2   506   506   506   506   506   506   506   506   506   506   506   506 
1989  25.1  24.8  26.8  25.0  25.0  24.9  25.1  25.6  27.4  27.6  26.2  25.6   506   506   506   506   506   506   506   506   506   506   506   506 
1990  25.5  25.1  25.6  25.7  25.7  25.5  25.5  26.8  27.2  27.5  27.3  27.0   506   506   506   506   506   506   506   506   506   506   506   506 
1991  25.8  25.8  25.2  25.3  25.6  25.5  24.4  26.1  28.1  27.7  27.6  27.2   506   506   506   506   506   506   506   506   506   506   506   506 
1992  26.6  25.0  25.6  25.7  25.4  24.7  25.1  26.9 -99.0  28.4  27.1  26.4   506   506   506   506   506   506   506   506   -99   506   506   506 
1993  26.0  25.5  25.0  25.9  25.6  25.2  25.4  27.9  28.1  28.4  27.6  26.8   506   506   506   506   506   506   506   506   506   506   506   506 
1994  25.4  25.2  25.0  25.3  25.3  24.8  23.9  25.1  26.9  26.8  26.9  26.6   506   506   506   506   506   506   506   506   506   506   506   506 
1995  25.6  24.9  26.2  25.1  25.4  24.7  24.8  25.6  27.5  28.0  26.9  26.2   506   506   506   506   506   506   506   506   506   506   506   506 
1996  24.8  25.2  25.1  25.1  25.1  24.8  24.8  26.5  26.5  26.9  26.3 -99.0   506   506   506   506   506   506   506   506   506   506   506   -99 
1997  24.6  25.2  24.6  25.4  24.8  24.5  25.3  26.9  28.0  28.6  27.7  27.2   506   506   506   506   506   506   506   506   506   506   506   506 
1998  26.0  26.8  26.0  26.8  27.1  26.7  27.4  28.6  29.5  29.0  28.1  26.5   506   506   506   506   506   506   506   506   506   506   506   506 
1999  25.5  26.5  25.0  25.0  25.0  25.4  25.7  27.3  28.5  28.2  26.9  25.7   506   506   506   506   506   506   506   506   506   506   506   506 
2000  25.5  24.9  25.0  25.2  25.5  25.3  25.2  25.7  26.5  27.5  28.1  27.1   506   506   506   506   506   506   506   506   506   506   506   506 
2001  25.4  25.1  25.4  25.6  25.9  25.2  25.6  26.6  28.2  28.9  27.6  27.8   506   506   506   506   506   506   506   506   506   506   506   506 
2002  25.8  26.7  26.2  26.2  26.3  25.8  26.2  26.9  27.8  28.6  28.4  27.6   506   506   506   506   506   506   506   506   506   506   506   506 
2003  27.3 -99.0  26.1  26.5  26.5  26.0  26.0  27.7  29.2  29.8  28.0  27.6   506   -99   506   506   506   506   506   506   506   506   506   506 
2004  26.9  25.9  26.4  26.2  26.5  25.8  25.9  27.4  28.6  29.1  28.5  27.8   506   506   506   506   506   506   506   506   506   506   506   506 
2005  27.4  26.6 -99.0  26.9  26.7  26.5  26.3  27.7  29.2  30.1  29.4  26.7   506   506   -99   506   506   506   506   506   506   506   506   506 
2006  26.9  26.3  26.1  25.8  26.2  25.9  25.9  26.7  28.4  29.0  27.8  27.3   506   506   506   506   506   506   506   506   506   506   506   506 
2007  27.5  25.6  26.3  26.3  26.5  26.4  27.1  27.9  29.4  29.7  29.5  27.9   506   506   506   506   506   506   506   506   506   506   506   506 
2008  26.3  26.0  25.4  26.0  25.0  24.3  26.3  27.7  29.4  30.1  29.5  27.4   506   506   506   506   506   506   506   506   506   506   506   506 
2009  27.4  25.8  25.8  25.9  25.8  26.0  26.3  26.9  28.4  28.5  28.5  26.7   506   506   506   506   506   506   506   506   506   506   506   506 
2010  26.4  26.8  27.4  27.0  27.3 -99.0  27.0  27.7  29.6  29.4  28.8  27.7   506   506   506   506   506   -99   506   506   506   506   506   506 
2011  26.2  25.6  26.3  26.3  26.6  26.6  26.0  27.2  30.6  28.7  27.1  27.8   506   506   506   506   506   506   506   506   506   506   506   506 
2012  26.4  25.7  26.1  27.0  26.9  27.0  27.7  28.2  29.9  31.4  28.8  27.3   506   506   506   506   506   506   506   506   506   506   506   506 
2013  27.4  26.9  27.2  27.3  27.1  26.8  27.4  27.5 -99.0 -99.0 -99.0 -99.0   900   900   900   900   900   900   900   900   -99   -99   -99   -99 
2014 -99.0 -99.0 -99.0 -99.0 -99.0 -99.0 -99.0 -99.0 -99.0 -99.0  28.6  27.8   -99   -99   -99   -99   -99   -99   -99   -99   -99   -99   900   900 
2015  26.8  26.3  26.2  26.9  27.1  27.0  28.0  29.0  30.2  30.9  30.7  30.5   900   900   900   900   900   900   900   900   900   900   900   900 
2016  27.1  27.8  27.5  28.0  27.4  27.6  28.2  30.0  30.3  29.8  30.2  28.3   900   900   900   900   900   900   900   900   900   900   900   900 
2017  27.0  26.6  26.7  27.2  27.3  26.9  27.2  29.4  30.8  31.3  29.3  28.2   900   900   900   900   900   900   900   900   900   900   900   900 
2018  26.9  26.3  27.0  27.0  27.0  26.9  27.8  29.1  30.2  30.0  29.2  27.6   900   900   900   900   900   900   900   900   900   900   900   900 
2019  27.3  27.1  26.6  27.3  27.5  27.2 -99.0 -99.0 -99.0  29.9  30.0  29.1   900   900   900   900   900   900   -99   -99   -99   900   900   900 
2020  27.0  26.9 -99.0  26.9  28.1  26.9  27.1  28.4 -99.0  30.1  28.1  27.6   900   900   -99   900   900   900   900   900   -99   900   900   900 
