Number= 826910
Name= FLORANIA
Country= BRAZIL
Lat=   -6.1
Long=   36.8
Height= 324
Start year= 1963
End year= 2012
First Good year= 1963
Source ID= 58
Source file= Jones
Jones data to= 2012
Normals source= Data
Normals source start year= 1963
Normals source end year= 1990
Normals=  27.9  27.2  26.7  26.2  25.7  25.1  25.1  25.7  26.9  27.7  27.9  27.9 
Standard deviations source= Data
Standard deviations source start year= 1963
Standard deviations source end year= 1990
Standard deviations=   0.6   1.3   1.0   1.0   1.1   0.8   0.9   0.5   0.4   0.3   0.3   0.6 
Obs:
1963 -99.0 -99.0 -99.0 -99.0 -99.0 -99.0 -99.0 -99.0 -99.0 -99.0 -99.0 -99.0   -99   -99   -99   -99   -99   -99   -99   -99   -99   -99   -99   -99 
1964 -99.0  24.8 -99.0 -99.0  23.8  23.1 -99.0 -99.0 -99.0 -99.0 -99.0 -99.0   -99   506   -99   -99   506   506   -99   -99   -99   -99   -99   -99 
1965 -99.0 -99.0 -99.0 -99.0 -99.0 -99.0 -99.0 -99.0  26.5  27.7  27.9  28.0   -99   -99   -99   -99   -99   -99   -99   -99   506   506   506   506 
1966  28.5  26.3  27.5  27.0  27.0  25.4  25.1  26.0  26.9  27.7  27.9  28.5   506   506   506   506   506   506   506   506   506   506   506   506 
1967  28.8  27.4  26.1  25.6  25.3  25.2  25.0  25.7  27.0  27.2  27.3  27.1   506   506   506   506   506   506   506   506   506   506   506   506 
1968  27.2  27.8  25.6  25.9  24.9  24.9  25.1  26.0  27.2  28.1  28.5  28.5   506   506   506   506   506   506   506   506   506   506   506   506 
1969  28.3  28.7  27.5  26.7  26.3  25.8  25.3  25.9  27.3  28.1  28.6  28.5   506   506   506   506   506   506   506   506   506   506   506   506 
1970  28.0  28.7  27.6  27.6  27.5  26.6  25.9  26.1  27.1 -99.0  28.2  28.5   506   506   506   506   506   506   506   506   506   -99   506   506 
1971 -99.0 -99.0 -99.0 -99.0 -99.0 -99.0 -99.0 -99.0 -99.0 -99.0 -99.0 -99.0   -99   -99   -99   -99   -99   -99   -99   -99   -99   -99   -99   -99 
1972 -99.0 -99.0 -99.0 -99.0 -99.0 -99.0 -99.0 -99.0 -99.0 -99.0 -99.0 -99.0   -99   -99   -99   -99   -99   -99   -99   -99   -99   -99   -99   -99 
1973  27.5  28.0  26.7  26.0  24.9  24.6  25.0 -99.0 -99.0  27.6  27.9  27.8   506   506   506   506   506   506   506   -99   -99   506   506   506 
1974  26.8  25.5  25.1  24.8  24.4  24.2  22.8  24.6  26.2  27.5  27.5  26.9   506   506   506   506   506   506   506   506   506   506   506   506 
1975  27.7  26.9  25.5  25.6  24.8  24.4  23.5  25.1  26.4  27.3  27.5  27.3   506   506   506   506   506   506   506   506   506   506   506   506 
1976  27.7  25.7  25.6  25.1  25.6  24.9  24.9  25.7 -99.0 -99.0 -99.0  28.0   506   506   506   506   506   506   506   506   -99   -99   -99   506 
1977  26.6  26.4  27.2  25.7  25.4  24.8  24.3  25.7  26.9  27.8  28.0  28.0   506   506   506   506   506   506   506   506   506   506   506   506 
1978  28.7  27.5  25.9  26.1  25.3  24.9  25.4  25.5  26.5  27.1  27.7  27.4   506   506   506   506   506   506   506   506   506   506   506   506 
1979  28.0  27.7  28.2  27.9  25.8  24.6  25.4  26.7  27.0  27.9  28.1  28.4   506   506   506   506   506   506   506   506   506   506   506   506 
1980  28.5 -99.0  26.4 -99.0  27.4  26.0  26.2 -99.0  27.7  28.0  28.0  28.2   506   -99   506   -99   506   506   506   -99   506   506   506   506 
1981  27.5 -99.0  26.6  26.0  26.8  25.5  25.5  26.1  26.8  27.8  27.9  27.9   506   -99   506   506   506   506   506   506   506   506   506   506 
1982  28.2  28.6  27.5 -99.0  25.3  25.6  25.5  25.7  27.0  27.9  27.9  28.1   506   506   506   -99   506   506   506   506   506   506   506   506 
1983  28.6  27.6  28.3  28.3  27.8  26.7  26.7  26.4  27.5  27.7  28.0  28.4   506   506   506   506   506   506   506   506   506   506   506   506 
1984  28.1  28.8  26.8  25.5  24.9  25.1  25.0  25.6  27.0  27.7  28.0  28.5   506   506   506   506   506   506   506   506   506   506   506   506 
1985  27.7  25.3  25.7  25.1  25.1  24.5  24.4  25.1  26.5  27.4  27.6  26.8   506   506   506   506   506   506   506   506   506   506   506   506 
1986 -99.0 -99.0 -99.0 -99.0 -99.0 -99.0 -99.0 -99.0 -99.0 -99.0 -99.0 -99.0   -99   -99   -99   -99   -99   -99   -99   -99   -99   -99   -99   -99 
1987 -99.0 -99.0 -99.0 -99.0 -99.0 -99.0 -99.0 -99.0 -99.0 -99.0 -99.0 -99.0   -99   -99   -99   -99   -99   -99   -99   -99   -99   -99   -99   -99 
1988 -99.0 -99.0 -99.0 -99.0 -99.0 -99.0 -99.0 -99.0 -99.0 -99.0 -99.0 -99.0   -99   -99   -99   -99   -99   -99   -99   -99   -99   -99   -99   -99 
1989 -99.0 -99.0 -99.0 -99.0 -99.0 -99.0 -99.0 -99.0 -99.0 -99.0 -99.0 -99.0   -99   -99   -99   -99   -99   -99   -99   -99   -99   -99   -99   -99 
1990 -99.0 -99.0 -99.0 -99.0 -99.0 -99.0 -99.0 -99.0 -99.0 -99.0 -99.0 -99.0   -99   -99   -99   -99   -99   -99   -99   -99   -99   -99   -99   -99 
1991 -99.0 -99.0 -99.0 -99.0 -99.0 -99.0 -99.0 -99.0 -99.0 -99.0 -99.0 -99.0   -99   -99   -99   -99   -99   -99   -99   -99   -99   -99   -99   -99 
1992 -99.0 -99.0 -99.0 -99.0 -99.0 -99.0 -99.0 -99.0 -99.0 -99.0 -99.0 -99.0   -99   -99   -99   -99   -99   -99   -99   -99   -99   -99   -99   -99 
1993 -99.0 -99.0 -99.0 -99.0 -99.0 -99.0 -99.0 -99.0 -99.0 -99.0  28.8  29.1   -99   -99   -99   -99   -99   -99   -99   -99   -99   -99   506   506 
1994  28.0  27.7  26.6  25.8 -99.0 -99.0 -99.0 -99.0 -99.0 -99.0 -99.0 -99.0   506   506   506   506   -99   -99   -99   -99   -99   -99   -99   -99 
1995  27.6  27.0  27.4  26.4  26.2  24.9 -99.0  26.3  27.0  28.1  28.1  28.4   506   506   506   506   506   506   -99   506   506   506   506   506 
1996  28.5  27.9  26.2  26.0  25.9  25.5  25.6  26.4  27.4  28.4  28.0  28.7   506   506   506   506   506   506   506   506   506   506   506   506 
1997  28.2  28.0  27.4  26.1  25.4  25.9  25.9  26.3  27.6  28.5  28.7  29.1   506   506   506   506   506   506   506   506   506   506   506   506 
1998  28.7  29.2  29.1  29.4  28.8  27.4  26.5  26.9  28.1  28.8  29.0  29.1   506   506   506   506   506   506   506   506   506   506   506   506 
1999  28.8  28.4  27.9  28.5  26.9  26.8  26.0  26.7  27.6  28.0  28.6  28.3   506   506   506   506   506   506   506   506   506   506   506   506 
2000  27.1  26.9  26.9  25.8  25.9  25.5  24.9  25.9  27.3 -99.0 -99.0 -99.0   506   506   506   506   506   506   506   506   506   -99   -99   -99 
2001 -99.0 -99.0  28.1 -99.0 -99.0 -99.0 -99.0 -99.0 -99.0  28.4  28.9  28.8   -99   -99   506   -99   -99   -99   -99   -99   -99   506   506   506 
2002  26.8  26.7  26.8  27.0  26.6  25.3  26.4  26.5  27.8  28.3  28.6  29.0   506   506   506   506   506   506   506   506   506   506   506   506 
2003  28.3  27.9  27.4  27.0  27.1  26.5  26.1  27.2  27.8  28.6  29.0  29.3   506   506   506   506   506   506   506   506   506   506   506   506 
2004 -99.0  26.4  26.9  27.6  26.6  25.6  25.8  26.7  27.9  28.6  29.0  29.1   -99   506   506   506   506   506   506   506   506   506   506   506 
2005  29.1  29.0  28.8  27.9  27.2  25.9 -99.0  26.7  27.5  28.7  29.1  29.0   506   506   506   506   506   506   -99   506   506   506   506   506 
2006  29.5  28.7  27.4  26.7  26.2  25.4 -99.0  26.6  28.0  28.9  29.1  29.4   506   506   506   506   506   506   -99   506   506   506   506   506 
2007  29.4  28.2  27.5  28.0  27.1  26.1 -99.0  26.5  27.0  28.3  28.8  29.0   506   506   506   506   506   506   -99   506   506   506   506   506 
2008  29.0  28.9  27.0  26.1  25.6  24.9 -99.0  26.2  27.0  28.2  28.8  28.9   506   506   506   506   506   506   -99   506   506   506   506   506 
2009  28.6  27.5  26.8  26.2  25.8  25.1  25.0  25.6  27.0  28.2  28.4  28.6   506   506   506   506   506   506   506   506   506   506   506   506 
2010  27.9  29.1  29.2  28.2  28.5  26.3  26.1  26.5  27.5  28.6  28.8  28.1   506   506   506   506   506   506   506   506   506   506   506   506 
2011  27.4  27.5  27.0  26.3  25.8  26.1  25.2  26.1  27.0  28.2  28.5  28.3   506   506   506   506   506   506   506   506   506   506   506   506 
2012  28.1  27.5  27.9 -99.0 -99.0 -99.0 -99.0 -99.0 -99.0 -99.0 -99.0 -99.0   506   506   506   -99   -99   -99   -99   -99   -99   -99   -99   -99 
