Number= 828820
Name= PAULISTANA
Country= BRAZIL
Lat=   -8.1
Long=   41.1
Height= 374
Start year= 1975
End year= 2012
First Good year= 1975
Source ID= 58
Source file= Jones
Jones data to= 2012
Normals source start year= 1975
Normals source end year= 1990
Normals= -99.0 -99.0 -99.0 -99.0 -99.0 -99.0 -99.0 -99.0 -99.0 -99.0 -99.0 -99.0 
Standard deviations source= Data
Standard deviations source start year= 1975
Standard deviations source end year= 1990
Obs:
1975 -99.0 -99.0 -99.0 -99.0 -99.0 -99.0 -99.0 -99.0 -99.0  29.2  29.2  28.7   -99   -99   -99   -99   -99   -99   -99   -99   -99   506   506   506 
1976  28.7  25.1  26.4  26.9  27.4  26.0  25.5  26.2  27.6  26.6  26.9  27.4   506   506   506   506   506   506   506   506   506   506   506   506 
1977  25.2  25.4  26.0  24.8 -99.0  25.1  24.9  26.0  27.0  28.6  29.2  26.1   506   506   506   506   -99   506   506   506   506   506   506   506 
1978  25.9  25.6 -99.0 -99.0 -99.0 -99.0 -99.0 -99.0 -99.0  29.3  28.8  27.0   506   506   -99   -99   -99   -99   -99   -99   -99   506   506   506 
1979 -99.0 -99.0 -99.0 -99.0 -99.0 -99.0 -99.0 -99.0 -99.0 -99.0 -99.0 -99.0   -99   -99   -99   -99   -99   -99   -99   -99   -99   -99   -99   -99 
1980 -99.0 -99.0 -99.0 -99.0 -99.0 -99.0 -99.0 -99.0 -99.0 -99.0 -99.0 -99.0   -99   -99   -99   -99   -99   -99   -99   -99   -99   -99   -99   -99 
1981  27.5 -99.0 -99.0 -99.0 -99.0 -99.0 -99.0 -99.0 -99.0 -99.0 -99.0 -99.0   506   -99   -99   -99   -99   -99   -99   -99   -99   -99   -99   -99 
1982  26.7 -99.0  26.5  26.3  26.1  25.9  25.4 -99.0 -99.0 -99.0 -99.0 -99.0   506   -99   506   506   506   506   506   -99   -99   -99   -99   -99 
1983 -99.0 -99.0 -99.0  28.0  28.2  26.6  26.2  26.1  28.3  28.6  29.5  28.3   -99   -99   -99   506   506   506   506   506   506   506   506   506 
1984  27.2  27.8  25.0  24.1  24.2  24.2  24.1  25.5  26.5  28.1  28.9  29.6   506   506   506   506   506   506   506   506   506   506   506   506 
1985  25.6  25.4  25.8  25.0  24.7  24.7  25.5  27.2  29.3  30.6  30.0  25.9   506   506   506   506   506   506   506   506   506   506   506   506 
1986 -99.0 -99.0 -99.0 -99.0 -99.0 -99.0 -99.0 -99.0 -99.0 -99.0 -99.0 -99.0   -99   -99   -99   -99   -99   -99   -99   -99   -99   -99   -99   -99 
1987 -99.0 -99.0 -99.0 -99.0 -99.0 -99.0 -99.0 -99.0 -99.0 -99.0 -99.0 -99.0   -99   -99   -99   -99   -99   -99   -99   -99   -99   -99   -99   -99 
1988 -99.0 -99.0 -99.0 -99.0 -99.0 -99.0 -99.0 -99.0 -99.0 -99.0 -99.0 -99.0   -99   -99   -99   -99   -99   -99   -99   -99   -99   -99   -99   -99 
1989 -99.0 -99.0 -99.0 -99.0 -99.0 -99.0 -99.0 -99.0 -99.0 -99.0 -99.0 -99.0   -99   -99   -99   -99   -99   -99   -99   -99   -99   -99   -99   -99 
1990  26.2 -99.0 -99.0 -99.0 -99.0 -99.0 -99.0 -99.0 -99.0 -99.0 -99.0 -99.0   506   -99   -99   -99   -99   -99   -99   -99   -99   -99   -99   -99 
1991 -99.0 -99.0 -99.0 -99.0 -99.0 -99.0 -99.0 -99.0 -99.0 -99.0 -99.0 -99.0   -99   -99   -99   -99   -99   -99   -99   -99   -99   -99   -99   -99 
1992 -99.0 -99.0 -99.0 -99.0 -99.0 -99.0 -99.0 -99.0 -99.0 -99.0 -99.0 -99.0   -99   -99   -99   -99   -99   -99   -99   -99   -99   -99   -99   -99 
1993  27.9  27.7 -99.0 -99.0 -99.0 -99.0 -99.0 -99.0 -99.0 -99.0  29.3  29.3   506   506   -99   -99   -99   -99   -99   -99   -99   -99   506   506 
1994  26.3  26.6  25.8  27.0 -99.0 -99.0 -99.0 -99.0 -99.0 -99.0 -99.0 -99.0   506   506   506   506   -99   -99   -99   -99   -99   -99   -99   -99 
1995  27.8  26.2  26.8  26.8 -99.0  24.9  25.0  26.4  27.6  29.7  28.3  27.5   506   506   506   506   -99   506   506   506   506   506   506   506 
1996  27.1  26.9  25.9  25.6  26.0  25.5  25.7  26.6  28.3  30.0  28.2  28.1   506   506   506   506   506   506   506   506   506   506   506   506 
1997  26.0  27.3  26.2  25.6  25.1  25.7  25.6  26.4  29.8  29.7  28.5  29.2   506   506   506   506   506   506   506   506   506   506   506   506 
1998  27.4  27.8  28.6  30.1  29.0  26.7  27.0  27.5  28.5  30.4  29.6  28.4   506   506   506   506   506   506   506   506   506   506   506   506 
1999  27.0  26.7  26.3  26.9  27.6  27.3  26.3  26.7  28.0  28.8  28.3  27.3   506   506   506   506   506   506   506   506   506   506   506   506 
2000  27.0  26.2  26.6  27.0  27.6  26.9  26.5  27.5  28.4  29.6  28.2  27.8   506   506   506   506   506   506   506   506   506   506   506   506 
2001  27.5  26.6  26.3  27.1  27.8  26.7  26.6  26.2  28.5  30.1  31.0  29.5   506   506   506   506   506   506   506   506   506   506   506   506 
2002  25.6  27.3  27.6  27.2  28.0  26.5  26.8  26.9  28.9  29.3  30.3  28.9   506   506   506   506   506   506   506   506   506   506   506   506 
2003  26.8  28.1  28.0  27.4  27.0  27.0  25.9  27.8  28.7  29.8  30.2  31.0   506   506   506   506   506   506   506   506   506   506   506   506 
2004  26.3  26.1  25.9  26.9  26.8  25.7  25.8  26.8  27.6  29.6  30.0  30.0   506   506   506   506   506   506   506   506   506   506   506   506 
2005  27.3  27.8  27.2  27.4  26.5  26.5  26.0  26.7  28.7  29.9  29.9  28.3   506   506   506   506   506   506   506   506   506   506   506   506 
2006  30.1  27.7  26.7  26.5  26.8  25.7  25.8  26.8  28.2  29.4  28.6  29.0   506   506   506   506   506   506   506   506   506   506   506   506 
2007  29.4  26.1  26.5  28.0  27.7  26.5  26.6  26.0  27.5  29.4  30.3  29.8   506   506   506   506   506   506   506   506   506   506   506   506 
2008  29.3  27.8  26.1  26.4  26.4  26.0  25.5  27.0  28.7  29.8  31.3  28.5   506   506   506   506   506   506   506   506   506   506   506   506 
2009  28.4  26.9  27.3  26.4  25.9  26.2  26.7 -99.0  29.5  29.6  30.3  28.9   506   506   506   506   506   506   506   -99   506   506   506   506 
2010  27.5  29.5  29.1  27.6  28.9  26.6  25.9 -99.0  27.7  30.0  30.0  27.2   506   506   506   506   506   506   506   -99   506   506   506   506 
2011  27.4  27.6  26.5  26.7  26.1 -99.0  25.9  27.0  27.3  29.3  28.9  29.6   506   506   506   506   506   -99   506   506   506   506   506   506 
2012  29.6  27.6  29.1 -99.0 -99.0 -99.0 -99.0 -99.0 -99.0 -99.0 -99.0 -99.0   506   506   506   -99   -99   -99   -99   -99   -99   -99   -99   -99 
