Number= 633320
Name= BAHAR DAR
Country= ETHIOPIA
Lat=   11.6
Long=  -37.4
Height= 1770
Start year= 1967
End year= 2014
First Good year= 1967
Source ID= 39
Source file= Jones
Jones data to= 2014
Normals source= Data
Normals source start year= 1967
Normals source end year= 1990
Normals=  17.4  18.8  21.1  21.5  21.6  20.2  18.6  18.5  18.9  19.3  18.4  17.3 
Standard deviations source= Data
Standard deviations source start year= 1967
Standard deviations source end year= 1990
Standard deviations=   1.6   1.5   1.4   1.8   1.1   1.2   1.0   0.9   1.0   1.1   1.1   1.1 
Obs:
1967 -99.0  19.5  21.2  21.9  22.0 -99.0  17.7 -99.0  18.7 -99.0  18.6  17.6   -99   506   506   506   506   -99   506   -99   506   -99   506   506 
1968  18.4  18.0 -99.0 -99.0  21.7 -99.0  18.3  18.8  19.3  19.8  18.7  18.1   506   506   -99   -99   506   -99   506   506   506   506   506   506 
1969  18.4  19.6 -99.0 -99.0  22.6 -99.0  18.6 -99.0  19.3  20.1  20.0 -99.0   506   506   -99   -99   506   -99   506   -99   506   506   506   -99 
1970 -99.0 -99.0  21.9  21.5 -99.0 -99.0 -99.0  18.5  19.3  19.9  18.7  18.2   -99   -99   506   506   -99   -99   -99   506   506   506   506   506 
1971  18.3  20.4  19.6  20.5  21.8  19.4  18.4  18.1  19.1  19.8  19.2  17.5   506   506   506   506   506   506   506   506   506   506   506   506 
1972  19.4  19.7  22.7  23.1  23.5  22.1  19.3  19.3  19.8  20.7  20.5  20.4   506   506   506   506   506   506   506   506   506   506   506   506 
1973  20.6  22.0  24.6  25.2  22.3  20.7  19.0  18.7  19.7  19.9  20.1  17.7   506   506   506   506   506   506   506   506   506   506   506   506 
1974  19.2  21.8  21.8  24.6  21.8  20.1  18.2  19.0  19.2  19.8  18.0  17.5   506   506   506   506   506   506   506   506   506   506   506   506 
1975  15.3  18.6  19.6  18.8  19.9  18.0  17.1  16.6  17.1  17.3  16.1  14.7   506   506   506   506   506   506   506   506   506   506   506   506 
1976  14.5  16.6  19.9  18.6  19.0  18.1  17.3  17.2  17.4  17.9  16.6  15.8   506   506   506   506   506   506   506   506   506   506   506   506 
1977  14.4  16.0  20.4  18.5  19.9  18.7  17.7  17.4  17.8  18.4  16.5  16.2   506   506   506   506   506   506   506   506   506   506   506   506 
1978  15.4  16.3  18.1  20.5  19.8  18.2  15.6  16.2  15.6  16.1  16.8  15.8   506   506   506   506   506   506   506   506   506   506   506   506 
1979  15.1 -99.0 -99.0  21.3 -99.0 -99.0  19.2  19.0  19.0  19.6  17.9  17.0   506   -99   -99   506   -99   -99   506   506   506   506   506   506 
1980  17.2  19.7  21.2  22.6  22.7  21.1  19.0  19.1  19.3  19.1  18.6  17.3   506   506   506   506   506   506   506   506   506   506   506   506 
1981  18.2  19.0  20.6  21.5  21.5  21.0  18.8  18.9  18.9  19.3  18.4  17.1   506   506   506   506   506   506   506   506   506   506   506   506 
1982  18.1  18.1  21.3  20.6  21.6  21.1  19.5  18.9  19.5  19.1  18.3  16.9   506   506   506   506   506   506   506   506   506   506   506   506 
1983  17.0  18.4  20.8  21.6  22.7  21.4  19.9  19.0  19.6  19.5  18.6  17.2   506   506   506   506   506   506   506   506   506   506   506   506 
1984  17.6  18.6  22.0  23.5  21.7  20.2  19.0  18.7  19.1  18.8  18.7  18.3   506   506   506   506   506   506   506   506   506   506   506   506 
1985  17.6  18.2  22.4  20.8  20.7  19.8  18.9  18.9  18.9  19.3  18.9  18.0   506   506   506   506   506   506   506   506   506   506   506   506 
1986  16.8  18.7  21.6  21.2  22.3  20.4  18.8  18.9  19.3  19.6  18.8  17.3   506   506   506   506   506   506   506   506   506   506   506   506 
1987  17.2  19.6  21.6  23.8  21.8  20.8  20.1  19.6  20.0  20.5  18.9  18.4   506   506   506   506   506   506   506   506   506   506   506   506 
1988  18.7  19.6  22.1  21.8  22.8  20.9  19.0  18.7  19.2  19.5  18.0  16.4   506   506   506   506   506   506   506   506   506   506   506   506 
1989  16.0  17.4  18.8  19.4  20.6  20.3  18.8  18.6  18.9  20.8  19.4 -99.0   506   506   506   506   506   506   506   506   506   506   506   -99 
1990  18.7  18.6  21.4  21.7  22.7  21.8  19.5  19.3  19.3  19.4  18.4  16.9   506   506   506   506   506   506   506   506   506   506   506   506 
1991  16.6 -99.0 -99.0 -99.0 -99.0 -99.0  19.2  18.9  19.3  19.7  18.4  17.5   506   -99   -99   -99   -99   -99   506   506   506   506   506   506 
1992  16.9  17.6  21.6  22.1  22.6  21.3  19.2  18.7  19.2  19.8  18.8  18.1   506   506   506   506   506   506   506   506   506   506   506   506 
1993 -99.0 -99.0 -99.0 -99.0 -99.0 -99.0 -99.0 -99.0 -99.0 -99.0  19.5  18.5   -99   -99   -99   -99   -99   -99   -99   -99   -99   -99   506   506 
1994 -99.0  20.3  20.6 -99.0  22.1  20.3  18.9  18.8  19.5  20.2  20.0  18.5   -99   506   506   -99   506   506   506   506   506   506   506   506 
1995 -99.0  19.9  20.9  23.3  23.1  21.7  19.5  19.0  19.5  20.1  19.1  19.1   -99   506   506   506   506   506   506   506   506   506   506   506 
1996  18.6  20.8  21.9  23.0  21.1  19.7  19.4  18.7  19.3  19.4  18.2  17.2   506   506   506   506   506   506   506   506   506   506   506   506 
1997 -99.0  19.1  21.9 -99.0  21.5  19.9  19.2  19.5  19.5  19.8  19.4  17.9   -99   506   506   -99   506   506   506   506   506   506   506   506 
1998  17.5  18.2  21.6  23.0 -99.0 -99.0  18.6  18.8 -99.0  20.0  18.1  16.6   506   506   506   506   -99   -99   506   506   -99   506   506   506 
1999 -99.0 -99.0  18.7  22.5 -99.0  20.4  18.6 -99.0 -99.0 -99.0 -99.0 -99.0   -99   -99   506   506   -99   506   506   -99   -99   -99   -99   -99 
2000  18.3  19.9 -99.0  21.1  22.4 -99.0 -99.0  19.0  19.4 -99.0  18.1  17.0   506   506   -99   506   506   -99   -99   506   506   -99   506   506 
2001  15.9  19.4  21.0  22.5  22.7  20.4  19.7  19.4  19.4  20.2  18.3  18.9   506   506   506   506   506   506   506   506   506   506   506   506 
2002  18.0  20.2  21.6 -99.0  23.4  21.6  20.0  19.6  19.2  19.9  19.0  17.5   506   506   506   -99   506   506   506   506   506   506   506   506 
2003  17.2  20.5  23.2  22.7  24.5  21.7  19.3  19.5  19.4  19.9  19.1  17.4   506   506   506   506   506   506   506   506   506   506   506   506 
2004  18.1  19.1  21.6  22.3  22.9 -99.0 -99.0  19.5  19.3  19.4  19.1  18.0   506   506   506   506   506   -99   -99   506   506   506   506   506 
2005  16.9  20.0  21.5  22.6  21.1  21.4  19.0  20.1  19.6 -99.0  18.9  16.8   506   506   506   506   506   506   506   506   506   -99   506   506 
2006  17.7  19.6  20.4  22.0  22.1  20.8  19.8  19.2  19.6  20.3  19.1  18.1   506   506   506   506   506   506   506   506   506   506   506   506 
2007  17.6  19.6  21.8  22.1  22.4  20.6  19.4  19.2  19.2  19.9  18.9  17.5   506   506   506   506   506   506   506   506   506   506   506   506 
2008  19.0  20.1  21.0 -99.0  21.5  20.5  19.6  19.2  19.7 -99.0  18.1  17.3   506   506   506   -99   506   506   506   506   506   -99   506   506 
2009  17.5  20.6  22.3  22.5  22.9  22.0  20.0 -99.0  20.0  19.9  19.2  17.1   506   506   506   506   506   506   506   -99   506   506   506   506 
2010  17.6 -99.0 -99.0 -99.0 -99.0  21.3  19.5  19.7 -99.0  20.1  19.1 -99.0   506   -99   -99   -99   -99   506   506   506   -99   506   506   -99 
2011  17.7  18.8 -99.0  22.7  22.3  21.1  19.6  19.4 -99.0 -99.0 -99.0  17.2   506   506   -99   506   506   506   506   506   -99   -99   -99   506 
2012  17.8  19.7  21.9  21.1  22.7  21.4  19.4  19.0  19.2  19.5  19.2  18.0   506   506   506   506   506   506   506   506   506   506   506   506 
2013 -99.0  19.7 -99.0 -99.0 -99.0 -99.0 -99.0 -99.0 -99.0 -99.0 -99.0 -99.0   -99   506   -99   -99   -99   -99   -99   -99   -99   -99   -99   -99 
2014  17.2  18.1  21.0 -99.0 -99.0  21.1  20.4  19.4  19.7  20.5  19.1  17.0   506   506   506   -99   -99   506   506   506   506   506   506   506 
