Number= 970960
Name= POSO/KASIGUNCU
Country= INDONESIA
Lat=   -1.4
Long= -120.7
Height= 2
Start year= 1984
End year= 2019
First Good year= 1984
Source ID= 97
Source file= Jones
Jones data to= 2015
Normals source start year= 1984
Normals source end year= 1990
Normals= -99.0 -99.0 -99.0 -99.0 -99.0 -99.0 -99.0 -99.0 -99.0 -99.0 -99.0 -99.0 
Standard deviations source= Data
Standard deviations source start year= 1984
Standard deviations source end year= 1990
Obs:
1984 -99.0 -99.0 -99.0  26.2  26.2  26.0  25.4  25.8  25.5  26.3  26.5  25.9   -99   -99   -99   506   506   506   506   506   506   506   506   506 
1985  25.8  25.8  26.2  26.3  26.7  26.3  25.3  25.7  25.8  26.4  26.2  26.2   506   506   506   506   506   506   506   506   506   506   506   506 
1986  26.0  25.8  25.7  26.1  26.8  26.0  25.9  26.3  26.5  26.4  26.4  26.0   506   506   506   506   506   506   506   506   506   506   506   506 
1987  25.7  25.9  25.9  26.4  26.6  27.0  26.4  27.8  27.1  27.4  26.8  26.9   506   506   506   506   506   506   506   506   506   506   506   506 
1988  26.5  26.7  26.9  27.0  26.9  26.6  26.1  26.1  26.3  26.4  26.5  26.0   506   506   506   506   506   506   506   506   506   506   506   506 
1989  26.1  25.8  26.0  26.4  26.7  26.0  25.7  26.1  26.3  26.1  26.4  26.4   506   506   506   506   506   506   506   506   506   506   506   506 
1990  25.8  26.2  26.3  26.7  27.0  26.6  25.9  26.3  26.4  26.4  26.6  26.3   506   506   506   506   506   506   506   506   506   506   506   506 
1991  26.2  26.2  26.5  26.5  26.7  27.1  26.2  26.4  26.1  26.1  26.8  26.2   506   506   506   506   506   506   506   506   506   506   506   506 
1992  26.0  26.0  26.2  26.5  26.7  26.6  26.3  26.3  26.2  26.4  26.4  25.9   506   506   506   506   506   506   506   506   506   506   506   506 
1993  25.9  25.9  26.1  26.3  26.6  26.6  26.3  26.7  27.1  27.0  26.9  26.6   506   506   506   506   506   506   506   506   506   506   506   506 
1994  26.1  26.2  26.1  26.5  26.7  26.3  27.0  27.3  27.2  27.0  27.1  26.4   506   506   506   506   506   506   506   506   506   506   506   506 
1995  26.4  26.3  26.2  26.4  26.7  26.3  25.9  26.9  26.3  26.5  26.4  26.1   506   506   506   506   506   506   506   506   506   506   506   506 
1996  25.8  25.6  26.6  26.3  26.4  26.1  25.9  25.7  26.5 -99.0  26.2  26.0   506   506   506   506   506   506   506   506   506   -99   506   506 
1997  25.9  26.0  26.1  26.5  26.5  26.8  26.8  27.3  26.9  26.7  26.6  26.6   506   506   506   506   506   506   506   506   506   506   506   506 
1998  26.7  27.2  26.7  27.3  27.2  26.8  26.3  26.4  27.0  26.8  26.7  26.4   506   506   506   506   506   506   506   506   506   506   506   506 
1999  26.5  26.0  26.2  26.7  26.1  25.9  26.0  26.7  26.5  26.4  26.4  26.8   506   506   506   506   506   506   506   506   506   506   506   506 
2000  26.0  26.1  26.2  26.4 -99.0 -99.0 -99.0 -99.0 -99.0 -99.0 -99.0 -99.0   506   506   506   506   -99   -99   -99   -99   -99   -99   -99   -99 
2001 -99.0 -99.0 -99.0 -99.0 -99.0 -99.0 -99.0 -99.0 -99.0 -99.0 -99.0 -99.0   -99   -99   -99   -99   -99   -99   -99   -99   -99   -99   -99   -99 
2002 -99.0 -99.0 -99.0 -99.0 -99.0 -99.0 -99.0 -99.0 -99.0 -99.0 -99.0 -99.0   -99   -99   -99   -99   -99   -99   -99   -99   -99   -99   -99   -99 
2003 -99.0 -99.0 -99.0 -99.0 -99.0 -99.0 -99.0 -99.0 -99.0 -99.0 -99.0 -99.0   -99   -99   -99   -99   -99   -99   -99   -99   -99   -99   -99   -99 
2004 -99.0 -99.0 -99.0 -99.0 -99.0 -99.0 -99.0 -99.0 -99.0 -99.0 -99.0 -99.0   -99   -99   -99   -99   -99   -99   -99   -99   -99   -99   -99   -99 
2005 -99.0 -99.0 -99.0 -99.0 -99.0 -99.0 -99.0 -99.0 -99.0 -99.0 -99.0 -99.0   -99   -99   -99   -99   -99   -99   -99   -99   -99   -99   -99   -99 
2006 -99.0 -99.0 -99.0 -99.0 -99.0 -99.0 -99.0 -99.0 -99.0 -99.0 -99.0 -99.0   -99   -99   -99   -99   -99   -99   -99   -99   -99   -99   -99   -99 
2007 -99.0 -99.0 -99.0 -99.0 -99.0 -99.0 -99.0 -99.0 -99.0 -99.0 -99.0  27.1   -99   -99   -99   -99   -99   -99   -99   -99   -99   -99   -99   506 
2008  27.0  26.7  26.6  26.9  27.1  26.5  26.6  26.5  26.8  27.0  27.4  27.0   506   506   506   506   506   506   506   506   506   506   506   506 
2009  27.0  27.3  26.6  27.4  27.5  27.3  26.8  27.5  28.2  27.7  27.8  23.9   506   506   506   506   506   506   506   506   506   506   506   506 
2010  27.0  27.1  27.4  27.9  28.1  27.4  26.9  27.1  27.1  27.4  27.6  27.1   506   506   506   506   506   506   506   506   506   506   506   506 
2011  26.7  26.6  27.0  27.1  27.5  27.2  27.6  28.3  28.3  28.1  28.1  27.7   506   506   506   506   506   506   506   506   506   506   506   506 
2012  27.6  27.7  27.5  27.9  27.8  27.6  26.0  25.7  27.6  28.1  28.1  27.6   506   506   506   506   506   506   506   506   506   506   506   506 
2013  27.6  27.6  27.7  27.6  27.8  27.9  26.8  27.3  28.0  27.9  28.2  27.7   506   506   506   506   506   506   506   506   506   506   506   506 
2014  26.8  27.3  25.1  27.4 -99.0  27.4  27.4 -99.0 -99.0 -99.0  27.6  27.6   506   506   506   506   -99   900   900   -99   -99   -99   900   900 
2015 -99.0  26.4 -99.0  27.4 -99.0  27.2 -99.0 -99.0 -99.0 -99.0 -99.0  27.7   -99   900   -99   900   -99   900   -99   -99   -99   -99   -99   900 
2016 -99.0 -99.0  27.8 -99.0  27.7 -99.0 -99.0 -99.0  27.3  27.1 -99.0  27.1   -99   -99   900   -99   900   -99   -99   -99   900   900   -99   900 
2017 -99.0 -99.0 -99.0 -99.0 -99.0  26.9  26.9  27.3  27.5  26.5  27.8 -99.0   -99   -99   -99   -99   -99   900   900   900   900   900   900   -99 
2018  27.1  27.1 -99.0 -99.0 -99.0  26.8 -99.0 -99.0 -99.0  27.6 -99.0 -99.0   900   900   -99   -99   -99   900   -99   -99   -99   900   -99   -99 
2019 -99.0 -99.0 -99.0 -99.0  27.9 -99.0 -99.0 -99.0 -99.0 -99.0 -99.0 -99.0   -99   -99   -99   -99   900   -99   -99   -99   -99   -99   -99   -99 
