Number= 973400
Name= WAINGAPU/MAU HAU
Country= INDONESIA
Lat=   -9.7
Long= -120.3
Height= 12
Start year= 1965
End year= 2020
First Good year= 1965
Source ID= 97
Source file= Jones
Jones data to= 2015
Normals source= Data
Normals source start year= 1965
Normals source end year= 1990
Normals=  27.2  26.8  27.0  27.1  26.8  25.8  25.4  25.4  26.5  27.8  28.5  27.8 
Standard deviations source= Data
Standard deviations source start year= 1965
Standard deviations source end year= 1990
Standard deviations=   0.6   0.5   0.6   0.6   0.7   0.7   0.9   0.6   0.6   0.6   0.6   0.6 
Obs:
1965  26.4  27.0  26.3  26.8  26.9  25.7  25.1  25.0  26.3  28.0  28.7  28.4   506   506   506   506   506   506   506   506   506   506   506   506 
1966  27.7  26.8  27.1  27.6  27.4  26.1  26.3  26.0  26.5  28.2  28.6  27.9   506   506   506   506   506   506   506   506   506   506   506   506 
1967  26.9  26.6  26.3  27.1  26.8  25.6  24.8  25.1  26.4  28.1  29.1  27.8   506   506   506   506   506   506   506   506   506   506   506   506 
1968  26.9  26.2  27.4  27.4  27.0  26.7  26.2  26.7  26.4  28.2  28.7  28.4   506   506   506   506   506   506   506   506   506   506   506   506 
1969  27.6  27.2  27.6  27.7  27.2  25.4  25.8  26.1  26.8  28.0  29.5  28.4   506   506   506   506   506   506   506   506   506   506   506   506 
1970  28.2  27.5  27.8  28.2  27.6  26.7  25.8  25.1  26.9  28.5  28.6  28.6   506   506   506   506   506   506   506   506   506   506   506   506 
1971  27.3  26.6  26.7  26.7  26.6  26.1  25.3  25.5  27.4  28.5  27.6  27.6   506   506   506   506   506   506   506   506   506   506   506   506 
1972  28.1  27.5  27.1  27.5  26.9  25.7  25.6  25.8  26.8  28.2  29.6  29.1   506   506   506   506   506   506   506   506   506   506   506   506 
1973  28.0  27.7  27.4  27.9  27.1  26.9  26.2  26.3  27.8  29.1  29.2  27.8   506   506   506   506   506   506   506   506   506   506   506   506 
1974  27.0  26.3  26.7  27.1  26.9  25.8  25.4  25.9  27.2  27.7  27.9  27.2   506   506   506   506   506   506   506   506   506   506   506   506 
1975  26.3  26.9  26.5  26.4  25.7  24.8  25.0  25.4  26.7  26.9  27.1  26.4   506   506   506   506   506   506   506   506   506   506   506   506 
1976  27.9  27.7  28.3 -99.0  27.2  26.4  28.9  26.4 -99.0  27.0  28.3  27.3   506   506   506   -99   506   506   506   506   -99   506   506   506 
1977  27.1 -99.0 -99.0  27.7  27.3  26.3  25.4  25.5  26.8  28.5  29.1  28.1   506   -99   -99   506   506   506   506   506   506   506   506   506 
1978  27.8  27.4  27.9 -99.0  28.6  27.0  26.2 -99.0 -99.0  28.4  28.7  28.1   506   506   506   -99   506   506   506   -99   -99   506   506   506 
1979  28.5  27.9  27.7  28.2  28.4  27.3  26.7  26.6  27.7  28.4  29.8 -99.0   506   506   506   506   506   506   506   506   506   506   506   -99 
1980  27.2  26.7  27.2  27.3  26.9  25.4  25.1  25.4  26.0  27.3  28.2  27.4   506   506   506   506   506   506   506   506   506   506   506   506 
1981  26.5  26.2  26.6  26.7  26.1  25.4  25.5  25.1  26.9  27.5  27.5  26.9   506   506   506   506   506   506   506   506   506   506   506   506 
1982  27.3  26.5  26.3  26.9  25.6  25.0  24.4  24.7  24.9  26.5  28.1  28.4   506   506   506   506   506   506   506   506   506   506   506   506 
1983  27.6  27.2  27.2  27.1  26.6  25.5  24.5  25.1  26.2  27.9  28.0  27.3   506   506   506   506   506   506   506   506   506   506   506   506 
1984  25.6  26.2  26.5  26.5  26.1  25.4  24.5  24.7  26.3  27.1  28.2  27.0   506   506   506   506   506   506   506   506   506   506   506   506 
1985  27.3  26.7  26.5  26.7  26.3  24.5  24.1  24.6  25.7  26.9  28.1  27.7   506   506   506   506   506   506   506   506   506   506   506   506 
1986  26.7  26.0  26.6  26.3  25.9  25.9  24.8  24.4  25.8  27.1  28.1  27.9   506   506   506   506   506   506   506   506   506   506   506   506 
1987  26.7  26.4  27.0  27.2  27.3  25.8  24.9  25.1  25.9  27.2  28.3  28.2   506   506   506   506   506   506   506   506   506   506   506   506 
1988  27.4  26.9  27.3  26.9  26.6  25.3  24.9  25.9  26.8  28.3  28.1  26.8   506   506   506   506   506   506   506   506   506   506   506   506 
1989  26.9  26.4  26.1  26.2  25.9  25.5  25.3  25.1  26.0  27.6  28.3  27.8   506   506   506   506   506   506   506   506   506   506   506   506 
1990  27.2  26.7  27.3  26.6  26.3  24.7  24.8  24.5  26.1  27.7  29.0  27.4   506   506   506   506   506   506   506   506   506   506   506   506 
1991  26.8  26.4  26.7  26.6  25.8  25.2  24.4  24.4  25.6  27.0  27.7  27.7   506   506   506   506   506   506   506   506   506   506   506   506 
1992  27.1  26.4  26.6  27.1  26.6  25.7  25.0  25.0  26.5  28.1  27.8  27.7   506   506   506   506   506   506   506   506   506   506   506   506 
1993  27.4  26.6  26.7  26.7  26.8  26.0  24.5  25.0  26.2  27.3  28.6  27.8   506   506   506   506   506   506   506   506   506   506   506   506 
1994  27.0  27.0  26.2  26.5  25.5  24.6  24.0  24.3  24.7  27.0  28.8  27.7   506   506   506   506   506   506   506   506   506   506   506   506 
1995  26.6  26.6  26.3  26.1  26.3  25.5  24.9  25.3  26.4  28.0  28.3  26.9   506   506   506   506   506   506   506   506   506   506   506   506 
1996  26.7  26.6  26.7  26.6  26.0  25.7  25.1  25.4  25.8  28.1  27.7  27.1   506   506   506   506   506   506   506   506   506   506   506   506 
1997  26.5  26.3  26.3  26.8  25.9  25.4  24.5  24.5  25.5  27.2  28.2  27.9   506   506   506   506   506   506   506   506   506   506   506   506 
1998  27.6  27.6  27.7  27.8  26.9  26.4  26.6  25.9  26.7  28.2  27.6  27.3   506   506   506   506   506   506   506   506   506   506   506   506 
1999  26.7  26.4  26.6  26.4  25.2  25.3  24.4  24.9  25.9  27.6  27.6  26.9   506   506   506   506   506   506   506   506   506   506   506   506 
2000 -99.0  26.4  26.3  26.5  25.9  24.6  24.3  24.8  26.3  27.4  27.8  27.8   -99   506   506   506   506   506   506   506   506   506   506   506 
2001  27.1  27.0  26.8  27.1  26.4  25.8  25.0  24.7  26.8  28.3  28.2  27.2   506   506   506   506   506   506   506   506   506   506   506   506 
2002  27.5  26.6  27.7  27.3  26.8  25.2  25.2  24.5  26.2  28.1  29.6  28.6   506   506   506   506   506   506   506   506   506   506   506   506 
2003  27.4  27.1  26.8  27.0  26.2  25.5  24.8  25.0  26.1  27.3  28.3  27.7   506   506   506   506   506   506   506   506   506   506   506   506 
2004  27.5  27.0  27.3  27.4  26.5  25.4  24.8  24.2  25.9  27.5  28.5  28.6   506   506   506   506   506   506   506   506   506   506   506   506 
2005  28.2  28.2  27.8  27.2  26.2  25.6  25.7  25.3  26.5  27.9  28.4  27.8   506   506   506   506   506   506   506   506   506   506   506   506 
2006  26.9  26.9  26.5  26.3  25.9  24.8  24.1  24.4  25.2  27.1  28.6  28.4   506   506   506   506   506   506   506   506   506   506   506   506 
2007  28.0  27.8  27.1  26.6  26.6  26.1  24.8  25.1  25.6  27.7  28.6  27.9   506   506   506   506   506   506   506   506   506   506   506   506 
2008  27.6  26.8  26.7  26.8  26.3  25.5  24.5  25.5  26.6  28.8  28.6  27.3   506   506   506   506   506   506   506   506   506   506   506   506 
2009  27.3  27.0  27.0  27.6  26.5  25.1  25.2  25.6  27.0  27.9  29.0  28.7   506   506   506   506   506   506   506   506   506   506   506   506 
2010  27.8  28.0  28.0  27.7  27.7  26.6  26.3  26.1  27.6  27.7  27.9  27.2   506   506   506   506   506   506   506   506   506   506   506   506 
2011  26.6  26.7  26.7  26.4  26.0  24.0  24.7  24.5  25.8  27.4  28.5  28.5   506   506   506   506   506   506   506   506   506   506   506   506 
2012  27.3  27.0  26.6  27.1  26.2  24.9  24.8  24.6  26.4  28.6  29.3  28.6   506   506   506   506   506   506   506   506   506   506   506   506 
2013  27.2  27.0  27.7  27.3  27.3  26.8  25.7  25.3  26.2  27.7  28.2  27.4   900   900   900   900   900   900   900   900   900   506   506   900 
2014  28.3  26.9  27.2  27.1  27.3  26.4  25.2  25.1  25.3  27.7  28.8  28.2   506   900   506   506   506   506   506   506   506   506   506   506 
2015  27.4  27.2  27.3  27.4  26.8  26.0  25.2  25.2  25.9  27.9  29.1  28.6   506   900   900   506   900   900   900   900   506   900   900   900 
2016  28.5  27.9  28.3  28.8  27.9  27.3  26.7  26.3  27.6  28.5  28.8  28.4   900   900   900   900   900   900   900   900   900   900   900   900 
2017  27.9  27.1  27.5  27.3  27.4  26.4  26.3  26.1  27.1  28.6  27.8  27.5   900   900   900   900   900   900   900   900   900   900   900   900 
2018  27.0  27.2  27.4 -99.0 -99.0  26.3  25.6  25.6  26.8  28.0  28.7  28.5   900   900   900   -99   -99   900   900   900   900   900   900   900 
2019  27.3  27.6  27.5  27.5  27.0  25.6  24.9  25.1  25.9  27.6  28.8  27.6   900   900   900   900   900   900   900   900   900   900   900   900 
2020  28.7  28.0  27.9  27.7  27.5  26.6  25.8  26.2  27.7  28.5  29.1  28.0   900   900   900   900   900   900   900   900   900   900   900   900 
