Number= 890020
Name= NEUMAYER
Country= STATIONS OPER
Lat=  -70.7
Long=    8.3
Height= 50
Start year= 1994
End year= 2020
First Good year= 1994
Source ID= 94
Source file= Jones
Jones data to= 2016
Normals source start year= 1994
Normals source end year= 1990
Normals= -99.0 -99.0 -99.0 -99.0 -99.0 -99.0 -99.0 -99.0 -99.0 -99.0 -99.0 -99.0 
Standard deviations source= Data
Standard deviations source start year= 1994
Standard deviations source end year= 1990
Obs:
1994 -99.0 -99.0 -99.0 -99.0 -99.0 -99.0 -99.0 -99.0 -99.0 -99.0 -99.0  -4.6   -99   -99   -99   -99   -99   -99   -99   -99   -99   -99   -99   506 
1995 -99.0 -99.0 -99.0 -99.0 -22.3 -99.0 -99.0 -22.2 -26.7 -15.4 -99.0 -99.0   -99   -99   -99   -99   506   -99   -99   506   506   506   -99   -99 
1996 -99.0 -99.0 -99.0 -99.0 -99.0 -99.0 -99.0 -99.0 -99.0 -99.0 -99.0 -99.0   -99   -99   -99   -99   -99   -99   -99   -99   -99   -99   -99   -99 
1997  -4.7  -8.9 -99.0 -99.0 -99.0 -99.0 -99.0 -99.0 -99.0 -99.0 -99.0 -99.0   506   506   -99   -99   -99   -99   -99   -99   -99   -99   -99   -99 
1998  -4.8  -6.9 -15.1 -19.9 -17.8 -19.5 -24.6 -21.5 -22.9 -19.7 -11.3  -4.2   506   506   506   506   506   506   506   506   506   506   506   506 
1999  -4.2  -7.6 -12.7 -18.9 -25.5 -25.3 -21.0 -19.3 -99.0 -20.0 -10.7 -99.0   506   506   506   506   506   506   506   506   -99   506   506   -99 
2000  -5.9 -11.2 -15.9 -20.6 -20.2 -23.6 -28.8 -26.3 -24.3 -21.2 -10.1  -5.9   506   506   506   506   506   506   506   506   506   506   506   506 
2001  -5.3  -8.5 -13.7 -16.6 -22.5 -18.6 -22.5 -24.7 -24.3 -14.7 -10.1  -4.3   506   506   506   506   506   506   506   506   506   506   506   506 
2002  -4.0  -9.4 -11.5 -15.5 -17.4 -18.0 -26.7 -24.0 -26.6 -16.8 -13.4  -5.4   506   506   506   506   506   506   506   506   506   506   506   506 
2003  -5.6  -7.7 -13.5 -16.8 -17.7 -21.7 -24.3 -20.8 -26.0 -17.5  -9.0  -4.2   506   506   506   506   506   506   506   506   506   506   506   506 
2004  -2.5  -6.1 -14.5 -19.3 -22.3 -25.9 -29.1 -25.2 -23.7 -17.4 -11.3  -3.8   506   506   506   506   506   506   506   506   506   506   506   506 
2005  -2.6  -8.2 -11.9 -13.7 -22.7 -20.9 -26.5 -26.6 -27.6 -18.0 -12.7  -3.9   506   506   506   506   506   506   506   506   506   506   506   506 
2006  -3.2  -7.8 -14.1 -16.9 -23.0 -25.2 -25.0 -16.0 -21.1 -20.3  -8.5  -6.3   506   506   506   506   506   506   506   506   506   506   506   506 
2007  -4.1 -10.2 -11.0 -22.1 -18.0 -22.4 -24.1 -26.8 -25.5 -16.6  -7.7  -5.4   506   506   506   506   506   506   506   506   506   506   506   506 
2008  -5.8  -9.5 -10.8 -13.9 -22.3 -25.2 -99.0 -27.1 -28.0 -18.0 -10.8  -6.0   506   506   506   506   506   506   -99   506   506   506   506   506 
2009  -4.6 -10.3 -14.7 -18.3 -16.1 -19.9 -22.4 -28.4 -23.9 -14.2 -10.1  -4.8   506   506   506   506   506   506   506   506   506   506   506   506 
2010  -2.6  -6.6 -12.1 -16.1 -18.5 -27.6 -29.3 -25.7 -22.5 -18.1 -11.1  -4.6   506   506   506   506   506   506   506   506   506   506   506   506 
2011  -3.3  -5.7 -16.4 -18.6 -19.4 -25.5 -25.1 -22.3 -24.4 -17.8 -10.7  -5.4   506   506   506   506   506   506   506   506   506   506   506   506 
2012  -5.7  -7.2 -13.1 -25.0 -18.1 -21.8 -29.5 -26.2 -20.3 -14.9  -7.1  -3.4   506   506   506   506   506   506   506   506   506   506   506   506 
2013  -3.6  -8.4 -14.7 -17.5 -21.7 -21.0 -24.3 -21.5 -23.4 -19.1  -7.9  -3.5   506   506   506   506   506   506   506   506   506   506   506   506 
2014  -4.0  -9.4 -13.3 -22.0 -20.5 -24.4 -26.3 -23.2 -23.8 -19.3  -8.6  -5.9   506   506   506   506   506   506   506   506   506   506   506   506 
2015  -4.8  -9.1 -14.0 -18.7 -24.0 -23.6 -25.0 -26.6 -23.7 -16.2  -8.7  -5.4   506   506   506   506   506   506   506   506   506   506   506   506 
2016  -5.3  -8.7 -12.8 -16.4 -15.4 -28.9 -25.1 -21.0 -21.8 -15.8  -8.7  -4.1   506   506   506   506   506   506   506   900   900   900   900   900 
2017  -4.0  -6.3 -15.5 -15.8 -21.3 -26.6 -26.4 -26.0 -20.3 -13.8  -8.8  -4.3   900   900   902   900   900   900   900   900   900   900   900   900 
2018  -4.4  -8.2 -10.7 -19.7 -17.4 -20.0 -24.3 -25.8 -21.4 -20.8  -9.8  -4.8   900   900   900   900   900   900   900   900   900   900   900   900 
2019  -3.5  -8.3 -99.0 -99.0 -20.7 -99.0 -27.8 -29.6 -25.1 -13.2  -9.1  -3.5   900   900   -99   -99   900   -99   900   900   900   900   900   900 
2020  -2.9  -8.1 -12.9 -13.7 -22.9 -23.5 -29.0 -33.0 -19.5 -18.6  -8.9  -5.1   900   900   900   900   900   900   900   900   900   900   900   900 
