Number= 305040
Name= TULUN---------------
Country= RUSSIA
Lat=   54.6
Long= -100.6
Height= 522
Start year= 1936
End year= 2016
First Good year= 1936
Source ID= 43
Source file= Jones
Jones data to= 2016
Normals source= Data
Normals source start year= 1961
Normals source end year= 1990
Normals= -20.1 -17.4  -8.6   0.1   8.3  14.7  16.9  14.2   7.8  -0.7 -10.4 -17.6 
Standard deviations source= Data
Standard deviations source start year= 1941
Standard deviations source end year= 1990
Standard deviations=   3.0   3.4   2.7   1.9   1.4   1.3   1.1   1.2   1.3   1.7   3.2   3.7 
Obs:
1936 -24.8 -19.6 -12.5  -3.9   6.7  11.8  18.0  12.9   6.3   1.8 -13.1 -17.6   506   506   506   506   506   506   506   506   506   506   506   506 
1937 -24.3 -18.1 -17.0  -2.0   9.8  14.8  15.9  12.5   6.4   0.4 -13.1 -25.9   506   506   506   506   506   506   506   506   506   506   506   506 
1938 -24.2 -16.0  -8.5   3.6   7.7  14.1  17.3  13.6   6.2   0.0  -9.8 -24.3   506   506   506   506   506   506   506   506   506   506   506   506 
1939 -21.0 -15.6 -10.9   2.9   7.4  16.6  17.1  15.1   8.3  -2.7 -13.0 -13.9   506   506   506   506   506   506   506   506   506   506   506   506 
1940 -29.3 -17.8  -7.2   2.1   9.2  15.0  16.2  13.6   5.5  -1.2 -11.8 -20.6   506   506   506   506   506   506   506   506   506   506   506   506 
1941 -21.2 -21.0  -9.9  -1.4   7.4  16.2  17.7  14.7   6.6  -0.6 -11.3 -21.2   506   506   506   506   506   506   506   506   506   506   506   506 
1942 -23.7 -22.8  -9.5   0.1   6.4  14.8  17.7  13.9   7.2  -1.5 -11.6 -17.3   506   506   506   506   506   506   506   506   506   506   506   506 
1943 -24.7 -18.3 -10.5   1.4   9.6  15.6  18.3  15.9   7.7  -0.9 -12.1 -16.4   506   506   506   506   506   506   506   506   506   506   506   506 
1944 -23.4 -15.5  -8.6   2.3   7.8  15.9  17.0  14.4   7.7  -0.2 -17.5 -20.3   506   506   506   506   506   506   506   506   506   506   506   506 
1945 -21.8 -24.9 -12.6   2.3  11.4  14.9  17.3  13.0   8.7   1.4 -10.0 -20.4   506   506   506   506   506   506   506   506   506   506   506   506 
1946 -18.8 -13.8 -14.4   1.6   8.5  15.1  18.3  14.3   4.2   1.1  -9.5 -25.7   506   506   506   506   506   506   506   506   506   506   506   506 
1947 -25.7 -21.8 -13.7   2.8  10.1  15.4  17.6  13.3   6.8  -0.6 -17.6 -26.4   506   506   506   506   506   506   506   506   506   506   506   506 
1948 -17.6 -18.8  -7.0   2.7   6.7  14.2  19.4  13.8   7.1  -0.8 -14.6 -17.6   506   506   506   506   506   506   506   506   506   506   506   506 
1949 -17.8 -14.1 -10.5   3.1   7.4  13.5  17.9  14.1   7.1   2.0 -12.0 -27.0   506   506   506   506   506   506   506   506   506   506   506   506 
1950 -21.5 -17.3  -8.9  -1.8   9.1  16.0  18.6  15.6   8.1   0.2 -14.5 -13.9   506   506   506   506   506   506   506   506   506   506   506   506 
1951 -26.1 -23.1 -10.4  -0.5   9.1  15.6  17.5  12.0   6.6  -1.1  -9.6 -15.4   506   506   506   506   506   506   506   506   506   506   506   506 
1952 -15.9 -19.7 -10.8  -1.5   7.9  15.5  17.7  14.3   7.3  -0.9 -17.7 -22.7   506   506   506   506   506   506   506   506   506   506   506   506 
1953 -20.5 -19.1  -5.7   2.7   9.6  16.4  18.9  13.8  10.6   1.0 -13.9 -14.9   506   506   506   506   506   506   506   506   506   506   506   506 
1954 -19.5 -19.1 -10.0  -1.6   5.8  16.7  16.1  16.5   7.6   1.0 -12.5 -24.3   506   506   506   506   506   506   506   506   506   506   506   506 
1955 -18.7 -18.5 -13.0  -0.8   8.3  14.4  17.8  16.6   5.9   0.7  -5.9 -16.8   506   506   506   506   506   506   506   506   506   506   506   506 
1956 -20.6 -20.8 -11.6  -0.4   9.4  14.9  18.4  14.7   7.7   1.5 -13.8 -24.0   506   506   506   506   506   506   506   506   506   506   506   506 
1957 -20.2 -23.3 -11.7  -0.1   6.8  15.9  16.2  13.3   6.9   0.8 -10.5 -13.1   506   506   506   506   506   506   506   506   506   506   506   506 
1958 -17.9 -17.6 -11.6  -1.8   9.1  14.9  18.6  15.4   7.0   1.2  -6.4 -13.4   506   506   506   506   506   506   506   506   506   506   506   506 
1959 -19.1 -15.1  -5.3   1.9   7.7  15.9  17.0  15.1   9.3  -0.8 -14.0 -21.1   506   506   506   506   506   506   506   506   506   506   506   506 
1960 -22.8 -11.9 -11.9   0.7   7.7  15.4  17.0  13.9   8.6  -0.6 -12.1 -19.9   506   506   506   506   506   506   506   506   506   506   506   506 
1961 -17.3 -13.9  -6.2   2.9   8.6  12.2  17.3  14.2   8.0  -3.4 -10.9 -19.6   506   506   506   506   506   506   506   506   506   506   506   506 
1962 -16.1 -12.3  -8.2   0.8   9.4  14.4  17.9  15.2   7.9  -1.0 -15.7 -13.2   506   506   506   506   506   506   506   506   506   506   506   506 
1963 -20.2 -11.0  -6.1  -2.2   7.7  12.9  17.4  15.4   6.5   0.2  -8.9 -14.6   506   506   506   506   506   506   506   506   506   506   506   506 
1964 -18.0 -22.3 -10.5  -3.4   9.2  15.4  17.8  15.9   8.2  -3.4  -7.9 -16.0   506   506   506   506   506   506   506   506   506   506   506   506 
1965 -18.4 -18.2  -8.0  -0.9  10.2  16.9  17.8  15.2   7.4   2.1 -13.2 -20.7   506   506   506   506   506   506   506   506   506   506   506   506 
1966 -22.0 -17.7 -11.3  -3.7   7.7  16.0  15.3  14.9  11.2   0.3 -12.5 -23.7   506   506   506   506   506   506   506   506   506   506   506   506 
1967 -20.8 -16.8  -6.0   1.9   9.5  14.1  16.8  11.8   6.0   2.1 -15.1 -17.7   506   506   506   506   506   506   506   506   506   506   506   506 
1968 -22.2 -17.9  -4.7   2.2   8.8  13.9  18.1  14.5   4.1  -1.0 -14.1 -23.6   506   506   506   506   506   506   506   506   506   506   506   506 
1969 -29.0 -25.6 -11.0  -0.2   6.9  15.9  19.2  14.2   6.5  -0.4  -9.4 -19.1   506   506   506   506   506   506   506   506   506   506   506   506 
1970 -18.6 -18.3 -13.5   1.0   8.1  14.2  17.3  13.9   6.4  -2.2 -10.7 -18.6   506   506   506   506   506   506   506   506   506   506   506   506 
1971 -17.6 -22.5 -11.9   1.6   9.4  15.8  16.0  14.6   7.2   2.8  -7.1 -19.8   506   506   506   506   506   506   506   506   506   506   506   506 
1972 -22.1 -17.1  -9.1   2.9   6.8  15.7  15.8  12.8   6.5  -2.2 -12.8 -16.5   506   506   506   506   506   506   506   506   506   506   506   506 
1973 -19.2 -17.4  -7.7  -0.4   6.5  15.7  16.6  13.3  10.0  -1.5  -6.5 -13.4   506   506   506   506   506   506   506   506   506   506   506   506 
1974 -22.8 -20.7 -11.8   2.1   7.2  14.2  17.2  17.0   7.7  -4.5 -14.7 -19.3   506   506   506   506   506   506   506   506   506   506   506   506 
1975 -16.2 -16.7  -6.4  -0.1   9.3  13.9  17.2  13.6   8.6   0.0  -9.4 -20.2   506   506   506   506   506   506   506   506   506   506   506   506 
1976 -18.0 -16.2 -12.1  -0.5   6.7  15.7  17.0  13.1   8.3  -3.6 -13.0 -20.0   506   506   506   506   506   506   506   506   506   506   506   506 
1977 -26.0 -20.6  -6.7  -0.3   6.0  15.5  15.6  13.6   8.4  -0.3  -5.9 -16.6   506   506   506   506   506   506   506   506   506   506   506   506 
1978 -15.7 -17.7  -9.6   1.1   7.0  15.4  17.2  12.1   8.5  -1.3  -7.7 -18.0   506   506   506   506   506   506   506   506   506   506   506   506 
1979 -23.4 -14.7  -8.1  -2.3   9.0  18.6  17.3  12.7   7.5   1.0 -11.2 -17.2   506   506   506   506   506   506   506   506   506   506   506   506 
1980 -22.6 -17.5 -12.2  -3.0   6.2  16.2  17.1  15.6   8.1  -2.1  -7.2 -16.1   506   506   506   506   506   506   506   506   506   506   506   506 
1981 -20.8 -16.2  -6.1   4.0  11.1  14.4  15.7  12.8   8.6  -4.2 -12.7 -14.3   506   506   506   506   506   506   506   506   506   506   506   506 
1982 -22.5 -14.0 -10.4   3.0   8.1  14.4  15.6  14.1   7.4  -1.6  -6.5 -13.7   506   506   506   506   506   506   506   506   506   506   506   506 
1983 -14.9 -14.9  -5.3  -2.8   7.4  13.2  15.5  15.1   6.7   1.4  -5.5 -13.4   506   506   506   506   506   506   506   506   506   506   506   506 
1984 -20.0 -17.4  -9.2  -3.2   9.1  15.5  16.0  13.9   8.4  -1.1 -11.1 -22.0   506   506   506   506   506   506   506   506   506   506   506   506 
1985 -19.5 -24.3  -9.9   0.5   7.7  13.9  17.6  14.5   7.6   0.1  -9.4 -20.6   506   506   506   506   506   506   506   506   506   506   506   506 
1986 -20.3 -15.9  -6.9  -0.2   8.9  15.2  19.1  14.5   9.5  -0.7 -10.7 -17.9   506   506   506   506   506   506   506   506   506   506   506   506 
1987 -20.3 -17.0 -12.3  -0.2   8.2  11.5  16.5  15.2   8.1  -1.8 -13.7 -14.7   506   506   506   506   506   506   506   506   506   506   506   506 
1988 -20.0 -18.6  -9.6   1.6   7.8  12.7  14.4  14.5  10.1   1.0  -6.0 -16.0   506   506   506   506   506   506   506   506   506   506   506   506 
1989 -16.6 -13.1  -4.2   1.0   9.6  12.6  16.0  13.5   6.5   1.2 -11.4 -16.5   506   506   506   506   506   506   506   506   506   506   506   506 
1990 -22.3 -14.1  -3.2   0.6  12.1  15.1  18.9  15.6   7.9   2.9 -10.7 -14.4   506   506   506   506   506   506   506   506   506   506   506   506 
1991 -20.8 -15.9 -12.0   0.7   8.1  15.8  19.1  15.6   8.4   0.7  -9.1 -21.6   506   506   506   506   506   506   506   506   506   506   506   506 
1992 -15.1 -12.9  -7.6  -0.9  12.3  13.3  17.7  15.9   6.1   0.8  -9.9 -17.5   506   506   506   506   506   506   506   506   506   506   506   506 
1993 -19.1 -12.5  -3.9   1.7   8.2  14.5  19.7  15.4   7.4   1.2 -13.4 -15.6   506   506   506   506   506   506   506   506   506   506   506   506 
1994 -17.8 -16.0  -7.6   0.9   9.4  16.8  18.5  15.3   7.7   1.2  -9.4 -19.0   506   506   506   506   506   506   506   506   506   506   506   506 
1995 -14.5 -11.8  -6.3   1.6   7.7  13.3  18.4  16.7   7.3   1.6  -4.7 -15.4   506   506   506   506   506   506   506   506   506   506   506   506 
1996 -19.7 -17.1  -9.1   0.8   9.2  13.5  20.8  14.3   5.4  -1.7 -15.0 -15.4   506   506   506   506   506   506   506   506   506   506   506   506 
1997 -18.5 -13.4  -3.6   6.5  10.4  14.8  17.3  15.5   8.3   0.9 -11.2 -17.4   506   506   506   506   506   506   506   506   506   506   506   506 
1998 -22.4 -12.0  -8.1   1.8   9.2  13.2  18.1  16.8   7.2   0.1 -13.5 -12.2   506   506   506   506   506   506   506   506   506   506   506   506 
1999 -20.7 -12.5 -15.8   0.8  12.6  13.9  18.9  14.4   6.7  -0.4  -9.7 -15.3   506   506   506   506   506   506   506   506   506   506   506   506 
2000 -25.4 -14.8  -5.9   2.6  10.2  17.9  16.4  15.9   9.2  -3.5 -15.5 -20.1   506   506   506   506   506   506   506   506   506   506   506   506 
2001 -28.4 -17.6  -7.8   1.2  11.5  18.2  17.6  17.1   8.5   0.3  -5.0 -19.7   506   506   506   506   506   506   506   506   506   506   506   506 
2002 -11.1  -9.7  -4.0   0.3  12.9  16.8  19.7  16.6   9.2  -2.8 -11.6 -22.6   506   506   506   506   506   506   506   506   506   506   506   506 
2003 -16.0 -12.0  -6.8   1.5  10.2  16.8  17.6  14.6   7.9   0.3 -12.9 -14.9   506   506   506   506   506   506   506   506   506   506   506   506 
2004 -16.8 -11.6  -8.9   0.8   9.4  17.3  17.3  14.8   8.5   1.7  -7.2 -19.2   506   506   506   506   506   506   506   506   506   506   506   506 
2005 -18.5 -21.8  -6.1   1.8   8.5  14.8  19.2  15.8   8.1   3.6  -6.7 -21.1   506   506   506   506   506   506   506   506   506   506   506   506 
2006 -22.3 -18.7  -7.5  -3.2   7.8  15.8  18.0  12.6   9.8  -0.9  -8.9 -13.7   506   506   506   506   506   506   506   506   506   506   506   506 
2007 -15.3 -12.3  -8.0   4.9  10.2  14.4  19.3  16.1  10.7   0.2  -7.7 -13.1   506   506   506   506   506   506   506   506   506   506   506   506 
2008 -22.6 -13.7  -2.5   1.6   8.2  17.6  18.1  14.2   8.4   1.8  -7.1 -19.1   506   506   506   506   506   506   506   506   506   506   506   506 
2009 -19.0 -19.9  -8.7   4.2   8.8  14.1  17.7  14.8   7.2  -1.1 -12.1 -21.8   506   506   506   506   506   506   506   506   506   506   506   506 
2010 -25.5 -22.8 -10.9  -1.7   8.5  16.2  18.8  13.6   8.6   2.0  -7.0 -22.7   506   506   506   506   506   506   506   506   506   506   506   506 
2011 -23.8 -14.1  -5.9   5.3   9.4  18.2  16.9  15.8   7.4   4.4 -10.2 -15.8   506   506   506   506   506   506   506   506   506   506   506   506 
2012 -22.2 -17.2  -8.4   1.7   9.5  16.3  16.9  14.2  10.3  -1.1 -10.8 -25.6   506   506   506   506   506   506   506   506   506   506   506   506 
2013 -20.0 -18.2  -9.4   1.2   8.8  15.0  16.7  15.9   6.8   0.6  -4.0 -11.3   506   506   506   506   506   506   506   506   506   506   506   506 
2014 -16.2 -17.9  -4.4   6.8   7.8  15.4  18.2  15.7   7.3  -1.3  -9.5 -13.6   506   506   506   506   506   506   506   506   506   506   506   506 
2015 -13.8 -12.8  -5.3   4.6  10.2  15.8  19.3  17.5   8.3   2.1 -13.8 -11.9   506   506   506   506   506   506   506   506   506   506   506   506 
2016 -23.9 -12.2  -4.0   2.6   7.5  17.4  19.5 -99.0 -99.0 -99.0 -99.0 -99.0   506   506   506   506   506   506   506   -99   -99   -99   -99   -99 
