Number= 308150
Name= HAMAR-DABAN---------
Country= RUSSIA
Lat=   51.5
Long= -103.6
Height= 1442
Start year= 1936
End year= 2016
First Good year= 1936
Source ID= 43
Source file= Jones
Jones data to= 2016
Normals source= Data
Normals source start year= 1961
Normals source end year= 1990
Normals= -16.2 -15.8 -10.1  -3.5   3.9  10.0  12.4  10.7   4.8  -2.4  -9.8 -14.4 
Standard deviations source= Data
Standard deviations source start year= 1941
Standard deviations source end year= 1990
Standard deviations=   2.6   3.1   2.7   2.0   1.4   1.3   1.2   1.3   1.5   1.9   2.9   3.0 
Obs:
1936 -21.1 -16.8 -11.6  -7.3   1.7   8.0  13.3  10.0   3.8  -0.1 -11.4 -14.7   506   506   506   506   506   506   506   506   506   506   506   506 
1937 -19.7 -14.2 -16.4  -4.6   5.7  10.2  11.7   9.8   3.8  -1.8 -12.8 -20.9   506   506   506   506   506   506   506   506   506   506   506   506 
1938 -19.5 -12.9  -7.4   0.8   2.0   8.8  14.1   9.8   3.2  -2.0  -7.8 -20.1   506   506   506   506   506   506   506   506   506   506   506   506 
1939 -17.2 -10.9 -11.0  -0.5   2.4  11.0  15.2  13.1   7.0  -5.0 -13.1 -10.2   506   506   506   506   506   506   506   506   506   506   506   506 
1940 -23.1 -15.0  -7.0  -2.0   3.4   9.7  11.8  10.6   2.9  -2.1 -10.7 -13.2   506   506   506   506   506   506   506   506   506   506   506   506 
1941 -15.1 -17.8 -10.1  -4.8   2.6  11.1  13.6  10.7   5.0  -2.9 -11.4 -13.7   506   506   506   506   506   506   506   506   506   506   506   506 
1942 -16.7 -21.1  -7.8  -3.8   0.8  10.0  12.4  11.2   5.2  -3.5 -10.0 -14.5   506   506   506   506   506   506   506   506   506   506   506   506 
1943 -17.1 -14.9  -9.0  -2.3   5.4  10.9  14.0  11.7   4.3  -2.4 -12.0 -13.8   506   506   506   506   506   506   506   506   506   506   506   506 
1944 -15.1 -12.5  -9.0  -1.6   2.9  12.3  12.7  11.2   4.8  -2.9 -16.3 -20.0   506   506   506   506   506   506   506   506   506   506   506   506 
1945 -19.7 -19.8 -11.4   0.4   6.2  10.0  12.2   9.3   5.8   0.0  -9.1 -15.9   506   506   506   506   506   506   506   506   506   506   506   506 
1946 -15.9 -11.8 -14.7  -1.8   3.4  10.9  15.2  11.1   1.4   0.5  -8.7 -20.5   506   506   506   506   506   506   506   506   506   506   506   506 
1947 -22.7 -18.0 -12.8  -1.2   5.2  10.3  13.4  10.0   4.6  -2.4 -16.2 -19.7   506   506   506   506   506   506   506   506   506   506   506   506 
1948 -13.6 -15.0  -5.9  -1.0   1.6  10.4  14.3  10.7   4.0  -3.0 -11.3 -12.9   506   506   506   506   506   506   506   506   506   506   506   506 
1949 -13.7 -11.6 -12.2  -1.1   3.4   8.4  13.5   9.7   3.9   0.8 -11.7 -22.4   506   506   506   506   506   506   506   506   506   506   506   506 
1950 -14.9 -14.1  -9.7  -5.8   4.8  11.5  14.2  11.2   5.3  -2.5 -15.2 -15.3   506   506   506   506   506   506   506   506   506   506   506   506 
1951 -18.3 -19.0 -11.3  -6.2   4.5  11.4  12.1   7.9   3.6  -2.5 -10.0 -11.1   506   506   506   506   506   506   506   506   506   506   506   506 
1952 -16.2 -20.4 -11.3  -5.6   3.1  10.6  13.6  10.9   4.2  -3.1 -17.4 -18.9   506   506   506   506   506   506   506   506   506   506   506   506 
1953 -17.3 -16.3  -7.2  -2.9   3.5  11.0  13.8  10.7   7.6  -2.1 -12.2 -13.9   506   506   506   506   506   506   506   506   506   506   506   506 
1954 -17.9 -16.4 -11.6  -6.0   0.6  11.5  12.1  13.4   5.0  -2.3 -12.1 -21.7   506   506   506   506   506   506   506   506   506   506   506   506 
1955 -14.7 -17.2 -13.4  -5.5   2.8   9.6  13.8  13.7   2.8  -2.1  -6.8 -13.8   506   506   506   506   506   506   506   506   506   506   506   506 
1956 -20.3 -20.0 -12.7  -4.4   3.7   9.8  13.6  12.0   4.9  -1.5 -12.0 -18.0   506   506   506   506   506   506   506   506   506   506   506   506 
1957 -16.5 -20.6 -11.3  -3.2   1.9  10.7  10.9   8.5   2.9  -1.5  -8.5 -12.3   506   506   506   506   506   506   506   506   506   506   506   506 
1958 -17.2 -14.8 -12.7  -5.4   3.9  10.3  13.6  12.3   4.2  -1.1  -8.7 -10.7   506   506   506   506   506   506   506   506   506   506   506   506 
1959 -16.2 -13.3  -6.7  -2.2   3.4   9.8  12.3  10.9   6.7  -1.9 -15.3 -17.5   506   506   506   506   506   506   506   506   506   506   506   506 
1960 -18.1 -12.1 -11.3  -2.4   2.3   9.9  12.9  10.1   5.0  -2.3 -11.8 -16.7   506   506   506   506   506   506   506   506   506   506   506   506 
1961 -16.2 -12.3  -7.2  -0.6   3.2   7.5  12.2  10.7   5.8  -5.8  -8.5 -15.9   506   506   506   506   506   506   506   506   506   506   506   506 
1962 -12.7 -13.0  -9.1  -3.1   3.8   9.3  12.9  11.0   4.6  -1.9 -14.4 -11.5   506   506   506   506   506   506   506   506   506   506   506   506 
1963 -15.5 -10.1  -5.4  -6.6   3.9   7.5  13.1  12.5   3.4  -2.4  -8.0 -11.9   506   506   506   506   506   506   506   506   506   506   506   506 
1964 -11.7 -19.7 -10.6  -4.9   4.5  11.1  13.8  12.2   4.8  -5.8  -7.1 -15.2   506   506   506   506   506   506   506   506   506   506   506   506 
1965 -15.9 -14.4  -8.3  -4.6   5.3  12.2  12.1  10.6   4.7  -0.5 -12.2 -16.7   506   506   506   506   506   506   506   506   506   506   506   506 
1966 -18.7 -15.9 -11.4  -6.4   3.4  11.2  10.3  12.3   8.8  -1.4 -12.9 -21.0   506   506   506   506   506   506   506   506   506   506   506   506 
1967 -15.8 -14.2  -8.2  -2.2   6.2  10.0  13.6   8.3   3.2   0.0 -13.8 -13.7   506   506   506   506   506   506   506   506   506   506   506   506 
1968 -16.3 -17.2  -5.2  -1.9   4.8   9.8  14.2  10.9   1.2  -2.8 -11.1 -17.1   506   506   506   506   506   506   506   506   506   506   506   506 
1969 -24.7 -24.0 -11.0  -3.2   2.4  11.7  14.3   9.7   3.4  -2.8 -10.0 -16.2   506   506   506   506   506   506   506   506   506   506   506   506 
1970 -14.3 -16.6 -15.1  -2.9   3.2  10.5  14.4  10.4   2.3  -3.2 -10.6 -15.2   506   506   506   506   506   506   506   506   506   506   506   506 
1971 -14.3 -19.7 -13.3  -1.8   4.8  10.1  11.0  11.6   3.2   0.8  -5.9 -15.4   506   506   506   506   506   506   506   506   506   506   506   506 
1972 -16.9 -16.2  -8.5  -1.0   3.4  11.6  11.8   9.4   4.2  -4.9 -10.6 -13.2   506   506   506   506   506   506   506   506   506   506   506   506 
1973 -13.4 -15.5  -8.3  -4.2   2.0  11.2  11.7   9.4   7.1  -3.2  -6.6 -11.5   506   506   506   506   506   506   506   506   506   506   506   506 
1974 -18.6 -17.8 -13.8  -1.4   2.7   9.8  12.9  14.0   4.6  -5.8 -11.8 -17.1   506   506   506   506   506   506   506   506   506   506   506   506 
1975 -13.0 -14.3  -7.9  -3.8   5.3   9.6  12.3  11.1   5.9  -1.5  -9.2 -15.0   506   506   506   506   506   506   506   506   506   506   506   506 
1976 -13.7 -14.2 -13.8  -4.5   1.8  10.4  13.1   9.8   6.6  -3.8 -12.2 -17.8   506   506   506   506   506   506   506   506   506   506   506   506 
1977 -21.9 -17.2  -9.5  -4.2   1.3  10.8  11.8  11.7   6.6  -0.5  -7.2 -12.8   506   506   506   506   506   506   506   506   506   506   506   506 
1978 -14.6 -14.9 -10.2  -1.8   2.9  11.2  12.3   9.8   5.8  -2.8  -6.6 -13.4   506   506   506   506   506   506   506   506   506   506   506   506 
1979 -20.2 -13.0 -10.5  -6.2   4.4  14.0  12.7   9.1   4.0   0.0 -12.4 -12.9   506   506   506   506   506   506   506   506   506   506   506   506 
1980 -18.3 -15.4 -14.5  -7.2   2.0  11.5  12.8  12.8   4.8  -4.7  -6.8 -14.6   506   506   506   506   506   506   506   506   506   506   506   506 
1981 -15.6 -16.0  -9.5   0.4   6.2   9.6  12.7   8.5   4.6  -6.5 -12.2 -12.8   506   506   506   506   506   506   506   506   506   506   506   506 
1982 -16.3 -12.2 -12.1  -0.3   3.0  10.0  11.3   9.8   3.5  -1.7  -7.6 -12.0   506   506   506   506   506   506   506   506   506   506   506   506 
1983 -12.3 -14.2  -6.8  -6.6   3.7   7.1  10.1  11.9   3.4  -0.5  -5.3 -11.4   506   506   506   506   506   506   506   506   506   506   506   506 
1984 -18.1 -19.0 -12.2  -5.3   5.4  10.5  10.6   9.4   4.7  -1.7 -10.7 -19.4   506   506   506   506   506   506   506   506   506   506   506   506 
1985 -16.5 -23.1 -13.2  -3.8   3.7   9.0  13.1  10.3   3.8  -0.6 -10.6 -17.1   506   506   506   506   506   506   506   506   506   506   506   506 
1986 -15.3 -14.8  -9.1  -4.2   4.6  11.0  14.0  11.3   7.9  -2.7 -11.4 -13.8   506   506   506   506   506   506   506   506   506   506   506   506 
1987 -15.4 -14.1 -14.2  -3.2   3.9   7.3  12.1  11.7   4.8  -5.0 -14.1 -11.8   506   506   506   506   506   506   506   506   506   506   506   506 
1988 -17.3 -18.5 -11.9  -2.7   3.2   8.5  10.6  11.4   7.1  -1.6  -5.9 -12.3   506   506   506   506   506   506   506   506   506   506   506   506 
1989 -13.3 -13.3  -7.6  -1.7   4.9   8.2  11.2   9.8   4.0  -0.5 -10.2 -11.7   506   506   506   506   506   506   506   506   506   506   506   506 
1990 -18.3 -12.8  -4.6  -4.5   6.4   9.0  13.4  10.3   3.9   2.8  -9.0 -11.8   506   506   506   506   506   506   506   506   506   506   506   506 
1991 -15.7 -14.1 -12.4  -4.0   3.3  10.8  13.3  12.6   5.3  -1.3 -10.1 -15.8   506   506   506   506   506   506   506   506   506   506   506   506 
1992 -10.9 -12.1  -9.5  -3.4   7.7   8.8  13.3  11.0   2.5  -1.0  -8.9 -13.0   506   506   506   506   506   506   506   506   506   506   506   506 
1993 -14.6 -11.4  -5.7  -3.0   3.6  10.4  13.9  11.2   4.2  -1.0 -12.3 -13.9   506   506   506   506   506   506   506   506   506   506   506   506 
1994 -16.4 -13.4  -8.9  -2.4   4.7  12.2  13.4  11.1   3.9  -1.3  -7.4 -14.5   506   506   506   506   506   506   506   506   506   506   506   506 
1995 -14.1 -10.6  -9.6  -3.3   2.0   9.6  13.5  12.8   3.9  -0.4  -5.7 -12.6   506   506   506   506   506   506   506   506   506   506   506   506 
1996 -19.6 -15.7 -12.2  -3.5   4.7   7.7  14.3  11.7   3.6  -3.4 -13.4 -13.8   506   506   506   506   506   506   506   506   506   506   506   506 
1997 -13.2 -12.0  -5.1   1.9   5.5  13.1  12.9  11.6   4.4  -0.5 -11.0 -13.2   506   506   506   506   506   506   506   506   506   506   506   506 
1998 -19.1  -9.3  -8.8  -0.8   4.3   8.0  13.4  12.9   5.5  -1.6 -12.1 -11.7   506   506   506   506   506   506   506   506   506   506   506   506 
1999 -16.9 -10.9 -17.1  -2.2   8.1  10.5  14.4  11.6   4.2  -2.7  -9.2 -12.7   506   506   506   506   506   506   506   506   506   506   506   506 
2000 -19.8 -13.3  -7.7  -0.8   7.0  14.4  12.4  12.3   7.2  -5.9 -14.9 -16.3   506   506   506   506   506   506   506   506   506   506   506   506 
2001 -22.1 -16.6  -9.5  -2.1   5.6  14.6  13.3  12.9   6.0  -1.4  -6.5 -16.3   506   506   506   506   506   506   506   506   506   506   506   506 
2002 -10.8  -9.2  -6.1  -4.1   7.0  12.0  15.6  13.9   6.7  -5.5 -10.8 -16.0   506   506   506   506   506   506   506   506   506   506   506   506 
2003 -13.6 -11.3  -8.6  -2.4   4.9  12.4  13.3   9.4   4.7  -2.5 -12.6 -12.5   506   506   506   506   506   506   506   506   506   506   506   506 
2004 -14.6 -12.1 -11.3  -1.7   4.6  12.5  13.7  10.5   5.6   0.0  -7.7 -14.5   506   506   506   506   506   506   506   506   506   506   506   506 
2005 -17.4 -20.6  -8.0  -2.6   3.0  10.7  14.9  12.2   5.7   0.5  -9.2 -16.7   506   506   506   506   506   506   506   506   506   506   506   506 
2006 -18.7 -16.5  -9.1  -6.5   2.1  10.5  13.5  10.8   6.2  -1.5  -9.1 -11.1   506   506   506   506   506   506   506   506   506   506   506   506 
2007 -12.0 -10.2 -10.3   0.5   6.4  10.4  15.3  12.7   7.5  -2.4  -8.0 -12.6   506   506   506   506   506   506   506   506   506   506   506   506 
2008 -19.3 -14.7  -5.2  -1.3   3.0  12.0  14.0  10.9   5.6  -1.3  -7.6 -16.0   506   506   506   506   506   506   506   506   506   506   506   506 
2009 -15.7 -18.3 -10.4   1.2   6.0   9.7  13.1  10.7   3.3  -3.0 -12.3 -17.6   506   506   506   506   506   506   506   506   506   506   506   506 
2010 -20.6 -20.4 -13.2  -6.5   3.5  11.1  14.8  10.3   5.7  -1.6  -8.1 -18.8   506   506   506   506   506   506   506   506   506   506   506   506 
2011 -19.5 -12.9  -8.6   0.6   3.1  12.9  12.4  12.4   3.9   1.4  -9.7 -14.1   506   506   506   506   506   506   506   506   506   506   506   506 
2012 -20.2 -17.2  -9.8  -3.2   4.3  11.1  12.4  10.6   7.1  -3.3 -11.9 -21.2   506   506   506   506   506   506   506   506   506   506   506   506 
2013 -15.7 -17.9 -10.2  -2.6   4.2   9.8  12.2  12.4   3.4  -1.9  -6.2 -11.1   506   506   506   506   506   506   506   506   506   506   506   506 
2014 -15.6 -18.5  -6.3   2.6   2.8  10.0  13.5  11.9   4.6  -1.5  -9.6 -13.9   506   506   506   506   506   506   506   506   506   506   506   506 
2015 -12.3 -11.8  -8.6   0.0   4.5  11.3  15.4  14.3   5.0   0.7 -12.9 -10.8   506   506   506   506   506   506   506   506   506   506   506   506 
2016 -18.8 -13.2  -6.4  -2.3   3.5  11.5  15.1 -99.0 -99.0 -99.0 -99.0 -99.0   506   506   506   506   506   506   506   -99   -99   -99   -99   -99 
