Number= 783970
Name= KINGSTON
Country= JAMAICA
Lat=   17.9
Long=   76.8
Height= 3
Start year= 1852
End year= 2020
First Good year= 1852
Source ID= 10
Source file= Jones
Jones data to= 2014
Normals source= Data
Normals source start year= 1961
Normals source end year= 1990
Normals=  25.7  25.8  26.2  26.9  27.6  28.3  28.8  28.5  28.1  27.7  27.0  26.4 
Standard deviations source= Data
Standard deviations source start year= 1941
Standard deviations source end year= 1990
Standard deviations=   0.7   0.5   0.6   0.7   0.5   0.6   0.5   0.5   0.7   0.5   0.6   0.6 
Obs:
1852 -99.0 -99.0 -99.0 -99.0 -99.0 -99.0 -99.0 -99.0 -99.0  25.6  26.4  26.7   -99   -99   -99   -99   -99   -99   -99   -99   -99   506   506   506 
1853  25.2  24.1  25.7  25.9  26.6  27.8  27.6  26.6  27.1  27.8  26.7  25.9   506   506   506   506   506   506   506   506   506   506   506   506 
1854 -99.0 -99.0 -99.0 -99.0 -99.0 -99.0 -99.0 -99.0 -99.0 -99.0 -99.0  27.2   -99   -99   -99   -99   -99   -99   -99   -99   -99   -99   -99   506 
1855  25.3  24.7  25.8  25.2  26.6  27.7 -99.0  28.6  27.7  26.8  27.0  27.0   506   506   506   506   506   506   -99   506   506   506   506   506 
1856  27.1  26.5  27.1 -99.0  27.6  28.3  27.8  27.4 -99.0 -99.0 -99.0 -99.0   506   506   506   -99   506   506   506   506   -99   -99   -99   -99 
1857 -99.0 -99.0 -99.0  24.9  25.4  26.8  25.6  25.9  26.2  26.4  25.6  24.5   -99   -99   -99   506   506   506   506   506   506   506   506   506 
1858 -99.0  24.6  23.9  24.3  25.8 -99.0 -99.0  26.8  27.6  26.4  25.7  25.7   -99   506   506   506   506   -99   -99   506   506   506   506   506 
1859  25.4  24.8  24.6  25.4  26.4  26.1  26.6  26.7  27.1  27.0  26.3  25.8   506   506   506   506   506   506   506   506   506   506   506   506 
1860  25.9  24.8  25.1  25.9  25.8  26.6  27.2  27.1  27.2  27.0  26.8  26.3   506   506   506   506   506   506   506   506   506   506   506   506 
1861 -99.0 -99.0 -99.0 -99.0 -99.0 -99.0 -99.0 -99.0 -99.0 -99.0 -99.0 -99.0   -99   -99   -99   -99   -99   -99   -99   -99   -99   -99   -99   -99 
1862 -99.0 -99.0 -99.0 -99.0 -99.0 -99.0 -99.0 -99.0 -99.0 -99.0 -99.0 -99.0   -99   -99   -99   -99   -99   -99   -99   -99   -99   -99   -99   -99 
1863 -99.0 -99.0 -99.0 -99.0 -99.0 -99.0 -99.0 -99.0 -99.0 -99.0 -99.0 -99.0   -99   -99   -99   -99   -99   -99   -99   -99   -99   -99   -99   -99 
1864 -99.0 -99.0 -99.0 -99.0 -99.0 -99.0 -99.0 -99.0 -99.0 -99.0 -99.0 -99.0   -99   -99   -99   -99   -99   -99   -99   -99   -99   -99   -99   -99 
1865 -99.0 -99.0 -99.0 -99.0 -99.0 -99.0 -99.0 -99.0 -99.0 -99.0 -99.0 -99.0   -99   -99   -99   -99   -99   -99   -99   -99   -99   -99   -99   -99 
1866 -99.0 -99.0 -99.0 -99.0 -99.0 -99.0 -99.0 -99.0 -99.0 -99.0 -99.0 -99.0   -99   -99   -99   -99   -99   -99   -99   -99   -99   -99   -99   -99 
1867 -99.0 -99.0 -99.0 -99.0 -99.0 -99.0 -99.0 -99.0 -99.0 -99.0 -99.0 -99.0   -99   -99   -99   -99   -99   -99   -99   -99   -99   -99   -99   -99 
1868 -99.0 -99.0 -99.0 -99.0 -99.0 -99.0 -99.0 -99.0 -99.0 -99.0 -99.0 -99.0   -99   -99   -99   -99   -99   -99   -99   -99   -99   -99   -99   -99 
1869 -99.0 -99.0 -99.0 -99.0 -99.0 -99.0 -99.0 -99.0 -99.0 -99.0 -99.0 -99.0   -99   -99   -99   -99   -99   -99   -99   -99   -99   -99   -99   -99 
1870 -99.0 -99.0 -99.0 -99.0 -99.0 -99.0 -99.0 -99.0 -99.0 -99.0 -99.0 -99.0   -99   -99   -99   -99   -99   -99   -99   -99   -99   -99   -99   -99 
1871 -99.0 -99.0 -99.0 -99.0 -99.0 -99.0 -99.0 -99.0 -99.0 -99.0 -99.0 -99.0   -99   -99   -99   -99   -99   -99   -99   -99   -99   -99   -99   -99 
1872 -99.0 -99.0 -99.0 -99.0 -99.0 -99.0 -99.0 -99.0 -99.0 -99.0 -99.0 -99.0   -99   -99   -99   -99   -99   -99   -99   -99   -99   -99   -99   -99 
1873 -99.0 -99.0 -99.0 -99.0 -99.0 -99.0 -99.0 -99.0 -99.0 -99.0 -99.0 -99.0   -99   -99   -99   -99   -99   -99   -99   -99   -99   -99   -99   -99 
1874 -99.0 -99.0 -99.0 -99.0 -99.0 -99.0 -99.0 -99.0 -99.0 -99.0 -99.0 -99.0   -99   -99   -99   -99   -99   -99   -99   -99   -99   -99   -99   -99 
1875 -99.0 -99.0 -99.0 -99.0 -99.0 -99.0 -99.0 -99.0 -99.0 -99.0 -99.0 -99.0   -99   -99   -99   -99   -99   -99   -99   -99   -99   -99   -99   -99 
1876 -99.0 -99.0 -99.0 -99.0 -99.0 -99.0 -99.0 -99.0 -99.0 -99.0 -99.0 -99.0   -99   -99   -99   -99   -99   -99   -99   -99   -99   -99   -99   -99 
1877 -99.0 -99.0 -99.0 -99.0 -99.0 -99.0 -99.0 -99.0 -99.0 -99.0 -99.0 -99.0   -99   -99   -99   -99   -99   -99   -99   -99   -99   -99   -99   -99 
1878 -99.0 -99.0 -99.0 -99.0 -99.0 -99.0 -99.0 -99.0 -99.0 -99.0 -99.0 -99.0   -99   -99   -99   -99   -99   -99   -99   -99   -99   -99   -99   -99 
1879 -99.0 -99.0 -99.0 -99.0 -99.0 -99.0 -99.0 -99.0 -99.0 -99.0 -99.0 -99.0   -99   -99   -99   -99   -99   -99   -99   -99   -99   -99   -99   -99 
1880 -99.0 -99.0 -99.0 -99.0 -99.0 -99.0 -99.0 -99.0 -99.0 -99.0 -99.0 -99.0   -99   -99   -99   -99   -99   -99   -99   -99   -99   -99   -99   -99 
1881 -99.0 -99.0 -99.0 -99.0 -99.0 -99.0 -99.0 -99.0 -99.0 -99.0 -99.0 -99.0   -99   -99   -99   -99   -99   -99   -99   -99   -99   -99   -99   -99 
1882 -99.0 -99.0 -99.0 -99.0 -99.0 -99.0 -99.0 -99.0 -99.0 -99.0 -99.0 -99.0   -99   -99   -99   -99   -99   -99   -99   -99   -99   -99   -99   -99 
1883 -99.0 -99.0 -99.0 -99.0 -99.0 -99.0 -99.0 -99.0 -99.0 -99.0 -99.0 -99.0   -99   -99   -99   -99   -99   -99   -99   -99   -99   -99   -99   -99 
1884 -99.0 -99.0 -99.0 -99.0 -99.0 -99.0 -99.0 -99.0 -99.0 -99.0 -99.0 -99.0   -99   -99   -99   -99   -99   -99   -99   -99   -99   -99   -99   -99 
1885 -99.0 -99.0 -99.0 -99.0 -99.0 -99.0 -99.0 -99.0 -99.0 -99.0 -99.0 -99.0   -99   -99   -99   -99   -99   -99   -99   -99   -99   -99   -99   -99 
1886 -99.0 -99.0 -99.0 -99.0 -99.0 -99.0 -99.0 -99.0 -99.0 -99.0 -99.0 -99.0   -99   -99   -99   -99   -99   -99   -99   -99   -99   -99   -99   -99 
1887 -99.0 -99.0 -99.0 -99.0 -99.0 -99.0 -99.0 -99.0 -99.0 -99.0 -99.0 -99.0   -99   -99   -99   -99   -99   -99   -99   -99   -99   -99   -99   -99 
1888 -99.0 -99.0 -99.0 -99.0 -99.0 -99.0 -99.0 -99.0 -99.0 -99.0 -99.0 -99.0   -99   -99   -99   -99   -99   -99   -99   -99   -99   -99   -99   -99 
1889 -99.0 -99.0 -99.0 -99.0 -99.0 -99.0 -99.0 -99.0 -99.0 -99.0 -99.0 -99.0   -99   -99   -99   -99   -99   -99   -99   -99   -99   -99   -99   -99 
1890 -99.0 -99.0 -99.0 -99.0 -99.0 -99.0 -99.0 -99.0 -99.0 -99.0 -99.0 -99.0   -99   -99   -99   -99   -99   -99   -99   -99   -99   -99   -99   -99 
1891 -99.0 -99.0 -99.0 -99.0 -99.0 -99.0 -99.0 -99.0 -99.0 -99.0 -99.0 -99.0   -99   -99   -99   -99   -99   -99   -99   -99   -99   -99   -99   -99 
1892 -99.0 -99.0 -99.0 -99.0 -99.0 -99.0 -99.0 -99.0 -99.0 -99.0 -99.0 -99.0   -99   -99   -99   -99   -99   -99   -99   -99   -99   -99   -99   -99 
1893 -99.0 -99.0 -99.0 -99.0 -99.0 -99.0 -99.0 -99.0 -99.0 -99.0 -99.0 -99.0   -99   -99   -99   -99   -99   -99   -99   -99   -99   -99   -99   -99 
1894 -99.0 -99.0 -99.0 -99.0 -99.0 -99.0 -99.0 -99.0 -99.0 -99.0 -99.0 -99.0   -99   -99   -99   -99   -99   -99   -99   -99   -99   -99   -99   -99 
1895 -99.0 -99.0 -99.0 -99.0 -99.0 -99.0 -99.0 -99.0 -99.0 -99.0 -99.0 -99.0   -99   -99   -99   -99   -99   -99   -99   -99   -99   -99   -99   -99 
1896 -99.0 -99.0 -99.0 -99.0 -99.0 -99.0 -99.0 -99.0 -99.0 -99.0 -99.0 -99.0   -99   -99   -99   -99   -99   -99   -99   -99   -99   -99   -99   -99 
1897 -99.0 -99.0 -99.0 -99.0 -99.0 -99.0 -99.0 -99.0 -99.0 -99.0 -99.0 -99.0   -99   -99   -99   -99   -99   -99   -99   -99   -99   -99   -99   -99 
1898 -99.0 -99.0 -99.0 -99.0 -99.0 -99.0 -99.0 -99.0 -99.0 -99.0 -99.0 -99.0   -99   -99   -99   -99   -99   -99   -99   -99   -99   -99   -99   -99 
1899 -99.0 -99.0 -99.0 -99.0 -99.0 -99.0 -99.0 -99.0 -99.0 -99.0 -99.0 -99.0   -99   -99   -99   -99   -99   -99   -99   -99   -99   -99   -99   -99 
1900 -99.0 -99.0 -99.0 -99.0 -99.0 -99.0 -99.0 -99.0 -99.0 -99.0 -99.0 -99.0   -99   -99   -99   -99   -99   -99   -99   -99   -99   -99   -99   -99 
1901 -99.0 -99.0 -99.0 -99.0 -99.0 -99.0 -99.0 -99.0 -99.0 -99.0 -99.0 -99.0   -99   -99   -99   -99   -99   -99   -99   -99   -99   -99   -99   -99 
1902 -99.0 -99.0 -99.0 -99.0 -99.0 -99.0 -99.0 -99.0 -99.0 -99.0 -99.0 -99.0   -99   -99   -99   -99   -99   -99   -99   -99   -99   -99   -99   -99 
1903 -99.0 -99.0 -99.0 -99.0 -99.0 -99.0 -99.0 -99.0 -99.0 -99.0 -99.0 -99.0   -99   -99   -99   -99   -99   -99   -99   -99   -99   -99   -99   -99 
1904 -99.0 -99.0 -99.0 -99.0 -99.0 -99.0 -99.0 -99.0 -99.0 -99.0 -99.0 -99.0   -99   -99   -99   -99   -99   -99   -99   -99   -99   -99   -99   -99 
1905 -99.0 -99.0 -99.0 -99.0 -99.0 -99.0 -99.0 -99.0 -99.0 -99.0 -99.0 -99.0   -99   -99   -99   -99   -99   -99   -99   -99   -99   -99   -99   -99 
1906 -99.0 -99.0 -99.0 -99.0 -99.0 -99.0 -99.0 -99.0 -99.0 -99.0 -99.0 -99.0   -99   -99   -99   -99   -99   -99   -99   -99   -99   -99   -99   -99 
1907 -99.0 -99.0 -99.0 -99.0 -99.0 -99.0 -99.0 -99.0 -99.0 -99.0 -99.0 -99.0   -99   -99   -99   -99   -99   -99   -99   -99   -99   -99   -99   -99 
1908 -99.0 -99.0 -99.0 -99.0 -99.0 -99.0 -99.0 -99.0 -99.0 -99.0 -99.0 -99.0   -99   -99   -99   -99   -99   -99   -99   -99   -99   -99   -99   -99 
1909 -99.0 -99.0 -99.0 -99.0 -99.0 -99.0 -99.0 -99.0 -99.0 -99.0 -99.0 -99.0   -99   -99   -99   -99   -99   -99   -99   -99   -99   -99   -99   -99 
1910 -99.0 -99.0 -99.0 -99.0 -99.0 -99.0 -99.0 -99.0 -99.0 -99.0 -99.0 -99.0   -99   -99   -99   -99   -99   -99   -99   -99   -99   -99   -99   -99 
1911 -99.0 -99.0 -99.0 -99.0 -99.0 -99.0 -99.0 -99.0 -99.0 -99.0 -99.0 -99.0   -99   -99   -99   -99   -99   -99   -99   -99   -99   -99   -99   -99 
1912 -99.0 -99.0 -99.0 -99.0 -99.0 -99.0 -99.0 -99.0 -99.0 -99.0 -99.0 -99.0   -99   -99   -99   -99   -99   -99   -99   -99   -99   -99   -99   -99 
1913 -99.0 -99.0 -99.0 -99.0 -99.0 -99.0 -99.0 -99.0 -99.0 -99.0 -99.0 -99.0   -99   -99   -99   -99   -99   -99   -99   -99   -99   -99   -99   -99 
1914 -99.0 -99.0 -99.0 -99.0 -99.0 -99.0 -99.0 -99.0 -99.0 -99.0 -99.0 -99.0   -99   -99   -99   -99   -99   -99   -99   -99   -99   -99   -99   -99 
1915 -99.0 -99.0 -99.0 -99.0 -99.0 -99.0 -99.0 -99.0 -99.0 -99.0 -99.0 -99.0   -99   -99   -99   -99   -99   -99   -99   -99   -99   -99   -99   -99 
1916 -99.0 -99.0 -99.0 -99.0 -99.0 -99.0 -99.0 -99.0 -99.0 -99.0 -99.0 -99.0   -99   -99   -99   -99   -99   -99   -99   -99   -99   -99   -99   -99 
1917 -99.0 -99.0 -99.0 -99.0 -99.0 -99.0 -99.0 -99.0 -99.0 -99.0 -99.0 -99.0   -99   -99   -99   -99   -99   -99   -99   -99   -99   -99   -99   -99 
1918 -99.0 -99.0 -99.0 -99.0 -99.0 -99.0 -99.0 -99.0 -99.0 -99.0 -99.0 -99.0   -99   -99   -99   -99   -99   -99   -99   -99   -99   -99   -99   -99 
1919 -99.0 -99.0 -99.0 -99.0 -99.0 -99.0 -99.0 -99.0 -99.0 -99.0 -99.0 -99.0   -99   -99   -99   -99   -99   -99   -99   -99   -99   -99   -99   -99 
1920 -99.0 -99.0 -99.0 -99.0 -99.0 -99.0 -99.0 -99.0 -99.0 -99.0 -99.0 -99.0   -99   -99   -99   -99   -99   -99   -99   -99   -99   -99   -99   -99 
1921 -99.0 -99.0 -99.0 -99.0 -99.0 -99.0 -99.0 -99.0 -99.0 -99.0 -99.0 -99.0   -99   -99   -99   -99   -99   -99   -99   -99   -99   -99   -99   -99 
1922 -99.0 -99.0 -99.0 -99.0 -99.0 -99.0 -99.0 -99.0 -99.0 -99.0 -99.0 -99.0   -99   -99   -99   -99   -99   -99   -99   -99   -99   -99   -99   -99 
1923 -99.0 -99.0 -99.0 -99.0 -99.0 -99.0 -99.0 -99.0 -99.0 -99.0 -99.0 -99.0   -99   -99   -99   -99   -99   -99   -99   -99   -99   -99   -99   -99 
1924 -99.0 -99.0 -99.0 -99.0 -99.0 -99.0 -99.0 -99.0 -99.0 -99.0 -99.0 -99.0   -99   -99   -99   -99   -99   -99   -99   -99   -99   -99   -99   -99 
1925 -99.0 -99.0 -99.0 -99.0 -99.0 -99.0 -99.0 -99.0 -99.0 -99.0 -99.0 -99.0   -99   -99   -99   -99   -99   -99   -99   -99   -99   -99   -99   -99 
1926 -99.0 -99.0 -99.0 -99.0 -99.0 -99.0 -99.0 -99.0 -99.0 -99.0 -99.0 -99.0   -99   -99   -99   -99   -99   -99   -99   -99   -99   -99   -99   -99 
1927 -99.0 -99.0 -99.0 -99.0 -99.0 -99.0 -99.0 -99.0 -99.0 -99.0 -99.0 -99.0   -99   -99   -99   -99   -99   -99   -99   -99   -99   -99   -99   -99 
1928 -99.0 -99.0 -99.0 -99.0 -99.0 -99.0 -99.0 -99.0 -99.0 -99.0 -99.0 -99.0   -99   -99   -99   -99   -99   -99   -99   -99   -99   -99   -99   -99 
1929 -99.0 -99.0 -99.0 -99.0 -99.0 -99.0 -99.0 -99.0 -99.0 -99.0 -99.0 -99.0   -99   -99   -99   -99   -99   -99   -99   -99   -99   -99   -99   -99 
1930 -99.0 -99.0 -99.0 -99.0 -99.0 -99.0 -99.0 -99.0 -99.0 -99.0 -99.0 -99.0   -99   -99   -99   -99   -99   -99   -99   -99   -99   -99   -99   -99 
1931 -99.0 -99.0 -99.0 -99.0 -99.0 -99.0 -99.0 -99.0 -99.0 -99.0 -99.0 -99.0   -99   -99   -99   -99   -99   -99   -99   -99   -99   -99   -99   -99 
1932 -99.0 -99.0 -99.0 -99.0 -99.0 -99.0 -99.0 -99.0 -99.0 -99.0 -99.0 -99.0   -99   -99   -99   -99   -99   -99   -99   -99   -99   -99   -99   -99 
1933 -99.0 -99.0 -99.0 -99.0 -99.0 -99.0 -99.0 -99.0 -99.0 -99.0 -99.0 -99.0   -99   -99   -99   -99   -99   -99   -99   -99   -99   -99   -99   -99 
1934 -99.0 -99.0 -99.0 -99.0 -99.0 -99.0 -99.0 -99.0 -99.0 -99.0 -99.0 -99.0   -99   -99   -99   -99   -99   -99   -99   -99   -99   -99   -99   -99 
1935 -99.0 -99.0 -99.0 -99.0 -99.0 -99.0 -99.0 -99.0 -99.0 -99.0 -99.0 -99.0   -99   -99   -99   -99   -99   -99   -99   -99   -99   -99   -99   -99 
1936 -99.0 -99.0 -99.0 -99.0 -99.0 -99.0 -99.0 -99.0 -99.0 -99.0 -99.0 -99.0   -99   -99   -99   -99   -99   -99   -99   -99   -99   -99   -99   -99 
1937 -99.0 -99.0 -99.0 -99.0 -99.0 -99.0 -99.0 -99.0 -99.0 -99.0 -99.0 -99.0   -99   -99   -99   -99   -99   -99   -99   -99   -99   -99   -99   -99 
1938 -99.0 -99.0 -99.0 -99.0 -99.0 -99.0 -99.0 -99.0 -99.0 -99.0 -99.0 -99.0   -99   -99   -99   -99   -99   -99   -99   -99   -99   -99   -99   -99 
1939 -99.0 -99.0 -99.0 -99.0 -99.0 -99.0 -99.0 -99.0 -99.0 -99.0 -99.0 -99.0   -99   -99   -99   -99   -99   -99   -99   -99   -99   -99   -99   -99 
1940 -99.0 -99.0 -99.0 -99.0 -99.0 -99.0 -99.0 -99.0 -99.0 -99.0 -99.0 -99.0   -99   -99   -99   -99   -99   -99   -99   -99   -99   -99   -99   -99 
1941 -99.0 -99.0 -99.0 -99.0 -99.0 -99.0 -99.0 -99.0 -99.0 -99.0 -99.0 -99.0   -99   -99   -99   -99   -99   -99   -99   -99   -99   -99   -99   -99 
1942 -99.0 -99.0 -99.0 -99.0 -99.0 -99.0 -99.0 -99.0 -99.0 -99.0 -99.0 -99.0   -99   -99   -99   -99   -99   -99   -99   -99   -99   -99   -99   -99 
1943  25.7  25.1  25.9  26.6  27.0  27.7  28.0  28.1  28.5  27.2  26.8  26.1   506   506   506   506   506   506   506   506   506   506   506   506 
1944  25.9  25.5  25.7  26.6  27.2  27.8  28.3  28.0  27.3  27.1  25.9  25.6   506   506   506   506   506   506   506   506   506   506   506   506 
1945  24.8  25.3  25.3  26.2  26.8  28.5  28.4  27.5  27.0  26.6  26.1  25.7   506   506   506   506   506   506   506   506   506   506   506   506 
1946  25.2  24.9  25.4  24.6  27.2  28.3  28.2  28.0  27.7  27.9  26.5  26.2   506   506   506   506   506   506   506   506   506   506   506   506 
1947  26.3  25.4  26.4  26.8  27.2  28.3  28.4  27.9  27.3  27.2  27.6  25.9   506   506   506   506   506   506   506   506   506   506   506   506 
1948  26.0  26.1  26.4  26.5  27.6  28.0  28.5  28.5  28.2  27.4  27.3  26.3   506   506   506   506   506   506   506   506   506   506   506   506 
1949  24.4  25.2  25.7  26.7  26.8  27.5  27.9  28.0  27.8  27.4  26.7  25.6   506   506   506   506   506   506   506   506   506   506   506   506 
1950  25.1  24.4  25.5  25.9  26.7  27.6  28.1  27.6  27.5  26.6  26.2  25.7   506   506   506   506   506   506   506   506   506   506   506   506 
1951  22.8  24.7  25.1  26.5  27.6  28.4  28.2  28.7  28.2  27.8  27.7  26.6   506   506   506   506   506   506   506   506   506   506   506   506 
1952  25.4  25.4  26.4  27.1  28.3  29.2  28.5  28.7  28.3  27.6  27.3  25.5   506   506   506   506   506   506   506   506   506   506   506   506 
1953  25.9  26.2  26.1  27.2  27.2  28.0  28.2  28.5  27.9  27.6  27.5  27.0   506   506   506   506   506   506   506   506   506   506   506   506 
1954  26.5  25.3  26.0  26.5  27.0  28.1  28.6  28.2  27.7  26.7  26.5  25.6   506   506   506   506   506   506   506   506   506   506   506   506 
1955  25.0  25.1  25.3  26.2  27.1  26.4  27.7  27.9  27.7  27.2  27.3  26.1   506   506   506   506   506   506   506   506   506   506   506   506 
1956  24.6  25.0  25.9  27.7  27.4  27.6  28.0  27.1  28.3  27.0  26.6  26.1   506   506   506   506   506   506   506   506   506   506   506   506 
1957  26.0  25.6  25.8  26.2  27.1  28.2  28.5  28.5  27.9  27.3  27.6  26.6   506   506   506   506   506   506   506   506   506   506   506   506 
1958  25.6  25.7  26.6  27.7  28.2  28.1  28.9  28.8  28.7  27.2  27.3  26.2   506   506   506   506   506   506   506   506   506   506   506   506 
1959  25.9  26.2  26.4  27.1  27.2  28.1  28.6  28.6  29.0  27.8  27.1  26.3   506   506   506   506   506   506   506   506   506   506   506   506 
1960  26.1  26.4  26.4  27.5  28.1  27.3  28.1  28.2  27.6  27.6  27.0  25.5   506   506   506   506   506   506   506   506   506   506   506   506 
1961  25.9  26.2  26.6  26.9  27.6  28.4  27.9  28.6  27.6  27.0  26.3  26.2   506   506   506   506   506   506   506   506   506   506   506   506 
1962  25.6  25.4  25.6  26.7  27.5  28.4  29.0  28.2  28.1  27.9  26.9  26.2   506   506   506   506   506   506   506   506   506   506   506   506 
1963  25.7  25.8  26.3  26.1  27.6  27.7  28.4  28.2  28.2  27.8  26.7  25.9   506   506   506   506   506   506   506   506   506   506   506   506 
1964  25.7  26.2  26.8  26.4  27.2  28.1  28.3  28.1  28.0  26.9  26.7  25.6   506   506   506   506   506   506   506   506   506   506   506   506 
1965  24.8  25.6  24.4  26.4  26.9  28.0  28.6  28.6  28.0  27.7  26.9  26.1   506   506   506   506   506   506   506   506   506   506   506   506 
1966  26.1  26.1  26.1  27.0  27.1  27.9  27.8  28.7  28.4  27.3  25.9  25.6   506   506   506   506   506   506   506   506   506   506   506   506 
1967  25.6  25.3  25.4  26.1  27.2  28.2  28.9  29.0  28.1  28.1  27.4  26.5   506   506   506   506   506   506   506   506   506   506   506   506 
1968  25.5  25.3  25.9  26.3  28.1  28.9  29.3  28.7  28.4  27.7  26.7  25.9   506   506   506   506   506   506   506   506   506   506   506   506 
1969  26.0  25.5  27.2  27.8  28.3  28.3  29.4  28.8  28.4  27.6  26.7  25.9   506   506   506   506   506   506   506   506   506   506   506   506 
1970  25.6  26.0  26.3  27.2  27.1  28.3  28.3  27.7  27.6  27.6  26.2  26.2   506   506   506   506   506   506   506   506   506   506   506   506 
1971  25.1  25.7  25.9  26.4  27.4  28.2  28.4  27.6  27.4  26.9  26.1  25.9   506   506   506   506   506   506   506   506   506   506   506   506 
1972  25.8  25.5  25.2  27.0  27.9  27.3  29.1  28.9  28.4  27.6  27.5  26.9   506   506   506   506   506   506   506   506   506   506   506   506 
1973  26.1  25.6  26.9  27.4  28.4  28.4  29.1  28.6  28.3  27.6  26.7  25.1   506   506   506   506   506   506   506   506   506   506   506   506 
1974  25.3  25.2  25.4  26.3  27.2  27.9  28.1  28.1  26.9  26.6  26.4  25.7   506   506   506   506   506   506   506   506   506   506   506   506 
1975  25.6  25.2  25.9  26.4  27.1  28.1  28.2  27.9  27.1  26.7  27.0  25.8   506   506   506   506   506   506   506   506   506   506   506   506 
1976  24.9  25.0  25.1  26.0  27.6  28.2  29.2  28.9  28.7  27.8  28.0  27.2   506   506   506   506   506   506   506   506   506   506   506   506 
1977  25.7  26.1  26.9  27.2  27.4  29.0  29.1  28.7  29.0  28.7  27.9  27.1   506   506   506   506   506   506   506   506   506   506   506   506 
1978  25.8  25.7  26.9  27.5  28.3  28.7  29.5  29.1  29.2  28.3  27.2  27.0   506   506   506   506   506   506   506   506   506   506   506   506 
1979  26.3  26.6  26.7  27.6  27.7  27.7  28.6  28.9  26.7  27.9  27.1  26.8   506   506   506   506   506   506   506   506   506   506   506   506 
1980  26.4  26.1  27.0  27.2  28.6  28.9  29.0  28.1  28.9  28.7  28.2  26.4   506   506   506   506   506   506   506   506   506   506   506   506 
1981  26.1 -99.0 -99.0  28.2 -99.0 -99.0 -99.0 -99.0 -99.0 -99.0 -99.0  28.0   506   -99   -99   506   -99   -99   -99   -99   -99   -99   -99   506 
1982 -99.0 -99.0 -99.0 -99.0  27.0 -99.0 -99.0 -99.0  30.5 -99.0  26.7  26.2   -99   -99   -99   -99   506   -99   -99   -99   506   -99   506   506 
1983  26.2  26.1  26.6  27.0  28.3  27.7  29.5  28.6 -99.0  27.5  27.3  26.6   506   506   506   506   506   506   506   506   -99   506   506   506 
1984  25.7 -99.0 -99.0 -99.0  27.5  28.0  28.2  28.1  27.4  27.2  26.5  25.9   506   -99   -99   -99   506   506   506   506   506   506   506   506 
1985  25.0  25.5  25.8  26.1  27.6  28.4  28.3  27.8  27.9  27.5  26.8  26.0   506   506   506   506   506   506   506   506   506   506   506   506 
1986  24.8  25.4  25.9  26.7  27.1  27.6  28.6  28.7  27.2  27.6  26.8  26.6   506   506   506   506   506   506   506   506   506   506   506   506 
1987  25.7  26.0  26.5  27.2  28.2  29.3  29.6  29.4  29.2  27.9  27.7  27.2   506   506   506   506   506   506   506   506   506   506   506   506 
1988  26.7  26.5  26.5  27.1  28.3  28.8  28.9  28.0  27.5  28.3  26.9  26.6   506   506   506   506   506   506   506   506   506   506   506   506 
1989  25.5  25.3  25.1  26.6  27.1  28.0  28.5  28.5  28.2  27.8  27.2  26.4   506   506   506   506   506   506   506   506   506   506   506   506 
1990  26.7  26.8  27.2  28.0  28.0  29.5  29.6  29.2  28.7  28.6  28.2  27.3   506   506   506   506   506   506   506   506   506   506   506   506 
1991  26.1  25.6  26.1  26.7  27.4  28.5  29.1  28.6  28.3  28.9 -99.0  26.6   506   506   506   506   506   506   506   506   506   506   -99   506 
1992  26.7  26.8  27.2  28.0  28.0  29.5  29.6  29.2  28.7  28.6  28.2  27.3   506   506   506   506   506   506   506   506   506   506   506   506 
1993  26.2  25.0  25.8  27.1  27.7  29.4  29.1  29.1  27.9  28.9  28.1  26.8   506   506   506   506   506   506   506   506   506   506   506   506 
1994  26.8  26.8  27.3  27.9  28.5  29.5  29.7  29.2  29.4  28.9  28.0  27.0   506   506   506   506   506   506   506   506   506   506   506   506 
1995  26.4  26.8  26.7  28.2  28.9  29.3  29.3  28.5  29.0  27.6  28.0  27.1   506   506   506   506   506   506   506   506   506   506   506   506 
1996  26.3  26.1  26.3  27.3  27.6  28.5  28.5  28.2  27.7  28.6  27.2  26.3   506   506   506   506   506   506   506   506   506   506   506   506 
1997  26.1  26.8  26.6  27.7  28.6  29.4  29.8  29.9  29.6  28.8  29.0  28.1   506   506   506   506   506   506   506   506   506   506   506   506 
1998  27.7  27.1  27.5  28.5  29.3  30.2  30.2  30.2  29.7  29.0  28.5  27.6   506   506   506   506   506   506   506   506   506   506   506   506 
1999  26.9  25.7  27.2  27.8  28.8  28.7  29.2  29.2  29.2  28.3  27.3  26.6   506   506   506   506   506   506   506   506   506   506   506   506 
2000  26.1  26.3  26.2  26.2  27.5  28.7  29.5  29.4  28.7  28.7  27.9  26.9   506   506   506   506   506   506   506   506   506   506   506   506 
2001  26.3  26.7  27.2  27.5  27.9  29.3  29.4  30.0  29.4  28.8  27.3  27.6   506   506   506   506   506   506   506   506   506   506   506   506 
2002  27.2  26.9  27.2  27.3  27.8  28.8  29.6  29.6  28.5  28.5  28.5  27.6   506   506   506   506   506   506   506   506   506   506   506   506 
2003  26.8  27.3  27.6  28.1  28.9  29.1  29.3  29.2  29.4  28.8  28.2  27.0   506   506   506   506   506   506   506   506   506   506   506   506 
2004  26.5  26.9  26.9  27.6  28.2  29.7  29.1  29.4  28.6  28.6  27.8  26.9   506   506   506   506   506   506   506   506   506   506   506   506 
2005  25.9  25.5  27.4  26.8  28.4  28.6  29.2  29.1  29.7  27.0  28.2  26.3   506   506   506   506   506   506   506   506   506   506   506   506 
2006  25.8  26.3  26.8  27.8  29.7  30.4  30.9  30.5  29.5  30.2  28.2  28.6   506   506   506   506   506   506   506   506   506   506   506   506 
2007  28.3  28.4  28.0  29.1  29.5  30.4  30.0  27.7  28.4  26.7  25.4  26.2   506   506   506   506   506   506   506   506   506   506   506   506 
2008  25.7  24.3  25.5  26.3  28.1  28.2  29.1  28.1  28.0  27.5  26.6  25.9   506   506   506   506   506   506   506   506   506   506   506   506 
2009  25.4  25.2  25.4  27.7  27.9  27.7  28.8  28.3  28.4  27.8  27.2  27.6   506   506   506   506   506   506   506   506   506   506   506   506 
2010  25.7  25.6  26.0  26.0  27.6  27.8  27.7  28.3  27.0  26.7  25.9  23.8   506   506   506   506   506   506   506   506   506   506   506   506 
2011  24.9  24.9  24.9  25.8  26.6  27.2  27.4  27.6  27.7  28.3  28.0  27.0   506   506   506   506   506   506   506   506   506   506   506   506 
2012  26.2  26.4  26.3  27.0  28.4  28.9  29.5  29.0  29.0  28.2  27.8  27.3   506   506   506   506   506   506   506   506   506   506   506   506 
2013  27.6  27.2  26.9  28.1  28.5  29.0  28.9  29.4  29.5  28.7  28.6  27.8   506   506   506   506   506   506   506   506   506   506   506   506 
2014  27.4  27.0  26.3  28.1  28.3  29.6  29.9  29.8  29.5  29.4  28.6  27.7   506   506   506   506   506   506   506   506   506   506   506   506 
2015  27.2  26.8  27.4  28.0  28.6  29.9  29.6  29.7  29.8  29.3  28.5  28.4   900   900   900   900   900   900   900   900   900   900   900   900 
2016  27.2  26.7  27.7  28.0  28.9  29.7  29.9  29.9  29.4  28.8  28.0  27.7   900   900   900   900   900   900   900   900   900   900   900   900 
2017  26.9  26.6  26.7  27.8  28.4  29.1  29.8  29.8  29.6  28.6  27.6  27.3   900   900   900   900   900   900   900   900   900   900   900   900 
2018  26.8  26.5  26.9  27.7  28.1  29.3  29.8  29.8  29.1  27.9  28.0  27.3   900   900   900   900   900   900   900   900   900   900   900   900 
2019  26.4  26.7  26.8  27.6  28.2  29.6  28.2  29.9  29.4  28.4  27.9  27.8   900   900   900   900   900   900   900   900   900   900   900   900 
2020  27.2  27.5  27.4  28.5  29.0  29.5  29.9  29.7  29.0  28.0  27.0  27.1   900   900   900   900   900   900   900   900   900   900   900   900 
