Number= 785327
Name= ISABELA SUBSTATION
Country= PUERTO RICO
Lat=   18.5
Long=   67.1
Height= 128
Start year= 1951
End year= 1990
First Good year= 1951
Source ID= 10
Source file= Jones
Jones data to= 1990
Normals source= Data
Normals source start year= 1961
Normals source end year= 1990
Normals=  22.9  22.9  23.4  24.1  24.9  25.5  25.9  26.0  25.8  25.6  24.6  23.5 
Standard deviations source= Data
Standard deviations source start year= 1951
Standard deviations source end year= 1990
Standard deviations=   0.5   0.5   0.7   0.7   0.6   0.5   0.5   0.4   0.5   0.5   0.5   0.6 
Obs:
1951  22.3  22.1  22.6  24.4  25.8  25.7  26.0  26.2  26.0  25.4  24.7  23.8   506   506   506   506   506   506   506   506   506   506   506   506 
1952  23.0  22.9  24.4  24.6  25.4  25.8  25.8  26.2  25.8  25.8  24.6  22.7   506   506   506   506   506   506   506   506   506   506   506   506 
1953  22.6  23.0  23.6  24.2  25.1  25.6  25.7  25.7  25.4  24.8  24.7  23.9   506   506   506   506   506   506   506   506   506   506   506   506 
1954  22.8  22.8  23.9  24.2  24.8  25.9  26.4  26.7  26.3  25.4  24.9  23.9   506   506   506   506   506   506   506   506   506   506   506   506 
1955  23.0  22.8  23.1  23.9  25.2  25.7  25.8  26.2  25.9  25.7  24.6  23.3   506   506   506   506   506   506   506   506   506   506   506   506 
1956  22.4  22.3  23.9  24.4  24.9  25.1  25.5  25.7  25.8  25.3  24.4  23.6   506   506   506   506   506   506   506   506   506   506   506   506 
1957  23.2  23.2  23.4  24.4  25.4  25.8  26.2  26.4  26.2  25.7  25.2  24.4   506   506   506   506   506   506   506   506   506   506   506   506 
1958  23.7  24.0  24.7  25.9  26.2  26.6  26.7  26.8  27.1  26.3  25.8  24.6   506   506   506   506   506   506   506   506   506   506   506   506 
1959  23.7  23.6  24.1  24.9  25.6  25.7  26.6  26.1  26.4  25.8  24.8  24.3   506   506   506   506   506   506   506   506   506   506   506   506 
1960  23.8  23.8  24.3  24.6  25.5  25.9  26.1  26.6  26.6  26.6  26.2  23.9   506   506   506   506   506   506   506   506   506   506   506   506 
1961  23.3  23.0  23.3  24.3  25.2  26.4  27.0  26.8  25.7  25.8  25.3  23.9   506   506   506   506   506   506   506   506   506   506   506   506 
1962  24.3  23.2  24.8  25.9  25.3  25.8  26.4  26.3  26.2  26.1  25.4  24.5   506   506   506   506   506   506   506   506   506   506   506   506 
1963  23.3  23.3  23.6  24.8  25.3  25.6  25.9  26.3  26.2  25.8  24.8  24.0   506   506   506   506   506   506   506   506   506   506   506   506 
1964  23.2  23.4  24.0  24.0  25.1  25.2  25.4  25.8  26.1  25.4  24.6  22.7   506   506   506   506   506   506   506   506   506   506   506   506 
1965  21.7  22.2  24.2  23.4  24.1  24.8  25.3  25.5  25.9  27.3  24.7  23.5   506   506   506   506   506   506   506   506   506   506   506   506 
1966  23.1  22.9  23.5  23.9  24.4  25.1  25.9  26.1  25.6  25.3  23.8  23.1   506   506   506   506   506   506   506   506   506   506   506   506 
1967  22.9  22.8  22.8  23.4  24.3  25.1  26.0  25.4  25.4  25.4  24.9  23.3   506   506   506   506   506   506   506   506   506   506   506   506 
1968  22.2  22.8  22.6  22.6  24.9  25.1  25.4  25.7  26.1  25.6  24.9  23.8   506   506   506   506   506   506   506   506   506   506   506   506 
1969  22.6  22.5  23.9  25.0  26.1  26.4  26.3  26.1  25.9  25.8  24.6  23.2   506   506   506   506   506   506   506   506   506   506   506   506 
1970  23.2  23.7  23.7  24.9  24.8  25.7  26.1  26.2  25.6  25.3  24.2  23.5   506   506   506   506   506   506   506   506   506   506   506   506 
1971  22.9  22.4  22.7  23.5  24.1  24.9  25.6  25.6  25.7  25.0  24.1  23.7   506   506   506   506   506   506   506   506   506   506   506   506 
1972  22.7  22.4  22.6  24.2  24.4  25.5  25.8  25.7  25.4  25.4  24.8  23.7   506   506   506   506   506   506   506   506   506   506   506   506 
1973  23.3  22.7  23.8  24.1  24.8  25.8  25.7  25.7  25.6  25.2  24.1  22.1   506   506   506   506   506   506   506   506   506   506   506   506 
1974  22.0  22.3  22.8  23.3  23.8  24.4  25.2  25.1  25.2  24.9  23.9  23.4   506   506   506   506   506   506   506   506   506   506   506   506 
1975  22.3  22.5  23.3  24.1  24.5  24.8  25.4  25.4  25.3  25.0  24.3  22.3   506   506   506   506   506   506   506   506   506   506   506   506 
1976  21.7  21.5  21.9  22.7  23.5  24.1  24.8  25.3  25.2  24.8  23.9  22.6   506   506   506   506   506   506   506   506   506   506   506   506 
1977  22.8  22.5  23.1  23.3  24.6  25.4  25.3  26.0  25.6  25.3  24.6  23.9   506   506   506   506   506   506   506   506   506   506   506   506 
1978  22.9  22.7  23.1  24.1  24.6  25.2  25.8  25.9  25.5  25.0  24.4  23.5   506   506   506   506   506   506   506   506   506   506   506   506 
1979  22.8  22.7  23.3  23.6  24.6  25.4  25.6  25.8  24.8  25.3  24.3  23.3   506   506   506   506   506   506   506   506   506   506   506   506 
1980  23.1  22.7  23.3  24.2  25.4  25.8  26.1  26.0  26.7  26.2  24.9  24.3   506   506   506   506   506   506   506   506   506   506   506   506 
1981  23.4  23.3  24.3  24.0  25.7  26.0  26.2  26.2  26.2  25.7  25.1  24.3   506   506   506   506   506   506   506   506   506   506   506   506 
1982  23.0  23.3  23.6  24.5  24.4  25.3  25.6  26.3  25.9  25.6  24.3  23.3   506   506   506   506   506   506   506   506   506   506   506   506 
1983  23.3  23.6  25.2  25.3  25.7  26.4  26.9  26.5  26.5  25.9  25.1  24.4   506   506   506   506   506   506   506   506   506   506   506   506 
1984  23.3  23.6  23.8  25.2  25.4  25.9  25.6  26.2  25.8  25.3  23.9  23.1   506   506   506   506   506   506   506   506   506   506   506   506 
1985  22.1  22.7  23.0  22.9  24.4  25.7  25.8  26.2  25.7  25.7  24.9  23.6   506   506   506   506   506   506   506   506   506   506   506   506 
1986  23.0  22.9  23.3  24.3  24.8  25.9  26.3  26.8  26.7  25.9  25.2  23.9   506   506   506   506   506   506   506   506   506   506   506   506 
1987  23.0  23.2  23.4  24.7  25.6  25.0  25.6  26.1  25.8  25.3  24.5  24.0   506   506   506   506   506   506   506   506   506   506   506   506 
1988  23.2  23.4  23.7  24.3  25.3  26.2  26.7  26.4  25.4  25.6  25.2  23.7   506   506   506   506   506   506   506   506   506   506   506   506 
1989  23.2  22.9  23.2  24.1  25.1  25.5  25.9  26.2  26.2  25.5  24.7  23.8   506   506   506   506   506   506   506   506   506   506   506   506 
1990  23.3  23.3  22.9  24.1  25.3  26.1  25.9  26.4  26.8  26.6  25.3  23.9   506   506   506   506   506   506   506   506   506   506   506   506 
