Number= 787640
Name= PAVAS; SAN JOSE
Country= COSTA RICA
Lat=   10.0
Long=   84.1
Height= 997
Start year= 1991
End year= 2013
First Good year= 1991
Source ID= 98
Source file= Jones
Jones data to= 2013
Normals source start year= 1991
Normals source end year= 1990
Normals= -99.0 -99.0 -99.0 -99.0 -99.0 -99.0 -99.0 -99.0 -99.0 -99.0 -99.0 -99.0 
Standard deviations source= Data
Standard deviations source start year= 1991
Standard deviations source end year= 1990
Obs:
1991  21.7  21.7  23.2  23.4  22.4  22.7  22.8  22.4  22.3  21.4  21.8  21.6   506   506   506   506   506   506   506   506   506   506   506   506 
1992  21.7  22.4  23.1  23.4  22.7  22.4  22.3  22.4  21.7  22.0  22.4  22.4   506   506   506   506   506   506   506   506   506   506   506   506 
1993  22.0  22.4  22.3  23.1  22.5  22.5  22.8  22.6  21.3  22.5  22.9  22.4   506   506   506   506   506   506   506   506   506   506   506   506 
1994  21.8  22.1  22.9  23.0  23.0  22.8  22.7  22.4  22.3  21.4  21.4  21.7   506   506   506   506   506   506   506   506   506   506   506   506 
1995  21.8  22.1  22.2  22.4  21.4  21.4  21.7  21.2  21.5  20.8  22.0  22.4   506   506   506   506   506   506   506   506   506   506   506   506 
1996  21.5  22.2  22.2  22.3  21.5  21.4  21.3  21.1  21.1  21.0  20.8  21.3   506   506   506   506   506   506   506   506   506   506   506   506 
1997  21.5  22.1  22.4  22.9  22.9  22.3  23.9  23.2  21.7  21.7  21.5  22.1   506   506   506   506   506   506   506   506   506   506   506   506 
1998  21.7  23.2  23.1  23.1  23.7  22.9  22.3  22.4  21.6  21.3  21.7  21.5   506   506   506   506   506   506   506   506   506   506   506   506 
1999  21.5  21.4  22.0  22.5  22.8  22.8  22.0  21.5  20.9  20.9  21.6  21.4   506   506   506   506   506   506   506   506   506   506   506   506 
2000  21.5  21.0  20.6  21.5  21.6  21.1  21.6  22.0  20.9  21.7  21.7  20.9   506   506   506   506   506   506   506   506   506   506   506   506 
2001  20.5  21.3  22.7  22.8  23.2  22.8  22.7  22.6  21.3  21.7  21.2  21.9   506   506   506   506   506   506   506   506   506   506   506   506 
2002  21.5  21.5  22.3  22.5  22.5  22.4  22.3  22.1  21.4  21.3  21.4  21.7   506   506   506   506   506   506   506   506   506   506   506   506 
2003  21.4  22.0  22.3  22.8  21.9  21.0  21.9  21.5  21.0  21.0  21.5  20.9   506   506   506   506   506   506   506   506   506   506   506   506 
2004  20.9  21.6  21.5  22.4  21.3  22.0  21.1  21.6  20.5  20.7  20.7  21.0   506   506   506   506   506   506   506   506   506   506   506   506 
2005  20.6  21.0  23.0  23.1  22.4  21.5  22.1  21.7  21.5  19.9  20.9  21.3   506   506   506   506   506   506   506   506   506   506   506   506 
2006  21.2  21.1  21.9  23.1  22.7  21.6  21.7  20.8  20.2  20.0  20.1  23.1   506   506   506   506   506   506   506   506   506   506   506   506 
2007  22.7  23.3  23.9  24.2  23.4  22.0  21.9  21.4  21.4  20.6  21.2  21.1   506   506   506   506   506   506   506   506   506   506   506   506 
2008  21.0  21.1  21.6  22.1  21.7  21.8  21.3  21.2  21.3  21.0  21.1  21.0   506   506   506   506   506   506   506   506   506   506   506   506 
2009  21.0  20.9  21.3  22.5  22.2  22.0  22.6  22.4  22.7  21.8  21.5  22.1   506   506   506   506   506   506   506   506   506   506   506   506 
2010  21.5  22.6  23.1  23.1  22.6  21.9  21.6  21.5  20.7  21.5  20.7  19.9   506   506   506   506   506   506   506   506   506   506   506   506 
2011  21.3  21.5  21.6  22.5  22.5  22.2  21.8  22.1  21.9  20.4  21.4  21.1   506   506   506   506   506   506   506   506   506   506   506   506 
2012  21.1  21.5  21.7  22.2  22.4  22.3  22.6  22.0  22.0  21.5  21.5  22.0   506   506   506   506   506   506   506   506   506   506   506   506 
2013  21.8  21.8  22.3  23.2  22.6  22.3  22.4  22.1  21.6  21.6  21.7  21.9   506   506   506   506   506   506   506   506   506   506   506   506 
