Number= 787620
Name= JUAN SANTAMARIA
Country= COSTA RICA
Lat=   10.0
Long=   84.2
Height= 920
Start year= 1956
End year= 2016
First Good year= 1956
Source ID= 10
Source file= Jones
Jones data to= 2014
Normals source= Data
Normals source start year= 1961
Normals source end year= 1990
Normals=  21.6  21.8  22.4  22.6  22.0  21.5  21.6  21.4  21.0  21.0  21.5  21.7 
Standard deviations source= Data
Standard deviations source start year= 1956
Standard deviations source end year= 1990
Standard deviations=   1.0   1.3   1.2   1.0   0.8   0.8   0.9   0.9   0.8   0.6   0.6   0.6 
Obs:
1956  21.7  23.2  24.7  24.5  22.8  22.2  21.9  22.5  21.6  22.1  22.1  22.3   506   506   506   506   506   506   506   506   506   506   506   506 
1957  22.6  23.4  23.2  23.8  23.5  23.4  22.4  22.7  22.5  22.2  22.4  22.0   506   506   506   506   506   506   506   506   506   506   506   506 
1958  22.2  22.5  23.8  23.4  23.4  22.7  22.7  22.4  22.4  22.2  22.1  22.1   506   506   506   506   506   506   506   506   506   506   506   506 
1959  21.0  22.5  23.2  22.3  22.9  21.9  23.1  22.3  22.6  21.8  21.9  22.1   506   506   506   506   506   506   506   506   506   506   506   506 
1960  22.3  22.4  22.7  23.8  22.8  22.5  22.6  22.6  22.3  21.6  22.1  21.9   506   506   506   506   506   506   506   506   506   506   506   506 
1961  21.5  21.7  22.2  22.4  21.9  21.3  20.8  21.6  19.8  20.5  20.5  21.2   506   506   506   506   506   506   506   506   506   506   506   506 
1962  21.3  21.4  22.0  22.0  21.2  20.6  20.1  21.0  20.8  19.8  20.6  21.2   506   506   506   506   506   506   506   506   506   506   506   506 
1963  21.2  21.9  22.9  22.1  22.1  22.0  22.2  22.3  21.2  21.6  20.8  22.2   506   506   506   506   506   506   506   506   506   506   506   506 
1964  21.7  22.6  23.0  22.4  22.4  20.8  20.8  20.9  20.5  20.4  21.6  21.5   506   506   506   506   506   506   506   506   506   506   506   506 
1965  21.4  21.9  21.4  22.7  22.8  22.6  22.8  21.3  21.3  21.9  22.1  21.6   506   506   506   506   506   506   506   506   506   506   506   506 
1966  22.7  23.6  23.1  23.4  21.8  21.9  22.0  22.4  21.6  20.5  21.7  21.9   506   506   506   506   506   506   506   506   506   506   506   506 
1967  22.4  22.4  22.5  23.1  23.2  21.5  21.8  21.8  20.8  21.8  22.1  22.4   506   506   506   506   506   506   506   506   506   506   506   506 
1968  22.5  21.8  22.7  23.0  21.4  21.3  22.1  22.1  21.3  21.4  21.4  22.0   506   506   506   506   506   506   506   506   506   506   506   506 
1969  21.1  22.4  23.8  23.5  23.0  21.7  22.5  21.2  21.6  20.5  21.1  22.2   506   506   506   506   506   506   506   506   506   506   506   506 
1970  22.1  21.9  22.6  22.6  21.6  21.6  20.9  20.8  20.6  20.4  21.0  21.5   506   506   506   506   506   506   506   506   506   506   506   506 
1971  21.8  21.5  21.9  22.4  21.7  21.1  21.3  20.5  20.3  20.4  20.9  21.6   506   506   506   506   506   506   506   506   506   506   506   506 
1972  21.2  21.9  22.3  22.6  21.9  21.6  22.9  21.6  21.6  21.3  21.6  22.5   506   506   506   506   506   506   506   506   506   506   506   506 
1973  22.0  22.3  23.6  23.4  22.3  21.0  21.4  21.0  20.5  20.6  21.4  20.7   506   506   506   506   506   506   506   506   506   506   506   506 
1974  21.4  21.3  22.0  22.5  21.5  21.2  21.4 -99.0  20.5  20.8  21.5  21.3   506   506   506   506   506   506   506   -99   506   506   506   506 
1975  21.8  18.4  19.7  19.5  20.4  19.7  18.9  19.1  19.4  20.8  20.9  21.1   506   506   506   506   506   506   506   506   506   506   506   506 
1976  18.0  17.8  18.6  20.1  20.4  20.1  20.3  19.9  20.1  20.1  21.9  19.5   506   506   506   506   506   506   506   506   506   506   506   506 
1977  18.7  18.7  19.7  20.3  20.7  20.3  20.0  20.0  20.1  19.8  20.0  22.5   506   506   506   506   506   506   506   506   506   506   506   506 
1978  20.4  22.4  22.8  22.7  22.2  21.5  21.4  20.8  20.8  20.9  21.9  21.7   506   506   506   506   506   506   506   506   506   506   506   506 
1979  21.8  22.5  23.0  22.6  22.1  21.5  21.9  21.4  20.8  21.4  21.6  21.9   506   506   506   506   506   506   506   506   506   506   506   506 
1980  22.3  22.1  23.2  23.3  22.7  22.4  22.3  21.7  21.5  21.9  21.3  21.6   506   506   506   506   506   506   506   506   506   506   506   506 
1981  21.5  22.6  23.0  23.0  22.1  21.4  21.9  21.4  21.4  21.3  21.6  22.2   506   506   506   506   506   506   506   506   506   506   506   506 
1982  22.2  22.8  22.9  23.0  21.8  22.0  22.5  23.2  21.8  21.4  22.3  22.6   506   506   506   506   506   506   506   506   506   506   506   506 
1983  22.8  23.4  23.9  24.1  23.6  22.6  22.9  22.6  21.6  21.2  21.7  21.7   506   506   506   506   506   506   506   506   506   506   506   506 
1984  21.5  22.3  23.0  22.6  21.9  21.9  21.3  21.5  20.8  21.2  21.2  21.5   506   506   506   506   506   506   506   506   506   506   506   506 
1985  21.8  22.3  22.7  22.8  22.2  21.9  21.4  21.4  21.0  20.9  21.2  21.7   506   506   506   506   506   506   506   506   506   506   506   506 
1986  21.8  21.8  22.5  23.3  22.4  21.8  22.8  22.4  21.8  21.2  22.2  22.3   506   506   506   506   506   506   506   506   506   506   506   506 
1987  22.0  22.7  23.5  23.5  22.7  22.6  22.3  22.5  22.2  21.9  22.9  22.4   506   506   506   506   506   506   506   506   506   506   506   506 
1988  22.6  22.8  22.9  23.2  22.4  21.4  21.9  21.2  21.3  21.0  21.6  21.5   506   506   506   506   506   506   506   506   506   506   506   506 
1989  22.1  21.2  21.7  23.0  22.1  21.6  21.8  21.4  20.9  21.4  21.8  21.6   506   506   506   506   506   506   506   506   506   506   506   506 
1990  22.5  21.9  22.8  23.5  22.9  22.5  21.9  22.2  21.9  21.3  21.9  22.3   506   506   506   506   506   506   506   506   506   506   506   506 
1991  23.2  23.5  24.4  24.2  23.7  22.3  23.9  23.5  23.4  22.8  23.1  23.0   506   506   506   506   506   506   506   506   506   506   506   506 
1992  23.1  23.5  24.5  23.8  24.4  23.6  23.2  22.1  22.5  22.8  22.7  23.2   506   506   506   506   506   506   506   506   506   506   506   506 
1993  22.9  23.2  23.6  24.2  23.4  23.4  23.8  23.6  22.5  23.0  23.2  22.6   506   506   506   506   506   506   506   506   506   506   506   506 
1994  22.7  23.5  24.1  24.4  23.7  23.4  23.8  23.3  23.5  22.9  22.5  23.4   506   506   506   506   506   506   506   506   506   506   506   506 
1995  23.2  23.7  24.0  24.2  23.2  22.9  23.3  22.5  22.9  22.2  23.3  23.1   506   506   506   506   506   506   506   506   506   506   506   506 
1996  22.4  23.5  23.7  23.3  21.9  21.7  22.3  22.2  21.4  21.1  21.3  22.6   506   506   506   506   506   506   506   506   506   506   506   506 
1997  22.1  23.0  23.1  23.4  23.4  22.2  23.8  23.9  22.3  22.6  22.0  23.0   506   506   506   506   506   506   506   506   506   506   506   506 
1998  23.7  24.3  24.6  24.9  24.7  23.2  22.1  22.3  21.6  21.5  21.7  21.6   506   506   506   506   506   506   506   506   506   506   506   506 
1999  22.1  22.1  22.6  22.8  21.9  21.6  21.9  21.5  20.7  20.9  21.2  21.3   506   506   506   506   506   506   506   506   506   506   506   506 
2000  21.6  22.0  22.6  23.2  22.3  21.9  22.2  22.4  21.3  22.0  22.1  22.1   506   506   506   506   506   506   506   506   506   506   506   506 
2001  21.9  22.5  22.9  23.6  23.4  23.1  22.7  23.2  22.1  22.5  22.3  22.9   506   506   506   506   506   506   506   506   506   506   506   506 
2002  23.1  23.4  24.1  24.1  23.0  23.1  23.3  21.4  22.3  22.3  22.8  23.1   506   506   506   506   506   506   506   506   506   506   506   506 
2003  23.4  23.7  23.7  24.1  23.0  22.3  23.0  22.6  22.2  22.1  22.3  22.4   506   506   506   506   506   506   506   506   506   506   506   506 
2004  22.7  23.3  23.9  24.3  23.1  23.4  22.5  22.6  21.4  21.7  21.9  22.5   506   506   506   506   506   506   506   506   506   506   506   506 
2005  22.2  22.4  23.5  23.8  22.8  22.1  22.5  22.2  22.0  20.8  21.4  21.9   506   506   506   506   506   506   506   506   506   506   506   506 
2006  22.4  22.4  23.0  23.3  22.8  22.7  22.7  22.9  22.2  22.4  21.5  22.7   506   506   506   506   506   506   506   506   506   506   506   506 
2007  23.0  23.3  23.8  23.5  22.3  22.4  22.4  21.7  21.7  21.0  21.8  22.1   506   506   506   506   506   506   506   506   506   506   506   506 
2008  22.5  22.3  22.8  22.8  22.1  22.1  21.7  21.6  21.6  21.4  21.6  22.1   506   506   506   506   506   506   506   506   506   506   506   506 
2009  22.4  22.6  22.8  23.9  22.6  22.4  23.1  22.7  23.0  22.1  22.2  23.0   506   506   506   506   506   506   506   506   506   506   506   506 
2010  23.0  24.0  24.3  23.9  23.3  22.2  21.8  21.8  21.2  21.9  21.2  21.0   506   506   506   506   506   506   506   506   506   506   506   506 
2011  22.4  23.0  22.9  23.3  23.1  22.5  22.2  22.1  22.0  20.6  21.4  21.9   506   506   506   506   506   506   506   506   506   506   506   506 
2012  22.1  22.6  23.0  22.6  22.5  22.4  23.0  22.0  22.0  21.7  22.0  22.6   506   506   506   506   506   506   506   506   506   506   506   506 
2013  23.1  22.9  23.4  23.7  22.6  22.3  22.5  22.1  21.7  21.7  22.0  22.6   506   506   506   506   506   506   506   506   506   506   506   506 
2014  22.6  23.0  23.5  23.9  23.0  23.2  23.8  22.6  21.6  21.5  21.9  22.2   506   506   506   506   506   506   506   506   506   506   506   506 
2015 -99.0 -99.0 -99.0 -99.0 -99.0 -99.0 -99.0 -99.0 -99.0 -99.0 -99.0 -99.0   -99   -99   -99   -99   -99   -99   -99   -99   -99   -99   -99   -99 
2016 -99.0 -99.0 -99.0 -99.0 -99.0 -99.0 -99.0 -99.0 -99.0 -99.0  21.4 -99.0   -99   -99   -99   -99   -99   -99   -99   -99   -99   -99   902   -99 
