Number= 160210
Name= Passo Rolle
Country= ITALY
Lat=   46.3
Long=  -11.8
Height= 2000
Start year= 1895
End year= 2007
First Good year= 1895
Source ID= 49
Source file= Jones
Jones data to= 2007
Normals source= Data
Normals source start year= 1961
Normals source end year= 1990
Normals=  -5.3  -5.1  -3.1  -0.1   4.3   7.8  10.3  10.4   8.3   4.8  -0.8  -2.9 
Standard deviations source= Data
Standard deviations source start year= 1941
Standard deviations source end year= 1990
Standard deviations=   2.2   2.4   2.0   1.6   1.5   1.2   1.4   1.2   1.5   1.7   1.4   1.8 
Obs:
1895  -8.0  -9.5  -4.5   1.6   2.5   8.7  10.6  10.3  10.2   3.6   2.0  -3.0   506   506   506   506   506   506   506   506   506   506   506   506 
1896  -4.4  -2.4  -1.4  -2.5   2.2   7.1  10.5   7.0   6.5   2.1  -2.8  -4.4   506   506   506   506   506   506   506   506   506   506   506   506 
1897  -6.1  -2.2  -1.9  -0.3   1.8   9.3  10.6  10.0   7.1   3.1   0.8  -3.4   506   506   506   506   506   506   506   506   506   506   506   506 
1898  -0.6  -4.3  -2.7   0.5   2.7   7.2   8.9  11.2   9.8   4.9   1.2  -3.2   506   506   506   506   506   506   506   506   506   506   506   506 
1899  -2.9  -2.6  -3.8   0.3   3.3   6.3   9.8  10.1   9.2   5.3   0.6  -4.0   506   506   506   506   506   506   506   506   506   506   506   506 
1900  -4.1  -3.6  -4.9  -1.6   4.1   8.0  10.8   8.4   8.7   4.0  -1.1  -2.0   506   506   506   506   506   506   506   506   506   506   506   506 
1901  -6.4 -10.8  -4.3   0.4   4.0   8.1   9.7   9.7   7.9   3.2  -1.4  -3.0   506   506   506   506   506   506   506   506   506   506   506   506 
1902  -3.9  -4.1  -3.8   1.3   1.1   5.9  10.6   9.0   7.5   2.3  -1.5  -4.3   506   506   506   506   506   506   506   506   506   506   506   506 
1903  -5.4  -2.2  -1.5  -2.3   4.5   7.2   9.5  10.4   7.7   3.2  -1.4  -4.9   506   506   506   506   506   506   506   506   506   506   506   506 
1904  -5.7  -5.6  -3.2   0.5   5.3   8.6  11.4   9.8   4.2   3.0  -1.8  -3.1   506   506   506   506   506   506   506   506   506   506   506   506 
1905  -8.1  -5.2  -2.6  -0.7   2.7   7.4  12.6   9.6   7.9  -2.3  -2.6  -2.8   506   506   506   506   506   506   506   506   506   506   506   506 
1906  -5.8  -6.9  -3.3  -1.2   3.5   7.4  10.0  11.1   5.9   4.0   0.6  -7.5   506   506   506   506   506   506   506   506   506   506   506   506 
1907  -6.0  -6.9  -4.6  -1.9   4.6   8.2   8.2  10.6   7.9   4.2  -1.1  -2.9   506   506   506   506   506   506   506   506   506   506   506   506 
1908  -3.9  -5.3  -4.5  -2.7   6.3   8.8   9.0   8.7   5.9   4.7  -1.6  -3.3   506   506   506   506   506   506   506   506   506   506   506   506 
1909  -6.3  -8.8  -5.6   1.5   3.2   5.5   8.1   9.7   5.7   4.0  -2.9  -2.4   506   506   506   506   506   506   506   506   506   506   506   506 
1910  -5.0  -5.5  -3.2  -0.8   2.0   7.2   7.6   9.0   5.1   3.7  -4.9  -1.9   506   506   506   506   506   506   506   506   506   506   506   506 
1911  -5.6  -5.8  -4.1  -0.6   3.5   6.6  11.4  11.6   8.9   3.1  -0.2  -2.9   506   506   506   506   506   506   506   506   506   506   506   506 
1912  -4.7  -2.0  -0.8  -1.6   5.3   8.5   9.7   7.9   2.5   2.2  -4.7  -0.5   506   506   506   506   506   506   506   506   506   506   506   506 
1913  -5.3  -6.5  -1.4  -0.8   4.1   7.4   6.4   8.0   5.9   4.4  -0.3  -3.4   506   506   506   506   506   506   506   506   506   506   506   506 
1914  -7.2  -2.7  -2.4   2.0   2.7   5.6   7.9   8.6   6.2   2.5  -1.1  -2.2   506   506   506   506   506   506   506   506   506   506   506   506 
1915  -5.7  -6.7  -2.8  -0.3   5.8   8.5   9.6   9.2   5.8   2.3  -3.4  -0.7   506   506   506   506   506   506   506   506   506   506   506   506 
1916  -2.6  -4.0  -1.6   0.7   4.8   6.1   9.2   9.4   5.1   3.2  -1.4  -2.0   506   506   506   506   506   506   506   506   506   506   506   506 
1917  -5.5  -6.9  -5.4  -2.7   6.1   9.2  10.1   9.9   8.4   2.4  -2.0  -5.4   506   506   506   506   506   506   506   506   506   506   506   506 
1918  -4.6  -4.5  -3.1   1.1   4.7   5.4   9.4   9.0   7.9   3.0  -1.7  -1.6   506   506   506   506   506   506   506   506   506   506   506   506 
1919  -4.1  -6.3  -2.3  -1.8   2.4   6.7   6.5  10.4   7.9   1.7  -2.9  -3.6   506   506   506   506   506   506   506   506   506   506   506   506 
1920  -3.4  -3.8  -1.1   1.1   7.4   6.9  10.1   8.4   7.2   4.5  -2.4  -1.4   506   506   506   506   506   506   506   506   506   506   506   506 
1921  -1.8  -5.2  -2.1  -1.0   4.9   7.2  11.7  10.9   7.7   6.2  -2.3  -3.1   506   506   506   506   506   506   506   506   506   506   506   506 
1922  -6.3  -4.6  -1.4  -1.5   4.7   7.5   9.1  10.1   5.4   2.3  -2.9  -2.9   506   506   506   506   506   506   506   506   506   506   506   506 
1923  -6.0  -3.7  -1.7   0.6   4.5   5.4  11.6  10.5   6.1   4.6  -1.1  -4.6   506   506   506   506   506   506   506   506   506   506   506   506 
1924  -6.3  -7.3  -2.7   0.9   6.4   7.6  10.2   7.4   6.9   3.5  -0.9  -0.7   506   506   506   506   506   506   506   506   506   506   506   506 
1925  -3.7  -5.4  -5.5  -1.4   3.2   7.2   9.5   9.3   4.0   3.6  -0.8  -4.8   506   506   506   506   506   506   506   506   506   506   506   506 
1926  -6.5  -1.0  -3.3   1.9   5.6   5.3   9.6  10.4   9.8   4.0   1.2  -3.0   506   506   506   506   506   506   506   506   506   506   506   506 
1927  -4.4  -4.5  -1.6   0.2   5.5   8.7  10.2  11.0   7.3   4.5   0.3  -2.6   506   506   506   506   506   506   506   506   506   506   506   506 
1928  -4.4  -3.8  -0.9   0.7   3.1   8.1  13.1  12.9   7.3   3.3   0.4  -3.8   506   506   506   506   506   506   506   506   506   506   506   506 
1929  -9.3  -9.8  -1.8  -2.7   9.2   8.7  12.0  10.8   9.7   5.5  -1.2  -2.6   506   506   506   506   506   506   506   506   506   506   506   506 
1930  -2.3  -6.1  -1.0   1.5   4.0   9.3   9.0  10.3   7.4   3.5   1.4  -2.3   506   506   506   506   506   506   506   506   506   506   506   506 
1931  -5.9  -6.6  -4.0  -0.3   4.9   9.9  10.3   9.4   3.5   3.2  -0.6  -4.3   506   506   506   506   506   506   506   506   506   506   506   506 
1932  -3.5  -9.1  -5.2  -1.6   3.5   5.4   8.7  12.1   9.7   2.2  -0.7  -1.4   506   506   506   506   506   506   506   506   506   506   506   506 
1933  -6.7  -5.1  -3.2   0.5   3.2   5.2  10.8  11.6   8.4   4.2  -2.3  -4.5   506   506   506   506   506   506   506   506   506   506   506   506 
1934  -4.8  -3.5  -3.9   1.1   5.9   7.6  11.8   9.1   8.3   4.0  -1.2  -0.5   506   506   506   506   506   506   506   506   506   506   506   506 
1935  -8.9  -6.4  -6.0  -1.6   2.0   8.2   9.8   9.4   7.0   2.3  -2.1  -5.9   506   506   506   506   506   506   506   506   506   506   506   506 
1936  -2.9  -3.5  -2.8  -0.2   3.9   7.1  10.1  10.3   7.6  -0.3  -2.1  -3.2   506   506   506   506   506   506   506   506   506   506   506   506 
1937  -4.0  -3.4  -3.1  -0.1   5.3   9.9  10.4   9.2   7.8   3.4  -1.9  -5.4   506   506   506   506   506   506   506   506   506   506   506   506 
1938  -6.5  -5.1  -0.3  -3.0   1.7   7.1   9.3   9.3   6.9   3.5   0.8  -6.1   506   506   506   506   506   506   506   506   506   506   506   506 
1939  -4.2  -1.8  -5.3   1.4   1.0   8.4  10.1  10.2   6.8   1.2  -0.2  -5.5   506   506   506   506   506   506   506   506   506   506   506   506 
1940  -7.7  -4.7  -2.4  -0.6   3.3   7.1   8.6  10.2   7.8   3.4  -1.3  -7.6   506   506   506   506   506   506   506   506   506   506   506   506 
1941  -6.4  -4.9  -3.5  -1.9   1.2   8.4  10.3   9.3   6.7   1.7  -3.4  -4.1   506   506   506   506   506   506   506   506   506   506   506   506 
1942  -9.1  -7.6  -0.8  -0.6   4.4   9.5  11.1  11.2   9.8   5.4  -1.7  -2.1   506   506   506   506   506   506   506   506   506   506   506   506 
1943  -6.5  -3.6  -1.9   2.0   5.3   8.3  10.1  12.7   8.6   4.1  -4.3  -2.5   506   506   506   506   506   506   506   506   506   506   506   506 
1944  -3.2  -8.1  -6.5   1.9   5.4   6.9  12.3  11.9   7.6   2.5  -1.9  -5.4   506   506   506   506   506   506   506   506   506   506   506   506 
1945 -10.4  -3.7  -0.2   2.1   7.3  10.3  11.3  10.2   7.7   3.5  -1.5  -3.5   506   506   506   506   506   506   506   506   506   506   506   506 
1946  -6.7  -6.2  -1.8   2.3   5.6   8.3  11.9  11.2   9.0   2.1  -1.5  -6.3   506   506   506   506   506   506   506   506   506   506   506   506 
1947  -9.2  -3.9  -0.9   4.0   7.6   9.9  11.8  12.5  10.4   4.4  -0.1  -5.8   506   506   506   506   506   506   506   506   506   506   506   506 
1948  -3.6  -6.8  -1.2   0.5   5.5   7.0   7.9  10.3   8.7   4.2   1.0  -3.3   506   506   506   506   506   506   506   506   506   506   506   506 
1949  -4.8  -3.5  -5.8   2.7   3.6   8.4  10.9   9.7   9.2   5.2  -1.6  -1.1   506   506   506   506   506   506   506   506   506   506   506   506 
1950  -6.4  -2.2  -1.3  -0.4   6.3  10.3  13.7  10.4   7.6   4.7  -1.8  -5.1   506   506   506   506   506   506   506   506   506   506   506   506 
1951  -5.6  -7.4  -5.8  -1.3   3.4   7.2  10.7  11.4   9.0   2.5   0.1  -0.6   506   506   506   506   506   506   506   506   506   506   506   506 
1952  -6.9  -7.3  -2.9   3.5   4.9  11.0  13.0  11.3   6.0   2.6  -3.2  -4.5   506   506   506   506   506   506   506   506   506   506   506   506 
1953  -6.1  -4.1  -2.2   1.4   5.5   7.1  11.6  11.4   9.0   4.9  -0.9   0.5   506   506   506   506   506   506   506   506   506   506   506   506 
1954  -7.8  -6.3  -3.0  -1.0   2.7   8.4   7.9   8.6   9.0   4.4  -0.2  -0.5   506   506   506   506   506   506   506   506   506   506   506   506 
1955  -3.0  -6.3  -3.6  -0.3   3.2   7.2  10.2   9.0   7.3   2.9  -0.7   0.2   506   506   506   506   506   506   506   506   506   506   506   506 
1956  -4.2 -11.9  -4.7  -2.0   4.9   5.5   9.7   9.9   9.4   4.5  -2.5  -2.0   506   506   506   506   506   506   506   506   506   506   506   506 
1957  -3.8  -2.9   0.9  -0.2   2.6   8.5  10.2   8.9   7.5   5.8   1.1  -2.1   506   506   506   506   506   506   506   506   506   506   506   506 
1958  -5.1  -2.2  -6.8  -2.3   7.8   7.1  10.4  11.3   8.6   4.6   0.6  -2.5   506   506   506   506   506   506   506   506   506   506   506   506 
1959  -6.5  -0.6  -0.2   0.9   4.4   8.0  11.5   9.6   8.5   3.7  -1.2  -3.3   506   506   506   506   506   506   506   506   506   506   506   506 
1960  -6.2  -3.7  -2.3   0.8   5.4   8.5   8.3   9.6   5.8   2.3  -1.0  -3.2   506   506   506   506   506   506   506   506   506   506   506   506 
1961  -6.3  -3.1  -1.0   3.2   3.2   9.3   9.3  11.0  11.4   4.7  -1.4  -2.3   506   506   506   506   506   506   506   506   506   506   506   506 
1962  -4.5  -6.2  -6.3  -0.1   3.3   6.9   9.3  12.4   7.6   5.0  -2.6  -5.3   506   506   506   506   506   506   506   506   506   506   506   506 
1963  -9.9  -7.9  -3.7   0.6   4.4   7.5  10.7   9.2   8.2   4.7   0.9  -3.5   506   506   506   506   506   506   506   506   506   506   506   506 
1964  -3.8  -3.8  -2.9   1.1   6.3   9.3  10.8   9.9   9.1   1.9   0.9  -2.8   506   506   506   506   506   506   506   506   506   506   506   506 
1965  -5.7  -9.1  -3.5  -1.3   2.9   8.2   9.0   9.0   5.3   5.9  -2.3  -4.4   506   506   506   506   506   506   506   506   506   506   506   506 
1966  -7.6  -1.1  -4.3   2.1   4.6   8.6   7.8   8.8   9.5   5.3  -3.3  -4.1   506   506   506   506   506   506   506   506   506   506   506   506 
1967  -5.4  -4.2  -1.5  -1.4   4.8   7.3  11.4  10.1   8.5   7.2   1.6  -3.9   506   506   506   506   506   506   506   506   506   506   506   506 
1968  -7.1  -4.5  -3.2   1.3   4.5   6.8   9.3   8.2   7.0   6.7  -0.2  -4.8   506   506   506   506   506   506   506   506   506   506   506   506 
1969  -4.7  -7.8  -3.4  -0.7   6.0   6.3  10.3   8.8   8.3   7.5  -1.4  -6.0   506   506   506   506   506   506   506   506   506   506   506   506 
1970  -4.6  -7.3  -5.6  -1.7   2.2   9.1   8.8   9.6   9.4   4.7   1.2  -3.2   506   506   506   506   506   506   506   506   506   506   506   506 
1971  -5.5  -5.2  -6.7   1.7   5.6   6.6  11.1  12.4   7.0   6.8  -1.1   1.1   506   506   506   506   506   506   506   506   506   506   506   506 
1972  -5.4  -3.5  -1.3   0.2   3.4   7.2   9.8   9.6   4.3   2.7  -0.3  -1.4   506   506   506   506   506   506   506   506   506   506   506   506 
1973  -3.3  -6.1  -3.3  -2.4   5.7   9.1   9.3  11.6   9.6   5.1  -0.7  -3.1   506   506   506   506   506   506   506   506   506   506   506   506 
1974  -2.0  -4.0  -1.2  -0.7   3.5   6.4  10.5  12.5   7.7  -2.3  -1.9  -2.2   506   506   506   506   506   506   506   506   506   506   506   506 
1975  -2.0  -3.3  -3.7   0.2   4.7   6.5  10.3  10.0   9.6   3.8  -2.1  -0.4   506   506   506   506   506   506   506   506   506   506   506   506 
1976  -4.1  -2.3  -3.8   0.8   5.6   9.6  10.8   8.1   5.6   4.8  -1.5  -4.7   506   506   506   506   506   506   506   506   506   506   506   506 
1977  -4.6  -4.0  -0.4  -1.4   3.9   7.9   9.9   9.0   7.1   5.5  -1.6  -1.5   506   506   506   506   506   506   506   506   506   506   506   506 
1978  -4.6  -5.6  -2.5  -0.9   2.3   7.0   8.9   9.5   8.1   5.0   1.4  -1.8   506   506   506   506   506   506   506   506   506   506   506   506 
1979  -8.1  -5.4  -2.5  -1.9   3.7   9.2   9.5   9.2   7.9   4.2  -1.7  -2.1   506   506   506   506   506   506   506   506   506   506   506   506 
1980  -8.1  -4.8  -3.6  -2.7   2.1   6.4   8.4  11.3   9.7   2.7  -1.6  -4.1   506   506   506   506   506   506   506   506   506   506   506   506 
1981  -8.0  -7.6  -1.1   2.0   4.9   8.7   9.1  11.3   8.1   3.7  -1.6  -5.6   506   506   506   506   506   506   506   506   506   506   506   506 
1982  -3.6  -4.8  -4.2  -0.2   5.4   9.8  12.3  10.9  10.0   3.3   0.6  -2.6   506   506   506   506   506   506   506   506   506   506   506   506 
1983  -1.2  -7.2  -1.0   0.1   3.8   8.6  14.4  10.7   9.3   5.2   0.5  -2.0   506   506   506   506   506   506   506   506   506   506   506   506 
1984  -6.8  -7.4  -5.3  -1.6   1.6   7.4  10.4   9.5   6.2   4.2   1.4  -1.9   506   506   506   506   506   506   506   506   506   506   506   506 
1985  -8.8  -5.6  -4.9  -1.0   4.2   6.9  12.2  11.0  11.1   6.2  -3.3  -0.4   506   506   506   506   506   506   506   506   506   506   506   506 
1986  -7.5  -9.0  -2.9  -0.7   7.2   7.9  10.4  11.4   9.2   6.1   0.4  -3.9   506   506   506   506   506   506   506   506   506   506   506   506 
1987  -6.6  -3.8  -6.9   0.7   2.5   7.6  11.8  11.2  11.5   4.7   0.1  -0.9   506   506   506   506   506   506   506   506   506   506   506   506 
1988  -3.6  -5.8  -4.1   1.8   6.1   8.0  12.2  12.3   8.1   6.1  -0.8  -2.5   506   506   506   506   506   506   506   506   506   506   506   506 
1989  -1.6  -0.9   0.3  -0.4   4.2   6.3  11.0  11.2   7.6   5.7  -1.1  -0.6   506   506   506   506   506   506   506   506   506   506   506   506 
1990  -3.2  -1.1   0.1  -1.0   5.3   7.8  10.8  11.1   6.8   5.7  -2.0  -4.8   506   506   506   506   506   506   506   506   506   506   506   506 
1991  -4.5  -6.5   0.5  -1.3   2.0   7.8  11.6  12.3   9.3   2.7  -0.5  -3.1   506   506   506   506   506   506   506   506   506   506   506   506 
1992  -0.6  -2.2  -1.4   0.7   6.3   7.5  10.7  13.5   8.2   2.7   1.9  -2.5   506   506   506   506   506   506   506   506   506   506   506   506 
1993  -1.4  -2.7  -3.0   1.5   6.2   8.9   9.7  11.5   5.7   3.5  -2.3  -3.2   506   506   506   506   506   506   506   506   506   506   506   506 
1994  -3.0  -4.8   2.3  -0.1   5.4   9.1  12.9  13.0   7.8   4.0   3.0  -0.4   506   506   506   506   506   506   506   506   506   506   506   506 
1995  -6.1  -1.8  -4.0   1.3   4.9   6.5  13.0  10.1   5.3   8.0  -1.7  -4.1   506   506   506   506   506   506   506   506   506   506   506   506 
1996  -3.0  -5.9  -4.0   1.5   5.2   9.5   9.8   9.6   4.6   3.6  -0.8  -3.8   506   506   506   506   506   506   506   506   506   506   506   506 
1997  -1.3  -1.5   1.2   0.0   5.5   8.0   9.8  11.1  10.5   4.7  -0.2  -3.2   506   506   506   506   506   506   506   506   506   506   506   506 
1998  -2.7   1.8  -2.3  -0.1   5.5   9.6  11.4  12.3   6.8   3.0  -2.5  -2.6   506   506   506   506   506   506   506   506   506   506   506   506 
1999  -3.0  -5.7  -0.9   1.7   7.0   8.0  10.8  11.0   9.9   4.7  -2.3  -4.6   506   506   506   506   506   506   506   506   506   506   506   506 
2000  -4.4  -2.2  -1.0   2.2   7.0  10.5   9.3  12.4   8.5   4.2  -1.2  -1.6   506   506   506   506   506   506   506   506   506   506   506   506 
2001  -4.8  -3.3   0.1  -0.5   7.7   8.0  11.2  12.8   4.7   7.8  -0.1  -5.5   506   506   506   506   506   506   506   506   506   506   506   506 
2002  -3.0  -2.4   0.1   0.6   5.4  11.2  11.7  10.6   6.8   4.3   0.2  -0.5   506   506   506   506   506   506   506   506   506   506   506   506 
2003  -6.0  -8.0  -0.4  -0.2   8.6  14.5  12.2  15.4   8.3   1.5   1.2  -1.8   506   506   506   506   506   506   506   506   506   506   506   506 
2004  -7.0  -3.8  -3.8   1.1   4.2   9.8  11.6  11.1   8.4   5.2   0.3  -1.7   506   506   506   506   506   506   506   506   506   506   506   506 
2005 -99.0 -99.0 -99.0 -99.0 -99.0 -99.0 -99.0 -99.0 -99.0 -99.0 -99.0 -99.0   -99   -99   -99   -99   -99   -99   -99   -99   -99   -99   -99   -99 
2006 -99.0 -99.0 -99.0 -99.0 -99.0 -99.0 -99.0 -99.0 -99.0 -99.0 -99.0 -99.0   -99   -99   -99   -99   -99   -99   -99   -99   -99   -99   -99   -99 
2007 -99.0 -99.0 -99.0 -99.0 -99.0 -99.0 -99.0 -99.0 -99.0 -99.0 -99.0 -99.0   -99   -99   -99   -99   -99   -99   -99   -99   -99   -99   -99   -99 
