Number= 162800
Name= PONZA
Country= ITALY
Lat=   40.9
Long=  -13.0
Height= -999
Start year= 1961
End year= 2020
First Good year= 1961
Source ID= 10
Source file= Jones
Jones data to= 2016
Normals source= WMO
Normals source start year= 1961
Normals source end year= 1990
Normals=  10.0  10.1  11.1  13.3  17.1  20.9  24.1  24.3  21.7  18.1  14.2  11.3 
Standard deviations source= Data
Standard deviations source start year= 1961
Standard deviations source end year= 1990
Obs:
1961   9.8  11.0  11.7  14.7  16.4  20.8  23.5  23.7  22.9  18.1  14.3  11.0   506   506   506   506   506   506   506   506   506   506   506   506 
1962  10.8   9.7   9.2  13.7  15.9  19.8  23.2  24.5  21.9  17.8  13.1   9.6   506   506   506   506   506   506   506   506   506   506   506   506 
1963   7.8   8.3  10.0  13.3  16.8  21.0  24.6  23.7  21.3  17.3  15.9  12.2   506   506   506   506   506   506   506   506   506   506   506   506 
1964   9.6   9.9  11.5  13.5  17.7  21.7  24.4  23.7  20.9  17.0  14.6  11.2   506   506   506   506   506   506   506   506   506   506   506   506 
1965  10.2   7.0  10.8  12.1  15.6  20.3  23.2  23.0  19.9  18.4  15.0  11.9   506   506   506   506   506   506   506   506   506   506   506   506 
1966   9.1  11.7  10.6  13.6  16.9  21.5  22.8  23.1  21.3  19.1  12.7  10.8   506   506   506   506   506   506   506   506   506   506   506   506 
1967   9.6   9.7  11.5  12.5  16.2  19.6  24.6  24.0  21.1  18.9  15.3  11.8   506   506   506   506   506   506   506   506   506   506   506   506 
1968   8.5  10.7  10.6  13.8  17.2  20.6  23.6  21.9  20.5  17.7  14.5  11.0   506   506   506   506   506   506   506   506   506   506   506   506 
1969  10.0   9.3  10.8  13.0  17.8  19.0  22.4  23.3  21.2  18.4  15.5   9.5   506   506   506   506   506   506   506   506   506   506   506   506 
1970  11.1   9.7  10.2  12.5  15.0  20.8  22.5  23.4  21.8  17.2  14.7  11.4   506   506   506   506   506   506   506   506   506   506   506   506 
1971 -99.0 -99.0 -99.0 -99.0 -99.0 -99.0 -99.0 -99.0 -99.0 -99.0 -99.0 -99.0   -99   -99   -99   -99   -99   -99   -99   -99   -99   -99   -99   -99 
1972 -99.0 -99.0 -99.0 -99.0 -99.0 -99.0 -99.0 -99.0 -99.0 -99.0 -99.0 -99.0   -99   -99   -99   -99   -99   -99   -99   -99   -99   -99   -99   -99 
1973 -99.0 -99.0 -99.0 -99.0 -99.0 -99.0 -99.0 -99.0 -99.0 -99.0 -99.0 -99.0   -99   -99   -99   -99   -99   -99   -99   -99   -99   -99   -99   -99 
1974 -99.0 -99.0 -99.0 -99.0 -99.0 -99.0 -99.0 -99.0 -99.0 -99.0 -99.0 -99.0   -99   -99   -99   -99   -99   -99   -99   -99   -99   -99   -99   -99 
1975 -99.0 -99.0 -99.0 -99.0 -99.0 -99.0 -99.0 -99.0 -99.0 -99.0 -99.0 -99.0   -99   -99   -99   -99   -99   -99   -99   -99   -99   -99   -99   -99 
1976 -99.0 -99.0 -99.0 -99.0 -99.0 -99.0 -99.0 -99.0 -99.0 -99.0 -99.0 -99.0   -99   -99   -99   -99   -99   -99   -99   -99   -99   -99   -99   -99 
1977 -99.0 -99.0 -99.0 -99.0 -99.0 -99.0 -99.0 -99.0 -99.0 -99.0 -99.0 -99.0   -99   -99   -99   -99   -99   -99   -99   -99   -99   -99   -99   -99 
1978 -99.0 -99.0 -99.0 -99.0 -99.0 -99.0 -99.0 -99.0 -99.0 -99.0 -99.0 -99.0   -99   -99   -99   -99   -99   -99   -99   -99   -99   -99   -99   -99 
1979 -99.0 -99.0 -99.0 -99.0 -99.0 -99.0 -99.0 -99.0 -99.0 -99.0 -99.0 -99.0   -99   -99   -99   -99   -99   -99   -99   -99   -99   -99   -99   -99 
1980 -99.0 -99.0 -99.0 -99.0 -99.0 -99.0 -99.0 -99.0 -99.0 -99.0 -99.0 -99.0   -99   -99   -99   -99   -99   -99   -99   -99   -99   -99   -99   -99 
1981 -99.0 -99.0 -99.0 -99.0 -99.0 -99.0 -99.0 -99.0 -99.0 -99.0 -99.0 -99.0   -99   -99   -99   -99   -99   -99   -99   -99   -99   -99   -99   -99 
1982 -99.0 -99.0 -99.0 -99.0 -99.0 -99.0 -99.0 -99.0 -99.0 -99.0 -99.0 -99.0   -99   -99   -99   -99   -99   -99   -99   -99   -99   -99   -99   -99 
1983 -99.0 -99.0 -99.0 -99.0 -99.0 -99.0 -99.0 -99.0 -99.0 -99.0 -99.0 -99.0   -99   -99   -99   -99   -99   -99   -99   -99   -99   -99   -99   -99 
1984 -99.0 -99.0 -99.0 -99.0 -99.0 -99.0 -99.0 -99.0 -99.0 -99.0 -99.0 -99.0   -99   -99   -99   -99   -99   -99   -99   -99   -99   -99   -99   -99 
1985 -99.0 -99.0 -99.0 -99.0 -99.0 -99.0 -99.0 -99.0 -99.0 -99.0 -99.0 -99.0   -99   -99   -99   -99   -99   -99   -99   -99   -99   -99   -99   -99 
1986 -99.0 -99.0 -99.0 -99.0 -99.0 -99.0 -99.0 -99.0 -99.0 -99.0 -99.0 -99.0   -99   -99   -99   -99   -99   -99   -99   -99   -99   -99   -99   -99 
1987 -99.0 -99.0 -99.0 -99.0 -99.0 -99.0 -99.0 -99.0 -99.0 -99.0 -99.0 -99.0   -99   -99   -99   -99   -99   -99   -99   -99   -99   -99   -99   -99 
1988 -99.0 -99.0 -99.0 -99.0 -99.0 -99.0 -99.0 -99.0 -99.0 -99.0 -99.0 -99.0   -99   -99   -99   -99   -99   -99   -99   -99   -99   -99   -99   -99 
1989 -99.0 -99.0 -99.0 -99.0 -99.0 -99.0 -99.0 -99.0 -99.0 -99.0 -99.0 -99.0   -99   -99   -99   -99   -99   -99   -99   -99   -99   -99   -99   -99 
1990 -99.0 -99.0 -99.0 -99.0 -99.0 -99.0 -99.0 -99.0 -99.0 -99.0 -99.0 -99.0   -99   -99   -99   -99   -99   -99   -99   -99   -99   -99   -99   -99 
1991 -99.0 -99.0 -99.0 -99.0 -99.0 -99.0 -99.0 -99.0 -99.0 -99.0 -99.0 -99.0   -99   -99   -99   -99   -99   -99   -99   -99   -99   -99   -99   -99 
1992 -99.0 -99.0 -99.0 -99.0 -99.0 -99.0 -99.0 -99.0 -99.0 -99.0 -99.0 -99.0   -99   -99   -99   -99   -99   -99   -99   -99   -99   -99   -99   -99 
1993 -99.0 -99.0 -99.0 -99.0 -99.0 -99.0 -99.0 -99.0 -99.0 -99.0 -99.0 -99.0   -99   -99   -99   -99   -99   -99   -99   -99   -99   -99   -99   -99 
1994 -99.0 -99.0 -99.0 -99.0 -99.0 -99.0 -99.0 -99.0 -99.0 -99.0 -99.0 -99.0   -99   -99   -99   -99   -99   -99   -99   -99   -99   -99   -99   -99 
1995 -99.0 -99.0 -99.0 -99.0 -99.0 -99.0 -99.0 -99.0 -99.0 -99.0 -99.0 -99.0   -99   -99   -99   -99   -99   -99   -99   -99   -99   -99   -99   -99 
1996 -99.0 -99.0 -99.0 -99.0 -99.0 -99.0 -99.0 -99.0 -99.0 -99.0 -99.0 -99.0   -99   -99   -99   -99   -99   -99   -99   -99   -99   -99   -99   -99 
1997 -99.0 -99.0 -99.0 -99.0 -99.0 -99.0 -99.0 -99.0 -99.0 -99.0 -99.0 -99.0   -99   -99   -99   -99   -99   -99   -99   -99   -99   -99   -99   -99 
1998 -99.0 -99.0 -99.0 -99.0 -99.0 -99.0 -99.0 -99.0 -99.0 -99.0 -99.0 -99.0   -99   -99   -99   -99   -99   -99   -99   -99   -99   -99   -99   -99 
1999 -99.0 -99.0 -99.0 -99.0 -99.0 -99.0 -99.0 -99.0 -99.0 -99.0 -99.0 -99.0   -99   -99   -99   -99   -99   -99   -99   -99   -99   -99   -99   -99 
2000 -99.0 -99.0 -99.0 -99.0 -99.0 -99.0 -99.0 -99.0 -99.0 -99.0 -99.0 -99.0   -99   -99   -99   -99   -99   -99   -99   -99   -99   -99   -99   -99 
2001 -99.0 -99.0 -99.0 -99.0 -99.0 -99.0 -99.0 -99.0 -99.0 -99.0 -99.0 -99.0   -99   -99   -99   -99   -99   -99   -99   -99   -99   -99   -99   -99 
2002 -99.0 -99.0 -99.0 -99.0 -99.0 -99.0 -99.0 -99.0 -99.0 -99.0 -99.0 -99.0   -99   -99   -99   -99   -99   -99   -99   -99   -99   -99   -99   -99 
2003 -99.0 -99.0 -99.0 -99.0 -99.0 -99.0 -99.0 -99.0 -99.0 -99.0 -99.0 -99.0   -99   -99   -99   -99   -99   -99   -99   -99   -99   -99   -99   -99 
2004 -99.0 -99.0 -99.0 -99.0 -99.0 -99.0 -99.0 -99.0 -99.0 -99.0 -99.0 -99.0   -99   -99   -99   -99   -99   -99   -99   -99   -99   -99   -99   -99 
2005 -99.0 -99.0 -99.0 -99.0 -99.0 -99.0 -99.0 -99.0 -99.0 -99.0 -99.0  10.4   -99   -99   -99   -99   -99   -99   -99   -99   -99   -99   -99   506 
2006 -99.0 -99.0 -99.0 -99.0 -99.0  21.4  25.8  23.9  22.0  19.5  15.7  12.6   -99   -99   -99   -99   -99   506   506   506   506   506   506   506 
2007  12.1  11.7  12.3  15.6 -99.0 -99.0 -99.0  24.7  21.4  17.8 -99.0  10.4   506   506   506   506   -99   -99   -99   506   506   506   -99   506 
2008  11.0  10.6  11.5  14.3  18.1  21.9 -99.0  25.6  22.0  18.9  15.3  11.4   506   506   506   506   506   506   -99   506   506   506   506   506 
2009 -99.0   9.0 -99.0 -99.0  19.3  21.9 -99.0  25.8  23.3  17.8  15.2  17.3   -99   506   -99   -99   506   506   -99   506   506   506   506   506 
2010   9.8 -99.0  11.4  14.2  16.9  21.3  25.5  24.8  22.0  18.2  14.9  10.6   506   -99   506   506   506   506   506   506   506   506   506   506 
2011  10.2  10.5  11.1  15.3  18.0  21.8  24.4  25.2  23.6  18.8  15.7  12.7   506   506   506   506   506   506   506   506   506   506   506   506 
2012 -99.0   7.8 -99.0  14.0  17.2 -99.0  26.0  26.7  22.7  20.1  16.5 -99.0   -99   506   -99   506   506   -99   506   506   506   506   506   -99 
2013  11.2   9.2  11.4 -99.0 -99.0  21.2  25.8 -99.0  23.4  20.0  15.3  12.4   506   506   506   -99   -99   506   506   -99   506   506   506   506 
2014  11.9  12.5  12.3 -99.0  17.2  21.8  22.7  24.0  22.3  20.4  17.3  13.0   506   506   506   -99   506   506   506   506   506   506   506   506 
2015  11.3  10.0  11.7  13.7  17.8  23.0  26.9  25.8  22.9  17.9  15.2  13.2   506   506   506   506   506   506   506   506   506   506   506   506 
2016  11.3  12.4  12.0  15.5  17.3 -99.0  23.9  24.0  21.8  18.2  15.3  12.1   506   506   506   506   506   -99   506   900   900   900   900   900 
2017   8.5 -99.0  12.9 -99.0 -99.0  23.3  25.0 -99.0 -99.0  18.5  14.0  10.7   900   -99   900   -99   -99   900   900   -99   -99   900   900   900 
2018 -99.0 -99.0  11.6 -99.0  18.3  23.0  25.7  26.4 -99.0  19.6 -99.0 -99.0   -99   -99   900   -99   900   900   900   900   -99   900   -99   -99 
2019   9.1 -99.0 -99.0  14.4 -99.0 -99.0 -99.0  26.6 -99.0 -99.0 -99.0 -99.0   900   -99   -99   900   -99   -99   -99   900   -99   -99   -99   -99 
2020 -99.0 -99.0 -99.0 -99.0 -99.0 -99.0 -99.0 -99.0 -99.0 -99.0  16.4 -99.0   -99   -99   -99   -99   -99   -99   -99   -99   -99   -99   900   -99 
