Number= 166130
Name= FLORINA
Country= GREECE
Lat=   40.8
Long=  -21.4
Height= 617
Start year= 1991
End year= 2010
First Good year= 1991
Source ID= 98
Source file= Jones
Jones data to= 2010
Normals source start year= 1991
Normals source end year= 1990
Normals= -99.0 -99.0 -99.0 -99.0 -99.0 -99.0 -99.0 -99.0 -99.0 -99.0 -99.0 -99.0 
Standard deviations source= Data
Standard deviations source start year= 1991
Standard deviations source end year= 1990
Obs:
1991  -2.0  -0.1   8.8   9.3  13.3  21.5  22.2  21.4  18.8  13.2   8.0  -2.3   506   506   506   506   506   506   506   506   506   506   506   506 
1992   0.5   2.2   6.5  11.5  15.3  20.1  21.5  24.6  18.6  15.8   7.8   1.1   506   506   506   506   506   506   506   506   506   506   506   506 
1993  -2.5  -0.8   5.3  12.1  16.6  21.2  24.1  24.3  19.0  15.5   5.1   5.9   506   506   506   506   506   506   506   506   506   506   506   506 
1994   4.0   3.4   9.9  12.3  17.7  20.9  23.3  24.6  22.4  13.8   6.8   2.2   506   506   506   506   506   506   506   506   506   506   506   506 
1995  -0.9   6.5   6.3  10.6  15.4  21.5  22.8  20.3  16.6  11.6   3.5   5.0   506   506   506   506   506   506   506   506   506   506   506   506 
1996   1.5   1.7   2.9   9.9  17.6  21.7  23.1  23.0  15.9  11.1   9.1   4.0   506   506   506   506   506   506   506   506   506   506   506   506 
1997   3.5   4.0   5.1   6.7  17.8  22.7  23.6  20.5  17.8  10.0   6.7   3.0   506   506   506   506   506   506   506   506   506   506   506   506 
1998   3.2   4.6   4.1  13.7  14.9  22.1  24.7  24.5  17.2  13.4   5.7  -1.6   506   506   506   506   506   506   506   506   506   506   506   506 
1999   1.4   1.2   6.6  12.2  17.7  22.1  23.4  24.6  19.1  14.2   7.5   4.8   506   506   506   506   506   506   506   506   506   506   506   506 
2000  -4.2   2.9   6.5  14.3  18.3  22.1  26.1  25.0  19.3  13.1  11.2   3.7   506   506   506   506   506   506   506   506   506   506   506   506 
2001   3.5   4.6  13.1  11.2  17.5  21.6  25.5  25.0  19.7  15.4   6.9  -4.4   506   506   506   506   506   506   506   506   506   506   506   506 
2002  -2.1   6.9   9.3  10.7  16.6  22.4  24.1  21.9  16.0  12.9   8.7   2.7   506   506   506   506   506   506   506   506   506   506   506   506 
2003   3.7  -1.7   5.6   9.2  19.2  22.7  24.8  24.6  17.3  13.8   8.3   1.5   506   506   506   506   506   506   506   506   506   506   506   506 
2004  -0.1   3.7   7.5  12.2  14.7  20.1  23.6  22.5  18.4  14.9   6.9   3.6   506   506   506   506   506   506   506   506   506   506   506   506 
2005 -99.0 -99.0 -99.0 -99.0 -99.0 -99.0 -99.0 -99.0 -99.0 -99.0 -99.0 -99.0   -99   -99   -99   -99   -99   -99   -99   -99   -99   -99   -99   -99 
2006 -99.0 -99.0 -99.0 -99.0 -99.0 -99.0 -99.0 -99.0 -99.0 -99.0 -99.0 -99.0   -99   -99   -99   -99   -99   -99   -99   -99   -99   -99   -99   -99 
2007 -99.0 -99.0 -99.0 -99.0 -99.0 -99.0 -99.0 -99.0 -99.0 -99.0 -99.0 -99.0   -99   -99   -99   -99   -99   -99   -99   -99   -99   -99   -99   -99 
2008 -99.0 -99.0 -99.0 -99.0 -99.0 -99.0 -99.0 -99.0 -99.0 -99.0 -99.0 -99.0   -99   -99   -99   -99   -99   -99   -99   -99   -99   -99   -99   -99 
2009 -99.0 -99.0 -99.0 -99.0 -99.0 -99.0 -99.0 -99.0 -99.0 -99.0 -99.0 -99.0   -99   -99   -99   -99   -99   -99   -99   -99   -99   -99   -99   -99 
2010 -99.0 -99.0 -99.0 -99.0 -99.0 -99.0 -99.0 -99.0 -99.0 -99.0 -99.0 -99.0   -99   -99   -99   -99   -99   -99   -99   -99   -99   -99   -99   -99 
