Number= 521120
Name= ZHUOMAOHU
Country= CHINA
Lat=   43.8
Long=  -95.1
Height= 479
Start year= 1960
End year= 2016
First Good year= 1960
Source ID= 68
Source file= Jones
Jones data to= 2016
Normals source= Data
Normals source start year= 1961
Normals source end year= 1990
Normals= -11.1  -5.3   4.5  13.6  21.4  26.4  28.3  26.7  20.0  10.6  -0.4  -9.4 
Standard deviations source= Data
Standard deviations source start year= 1960
Standard deviations source end year= 1990
Standard deviations=   2.4   2.7   1.8   1.6   1.4   0.9   1.0   0.9   1.4   1.4   1.7   3.4 
Obs:
1960 -11.7  -1.6   3.3  12.4  19.5 -99.0  27.6  26.1  20.1   9.4  -1.5  -8.0   506   506   506   506   506   -99   506   506   506   506   506   506 
1961 -11.8  -2.9   5.2  17.2  20.7  25.7  27.8  25.7  19.9   8.6  -0.1  -8.1   506   506   506   506   506   506   506   506   506   506   506   506 
1962 -13.3  -4.3   5.5  11.7  22.5  26.7  29.2  28.2  21.8  11.5  -1.2  -7.5   506   506   506   506   506   506   506   506   506   506   506   506 
1963  -9.4  -1.8   9.5  10.4  22.3  26.1  25.7  26.0  18.5   9.3   1.6  -8.1   506   506   506   506   506   506   506   506   506   506   506   506 
1964 -10.8 -10.8   5.0  14.4  20.3  24.2  26.8  25.7  18.6   8.3   0.8  -6.8   506   506   506   506   506   506   506   506   506   506   506   506 
1965  -7.1  -4.1   5.5  14.8  22.6  26.2  29.0  26.7  20.2  11.9   0.9 -10.4   506   506   506   506   506   506   506   506   506   506   506   506 
1966 -10.0  -2.6   6.6  13.0  19.7  26.7  27.7  27.6  22.3  11.0  -1.8 -12.3   506   506   506   506   506   506   506   506   506   506   506   506 
1967 -14.9  -7.3   4.7  13.2  23.4  27.0  28.4  26.0  18.7  10.9  -4.2 -15.3   506   506   506   506   506   506   506   506   506   506   506   506 
1968 -13.7  -9.0   5.7  12.0  22.0  27.3  28.5  25.4  17.0  10.8  -1.0  -8.2   506   506   506   506   506   506   506   506   506   506   506   506 
1969 -15.1 -10.5   4.1  13.7  22.5  26.2  28.1  24.8  18.5  10.9  -1.5  -8.8   506   506   506   506   506   506   506   506   506   506   506   506 
1970  -9.3  -4.4   0.7  13.3  20.1  25.1  28.4  26.2  18.3   9.4  -1.4  -9.6   506   506   506   506   506   506   506   506   506   506   506   506 
1971 -10.6  -4.7   3.5  14.5  20.5  24.9  27.4  26.4  20.0  11.1   0.4  -8.4   506   506   506   506   506   506   506   506   506   506   506   506 
1972 -11.3 -10.1   4.6  13.9  23.5  27.1  27.8  27.2  17.6   9.8   1.6  -8.2   506   506   506   506   506   506   506   506   506   506   506   506 
1973 -10.0  -4.7   5.0  15.2  19.7  26.2  27.4  26.0  20.3   9.8   1.1  -8.1   506   506   506   506   506   506   506   506   506   506   506   506 
1974 -10.3  -8.0   2.1  15.6  22.5  26.4  29.2  26.9  18.4   8.5   0.6 -17.9   506   506   506   506   506   506   506   506   506   506   506   506 
1975 -14.9  -5.1   5.5  11.1  18.3  24.9  28.1  27.4  20.4  10.2  -2.1 -17.3   506   506   506   506   506   506   506   506   506   506   506   506 
1976 -14.5  -4.7   1.8  12.2  21.3  26.7  26.5  25.5  19.7  10.6  -3.5 -10.8   506   506   506   506   506   506   506   506   506   506   506   506 
1977 -14.3  -5.1   2.9  12.8  19.4  26.7  27.4  27.6  21.9  11.5   1.3  -6.7   506   506   506   506   506   506   506   506   506   506   506   506 
1978 -10.8  -5.5   5.0  15.9  21.0  26.6  28.1  25.5  20.5   9.5   0.6  -6.6   506   506   506   506   506   506   506   506   506   506   506   506 
1979  -9.1  -0.7   2.6  12.1  19.5  26.6  26.9  26.3  19.1  12.6  -1.5  -7.2   506   506   506   506   506   506   506   506   506   506   506   506 
1980 -10.5  -5.1   2.4  13.3  22.4  26.8  29.3  27.9  21.7  11.4   3.7 -11.0   506   506   506   506   506   506   506   506   506   506   506   506 
1981 -10.3  -4.7   6.6  15.7  21.6  28.5  29.5  26.6  20.6   7.8  -2.4  -9.7   506   506   506   506   506   506   506   506   506   506   506   506 
1982  -7.2  -2.2   5.2  14.8  22.6  27.7  28.9  27.4  20.2  13.5  -1.0  -8.8   506   506   506   506   506   506   506   506   506   506   506   506 
1983  -8.7  -3.1   5.9  12.5  21.4  25.6  28.5  27.6  20.3  11.6   2.0  -7.3   506   506   506   506   506   506   506   506   506   506   506   506 
1984 -12.5  -8.5   4.2  12.1  21.8  26.2  27.3  26.5  20.9  10.0   0.3 -17.6   506   506   506   506   506   506   506   506   506   506   506   506 
1985 -15.5  -6.8   1.2  15.3  20.5  25.9  28.6  27.5  18.9  11.0  -1.1  -8.6   506   506   506   506   506   506   506   506   506   506   506   506 
1986  -8.2  -4.4   4.2  12.2  23.5  26.2  30.2  27.3  20.6   9.9  -2.7  -7.3   506   506   506   506   506   506   506   506   506   506   506   506 
1987  -8.9  -0.9   3.1  15.5  21.1  25.1  30.1  27.4  21.7   9.1  -1.6  -7.0   506   506   506   506   506   506   506   506   506   506   506   506 
1988  -8.7  -8.6   3.1  13.5  20.3  27.2  29.0  27.6  22.6  10.9   0.3  -6.5   506   506   506   506   506   506   506   506   506   506   506   506 
1989 -10.6  -5.3   5.5  14.5  22.9  26.6  29.1  27.0  20.7  12.7  -0.8  -3.2   506   506   506   506   506   506   506   506   506   506   506   506 
1990  -9.4  -3.7   6.8  12.6  22.0  28.1  28.9  27.2  21.4  13.1   1.1  -8.0   506   506   506   506   506   506   506   506   506   506   506   506 
1991  -8.3  -4.1   4.1  14.1  21.5  27.9  30.1  27.6  20.7  12.1   0.9  -7.1   506   506   506   506   506   506   506   506   506   506   506   506 
1992  -8.7  -3.0   4.4  15.7  21.7  27.6  28.9  26.3  17.3   9.5  -0.4  -6.9   506   506   506   506   506   506   506   506   506   506   506   506 
1993  -9.9  -1.0   6.9  14.0  19.6  27.5  28.6  25.9  20.0  10.2  -1.9  -9.8   506   506   506   506   506   506   506   506   506   506   506   506 
1994  -9.2  -4.4   3.6  14.2  21.5  26.9  29.5  27.2  18.8   9.4   4.8  -8.5   506   506   506   506   506   506   506   506   506   506   506   506 
1995 -10.7  -2.3   5.3  13.9  20.7  26.7  28.9  27.0  22.5  11.8   2.0  -7.9   506   506   506   506   506   506   506   506   506   506   506   506 
1996 -11.9  -4.2   3.9  13.2  22.1  27.3  30.6  27.4  20.9  11.5   0.4  -7.1   506   506   506   506   506   506   506   506   506   506   506   506 
1997  -8.3  -4.1   8.5  17.1  25.0  27.9  29.4  27.6  20.7  13.2  -1.5  -8.8   506   506   506   506   506   506   506   506   506   506   506   506 
1998 -10.2  -0.5   4.4  16.1  20.9  28.6  29.7  28.8  22.2  12.4   3.7  -6.4   506   506   506   506   506   506   506   506   506   506   506   506 
1999  -8.1  -1.5   1.6  15.3  22.6  27.6  30.9  28.6  21.1  12.9   0.7  -6.3   506   506   506   506   506   506   506   506   506   506   506   506 
2000  -9.6  -4.0   6.0  15.6  23.9  27.7  30.7  27.6  21.2   8.4  -2.3  -6.2   506   506   506   506   506   506   506   506   506   506   506   506 
2001  -8.8  -3.4   6.2  13.8  22.7  28.7  30.3  29.2  21.9  11.9   2.6 -15.3   506   506   506   506   506   506   506   506   506   506   506   506 
2002 -17.0  -5.4   5.0  13.4  22.3  28.1  31.0  30.5  20.7  12.3   2.4 -13.2   506   506   506   506   506   506   506   506   506   506   506   506 
2003 -15.6  -7.9   4.0  12.1  21.3  29.4  28.6  27.0  22.3  11.8  -1.5  -8.9   506   506   506   506   506   506   506   506   506   506   506   506 
2004  -9.8  -2.2   4.8  18.4  22.9  28.3  31.3  26.9  20.9  10.1  -0.2  -7.0   506   506   506   506   506   506   506   506   506   506   506   506 
2005 -12.8  -8.2   7.0  15.9  22.5  28.3  31.1  27.9  22.8  11.9   0.3 -14.3   506   506   506   506   506   506   506   506   506   506   506   506 
2006 -16.0  -5.8   5.9  15.6  20.9  27.7  29.7  29.3  21.5  14.2   4.1 -10.1   506   506   506   506   506   506   506   506   506   506   506   506 
2007 -10.9   0.9   6.3  16.3  23.2  28.5  30.2  28.3  22.3  10.6   2.2 -15.3   506   506   506   506   506   506   506   506   506   506   506   506 
2008 -13.5  -5.2   8.7  14.9  23.8  29.0  30.6  28.2  22.1  12.9   2.4  -7.1   506   506   506   506   506   506   506   506   506   506   506   506 
2009  -7.7  -3.2   6.5  18.6  22.0  27.0  30.0  27.3  21.3  13.2  -1.2  -9.2   506   506   506   506   506   506   506   506   506   506   506   506 
2010  -9.1  -5.2   2.3  12.0  20.8  29.0  31.1  27.1  22.0  12.6   3.3  -7.7   506   506   506   506   506   506   506   506   506   506   506   506 
2011 -15.5  -3.3   3.4  17.3  21.5  29.5  30.7  29.2  20.3  12.9   2.1  -8.2   506   506   506   506   506   506   506   506   506   506   506   506 
2012 -11.6  -4.9   5.5  16.9  22.9  29.3  30.7  28.2  21.1  11.6  -1.1  -9.8   506   506   506   506   506   506   506   506   506   506   506   506 
2013  -8.2  -4.9  10.4  16.8  22.1  27.2  29.6  28.8  21.6  13.5   2.3  -6.4   506   506   506   506   506   506   506   506   506   506   506   506 
2014  -8.2  -7.2   6.3  15.8  22.1  27.0  30.5  28.4  21.3  13.4   1.4  -8.8   506   506   506   506   506   506   506   506   506   506   506   506 
2015  -5.7  -1.7   6.4  16.0  22.8  26.0  31.3  29.0  19.8  11.9   2.9  -5.9   506   506   506   506   506   506   506   506   506   506   506   506 
2016  -8.7  -3.7   7.7  17.8  20.8  29.2  31.2  29.4  24.1  10.5  -0.8 -10.1   506   506   506   506   506   506   506   506   506   506   506   506 
