Number= 524240
Name= GUAZHOU
Country= CHINA
Lat=   40.5
Long=  -95.8
Height= 1171
Start year= 1940
End year= 2016
First Good year= 1940
Source ID= 68
Source file= Jones
Jones data to= 2016
Normals source= Data
Normals source start year= 1961
Normals source end year= 1990
Normals=  -8.7  -4.3   3.9  11.7  18.0  21.9  24.0  23.3  17.5   9.7   0.1  -7.4 
Standard deviations source= Data
Standard deviations source start year= 1941
Standard deviations source end year= 1990
Standard deviations=   1.7   2.0   1.5   1.4   1.1   1.0   1.0   1.0   1.0   1.5   1.6   2.4 
Obs:
1940 -99.0 -99.0 -99.0   9.8  16.9  22.4  25.9  23.0  17.5  10.6  -0.8  -5.1   -99   -99   -99   506   506   506   506   506   506   506   506   506 
1941  -7.2  -2.4   5.6  12.2  18.5  23.8  26.2  24.9 -99.0  11.9 -99.0 -99.0   506   506   506   506   506   506   506   506   -99   506   -99   -99 
1942  -7.0 -99.0 -99.0 -99.0 -99.0  23.2  25.1  23.6  18.8 -99.0 -99.0 -99.0   506   -99   -99   -99   -99   506   506   506   506   -99   -99   -99 
1943  -8.5  -3.2   4.2  11.6  18.4  21.9  26.6  25.8  19.1   8.9  -1.8  -6.6   506   506   506   506   506   506   506   506   506   506   506   506 
1944  -8.0  -3.8   5.5  10.8  18.2  23.2  25.3  24.5  18.1   9.4  -1.3 -14.4   506   506   506   506   506   506   506   506   506   506   506   506 
1945 -12.5  -7.2   3.1  14.1  19.9  23.8  24.9  25.5  18.4  13.0   2.7  -6.3   506   506   506   506   506   506   506   506   506   506   506   506 
1946  -5.8  -0.1   2.7  14.5  18.0  22.3  25.3  24.6  17.5  10.7  -0.4  -9.0   506   506   506   506   506   506   506   506   506   506   506   506 
1947  -8.0  -4.0   5.0  13.0  19.6  23.0  25.0  22.5  18.1   9.6   2.5  -9.3   506   506   506   506   506   506   506   506   506   506   506   506 
1948  -7.8  -3.0   6.0  13.9  15.6  24.0  25.1  24.0  19.0   9.0  -2.1  -5.8   506   506   506   506   506   506   506   506   506   506   506   506 
1949 -99.0 -99.0 -99.0 -99.0 -99.0 -99.0 -99.0 -99.0 -99.0 -99.0 -99.0 -99.0   -99   -99   -99   -99   -99   -99   -99   -99   -99   -99   -99   -99 
1950 -99.0 -99.0 -99.0 -99.0 -99.0 -99.0 -99.0 -99.0 -99.0 -99.0 -99.0 -99.0   -99   -99   -99   -99   -99   -99   -99   -99   -99   -99   -99   -99 
1951 -10.0  -5.3   1.9   8.6  19.1  24.4  26.6  25.4  19.1  13.5  -1.0  -6.6   506   506   506   506   506   506   506   506   506   506   506   506 
1952  -9.7  -4.8   5.4  13.0  18.7  24.6  25.3  24.2  19.4   6.8  -0.8 -11.6   506   506   506   506   506   506   506   506   506   506   506   506 
1953  -8.1  -2.1   5.4  10.4  18.9  24.1  27.1  26.1  19.8   9.7   0.0  -9.3   506   506   506   506   506   506   506   506   506   506   506   506 
1954 -10.0  -4.4   3.0  12.5  15.6  23.5  25.9  24.8  18.8   8.3   0.1 -12.4   506   506   506   506   506   506   506   506   506   506   506   506 
1955 -12.5  -4.7   4.6  10.6  17.7  24.7  25.5  25.1  17.6   9.6  -0.1  -3.6   506   506   506   506   506   506   506   506   506   506   506   506 
1956 -11.0  -3.7   5.3  12.9  16.9  21.6  24.8  22.8  18.4   8.2  -1.5  -8.6   506   506   506   506   506   506   506   506   506   506   506   506 
1957  -9.3  -8.3   5.5  10.7  15.5  22.0  25.0  23.2  16.3   7.7   1.0  -4.3   506   506   506   506   506   506   506   506   506   506   506   506 
1958 -10.1  -3.4   5.0  12.7  17.7  22.6  25.2  23.6  17.7   8.9  -0.7  -5.6   506   506   506   506   506   506   506   506   506   506   506   506 
1959  -9.6  -2.3   4.7  12.4  16.4  21.9  25.9  23.7  19.0  11.9  -0.7  -6.8   506   506   506   506   506   506   506   506   506   506   506   506 
1960  -9.6  -0.4   5.9  10.0  17.5  22.7  25.4  24.7  18.3   8.3  -1.7  -6.9   506   506   506   506   506   506   506   506   506   506   506   506 
1961  -9.7  -4.3   4.2  13.5  16.7  22.6  24.6  23.3  17.4   9.1   0.2  -7.7   506   506   506   506   506   506   506   506   506   506   506   506 
1962  -8.1  -3.3   3.5  10.6  18.5  22.1  24.7  24.0  17.4  10.5  -1.0  -6.8   506   506   506   506   506   506   506   506   506   506   506   506 
1963  -8.8  -2.1   7.4  10.5  19.2  21.4  24.4  24.4  18.1  10.3   1.9  -7.1   506   506   506   506   506   506   506   506   506   506   506   506 
1964  -9.6  -7.7   5.7  14.7  17.8  21.9  24.4  24.7  17.9   9.2   0.2  -7.1   506   506   506   506   506   506   506   506   506   506   506   506 
1965  -5.8  -3.7   4.0  12.5  18.5  22.2  24.2  23.6  17.3  11.6   2.6  -8.5   506   506   506   506   506   506   506   506   506   506   506   506 
1966  -6.9  -2.0   4.9  11.0  16.7  22.6  23.6  24.2  18.1   9.8  -1.6  -8.2   506   506   506   506   506   506   506   506   506   506   506   506 
1967 -12.3  -4.9   4.2  11.5  19.1  21.8  23.6  22.8  17.0   9.5  -3.8 -10.2   506   506   506   506   506   506   506   506   506   506   506   506 
1968  -9.1  -6.1   5.6  11.1  18.8  22.9  24.0  21.9  15.9   9.6   0.5  -6.2   506   506   506   506   506   506   506   506   506   506   506   506 
1969 -10.4  -8.8   5.0  11.8  19.6  21.9  24.5  22.4  16.3  11.6  -0.9  -7.4   506   506   506   506   506   506   506   506   506   506   506   506 
1970  -9.2  -4.1   0.3  10.5  17.8  20.7  24.7  23.6  16.1   8.4  -1.3  -7.4   506   506   506   506   506   506   506   506   506   506   506   506 
1971  -8.8  -3.4   4.6  12.5  17.0  21.0  23.7  23.5  17.2   9.1   1.2  -4.9   506   506   506   506   506   506   506   506   506   506   506   506 
1972  -6.7  -8.4   6.0  11.6  19.6  22.3  23.8  23.1  16.0   7.5   0.7  -9.3   506   506   506   506   506   506   506   506   506   506   506   506 
1973  -9.0  -2.7   4.7  13.0  16.9  20.7  23.8  23.0  18.4   8.7   2.1  -6.7   506   506   506   506   506   506   506   506   506   506   506   506 
1974  -7.8  -6.0   1.6  14.2  19.0  22.3  25.2  23.1  16.7   7.9   0.9 -12.6   506   506   506   506   506   506   506   506   506   506   506   506 
1975  -8.6  -3.3   5.1  10.3  16.4  21.9  24.3  24.1  18.3  11.3  -1.1 -10.5   506   506   506   506   506   506   506   506   506   506   506   506 
1976  -8.4  -1.9   1.2  10.0  18.0  21.8  22.0  21.5  18.0   9.9  -2.8  -9.3   506   506   506   506   506   506   506   506   506   506   506   506 
1977 -11.6  -5.4   3.4  10.2  16.3  22.0  23.6  24.7  18.7  10.7   2.1  -5.1   506   506   506   506   506   506   506   506   506   506   506   506 
1978 -11.8  -5.8   3.6  12.8  19.1  22.5  24.6  24.0  17.4   9.8   1.1  -4.3   506   506   506   506   506   506   506   506   506   506   506   506 
1979  -9.7  -2.1   1.9  11.5  17.0  22.3  21.9  22.7  16.7  11.3  -3.3  -5.4   506   506   506   506   506   506   506   506   506   506   506   506 
1980  -8.2  -4.3   3.2  11.5  18.0  21.7  24.0  23.1  18.2  10.5   3.6  -5.6   506   506   506   506   506   506   506   506   506   506   506   506 
1981  -7.9  -4.3   5.3  13.8  18.2  22.5  24.8  22.3  17.8   6.5  -0.9  -9.7   506   506   506   506   506   506   506   506   506   506   506   506 
1982  -5.3  -2.1   4.6  11.1  17.6  21.7  23.9  22.9  17.6  11.4  -0.8  -8.2   506   506   506   506   506   506   506   506   506   506   506   506 
1983  -9.3  -4.6   3.5   9.8  18.1  22.0  22.9  23.0  18.0  10.1   1.7  -6.9   506   506   506   506   506   506   506   506   506   506   506   506 
1984 -10.4  -6.5   3.6  11.8  18.3  21.7  23.2  22.3  18.1   8.4   1.2 -10.8   506   506   506   506   506   506   506   506   506   506   506   506 
1985  -9.2  -4.8   1.9  12.8  17.7  21.9  23.8  23.8  16.0  10.3  -0.5  -7.5   506   506   506   506   506   506   506   506   506   506   506   506 
1986  -7.8  -3.5   2.3  10.2  18.8  21.3  24.9  22.8  16.6   9.2  -1.6  -6.8   506   506   506   506   506   506   506   506   506   506   506   506 
1987  -7.3  -1.3   3.8  12.5  17.4  21.2  24.9  22.7  17.8   8.5   0.4  -5.1   506   506   506   506   506   506   506   506   506   506   506   506 
1988  -7.2  -5.0   2.1  11.6  16.9  22.2  24.1  24.0  18.8   9.0   1.5  -5.6   506   506   506   506   506   506   506   506   506   506   506   506 
1989  -8.6  -3.9   3.2  11.6  19.4  21.7  24.2  23.1  17.7  11.8  -0.2  -4.4   506   506   506   506   506   506   506   506   506   506   506   506 
1990  -6.9  -3.2   5.3  10.9  18.1  22.4  23.6  22.9  18.6  10.9   1.6  -6.7   506   506   506   506   506   506   506   506   506   506   506   506 
1991  -6.7  -3.1   5.1  11.8  17.7  23.1  26.3  23.2  18.0   9.4   0.3  -6.1   506   506   506   506   506   506   506   506   506   506   506   506 
1992  -8.8  -3.3   4.1  12.7  17.7  22.8  23.6  22.6  17.1   8.8  -2.2  -6.0   506   506   506   506   506   506   506   506   506   506   506   506 
1993  -8.0   0.1   6.4  12.5  15.9  21.8  23.7  22.4  18.3   8.5  -0.8  -7.4   506   506   506   506   506   506   506   506   506   506   506   506 
1994  -8.0  -1.7   2.6  12.9  18.5  22.9  25.5  23.3  17.3   8.3   4.4  -5.0   506   506   506   506   506   506   506   506   506   506   506   506 
1995  -9.9  -2.0   2.7  10.6  18.6  22.8  24.4  23.7  18.1  10.0   1.0  -7.5   506   506   506   506   506   506   506   506   506   506   506   506 
1996  -9.2  -4.1   3.4  11.8  19.3  22.2  24.4  23.3  18.3   9.8  -0.3  -8.0   506   506   506   506   506   506   506   506   506   506   506   506 
1997  -5.4  -3.2   7.9  13.7  20.4  23.3  25.9  22.9  17.6  10.6  -1.6  -7.6   506   506   506   506   506   506   506   506   506   506   506   506 
1998  -9.8   0.1   4.8  15.2  18.1  24.6  25.7  24.4  18.9  10.3   2.9  -3.9   506   506   506   506   506   506   506   506   506   506   506   506 
1999  -8.7  -1.4   4.1  13.7  19.5  24.5  26.5  24.6  19.5  11.1   1.8  -5.7   506   506   506   506   506   506   506   506   506   506   506   506 
2000  -7.8  -3.8   4.8  12.4  20.8  22.7  26.6  23.8  18.8   9.6   0.0  -5.6   506   506   506   506   506   506   506   506   506   506   506   506 
2001  -7.6  -2.1   5.1  11.9  18.9  24.5  26.2  24.5  19.1  11.3   2.7  -9.8   506   506   506   506   506   506   506   506   506   506   506   506 
2002  -5.6  -0.6   6.2  12.3  19.0  24.5  26.1  25.5  16.5  10.8   2.7  -8.1   506   506   506   506   506   506   506   506   506   506   506   506 
2003  -7.8  -1.2   5.2  10.9  18.6  24.3  24.9  23.2  18.6   9.3   0.9  -6.8   506   506   506   506   506   506   506   506   506   506   506   506 
2004  -7.6  -1.3   5.8  15.5  19.2  23.4  25.3  23.3  18.1   9.6   1.9  -4.9   506   506   506   506   506   506   506   506   506   506   506   506 
2005  -7.4  -4.3   5.1  13.2  19.8  24.2  26.0  24.3  20.2  10.2   1.2  -8.7   506   506   506   506   506   506   506   506   506   506   506   506 
2006 -10.0  -1.4   4.6  13.5  18.3  23.9  25.3  25.0  19.0  13.3   4.2  -5.4   506   506   506   506   506   506   506   506   506   506   506   506 
2007  -7.7   2.4   5.4  13.2  20.4  24.1  24.8  24.4  19.3   9.4   2.8  -4.9   506   506   506   506   506   506   506   506   506   506   506   506 
2008 -11.6  -6.3   7.7  12.7  21.3  24.7  25.9  23.4  19.1  11.5   1.6  -6.0   506   506   506   506   506   506   506   506   506   506   506   506 
2009  -8.3  -0.6   6.3  15.6  18.6  23.4  25.2  23.7  18.6  10.9  -1.4  -6.4   506   506   506   506   506   506   506   506   506   506   506   506 
2010  -5.9  -3.1   4.4  10.0  18.2  24.9  27.4  24.2  18.0  11.0   2.7  -7.8   506   506   506   506   506   506   506   506   506   506   506   506 
2011 -11.8  -0.4   2.0  14.6  19.5  24.5  25.9  24.7  17.8  11.1   3.9  -7.1   506   506   506   506   506   506   506   506   506   506   506   506 
2012 -10.4  -3.8   5.1  13.4  20.1  24.1  25.5  24.3  18.2   9.2  -1.1  -7.4   506   506   506   506   506   506   506   506   506   506   506   506 
2013  -8.2  -1.9   8.4  14.2  19.7  23.1  25.1  24.6  18.6  11.8   0.2  -6.0   506   506   506   506   506   506   506   506   506   506   506   506 
2014  -6.2  -3.0   6.2  13.4  17.5  22.8  25.7  24.2  18.7  11.6   1.0  -9.3   506   506   506   506   506   506   506   506   506   506   506   506 
2015  -5.5  -2.0   6.3  13.7  19.4  22.5  25.9  24.4  17.8  11.4   3.6  -6.5   506   506   506   506   506   506   506   506   506   506   506   506 
2016  -8.4  -3.4   7.3  14.8  17.4  24.3  26.4  25.3  21.1  10.4   0.9  -2.7   506   506   506   506   506   506   506   506   506   506   506   506 
