Number= 122720
Name= OLSZTYN
Country= POLAND
Lat=   53.8
Long=  -20.4
Height= 133
Start year= 1966
End year= 2013
First Good year= 1966
Source ID= 73
Source file= Jones
Jones data to= 2013
Normals source= Data
Normals source start year= 1966
Normals source end year= 1990
Normals=  -3.7  -2.5   1.4   6.2  12.5  15.5  17.0  16.6  12.3   7.9   2.7  -1.1 
Standard deviations source= Data
Standard deviations source start year= 1966
Standard deviations source end year= 1990
Standard deviations=   3.9   3.5   2.4   1.1   1.6   1.2   1.4   1.0   1.4   1.4   1.5   2.6 
Obs:
1966  -5.5  -2.5   1.9   6.2  12.5  17.1  18.1  16.6  11.7   9.9   2.2  -0.5   506   506   506   506   506   506   506   506   506   506   506   506 
1967  -5.5   0.0   4.6   6.5  13.3  15.1  18.0  16.5  15.3  10.6   3.5  -2.0   506   506   506   506   506   506   506   506   506   506   506   506 
1968  -5.0  -2.6   2.2   8.1  10.7  18.0  16.3  17.5  13.0   7.7   2.7  -4.0   506   506   506   506   506   506   506   506   506   506   506   506 
1969  -7.1  -5.8  -2.6   4.8  13.1  15.9  18.2  16.5  13.1   7.9   4.2  -9.5   506   506   506   506   506   506   506   506   506   506   506   506 
1970  -7.5  -7.3  -0.4   5.0  12.0  16.3  16.3  16.2  11.9   7.1   3.4   0.1   506   506   506   506   506   506   506   506   506   506   506   506 
1971  -2.8  -0.5  -1.0   6.4  14.7  15.1  17.8  18.5  10.8   8.2   1.5   2.6   506   506   506   506   506   506   506   506   506   506   506   506 
1972  -8.0  -1.0   2.3   6.2  12.4  16.1  19.6  16.4  11.3   5.7   3.6   0.2   506   506   506   506   506   506   506   506   506   506   506   506 
1973  -2.6   1.1   3.4   5.6  11.7  16.0  17.7  16.7  11.7   5.6   0.9  -2.1   506   506   506   506   506   506   506   506   506   506   506   506 
1974  -1.6   1.1   3.2   5.8   9.7  13.8  14.8  17.0  12.7   6.1   3.4   1.9   506   506   506   506   506   506   506   506   506   506   506   506 
1975   1.9  -0.5   3.3   5.3  13.5  15.3  18.7  18.4  15.5   7.9   1.2   0.9   506   506   506   506   506   506   506   506   506   506   506   506 
1976  -3.6  -5.2  -2.0   6.0  11.2  14.0  17.3  15.2  12.0   5.3   4.0  -1.9   506   506   506   506   506   506   506   506   506   506   506   506 
1977  -2.4  -1.5   3.5   5.0  11.4  16.7  15.1  15.5  10.1   8.5   4.6  -0.7   506   506   506   506   506   506   506   506   506   506   506   506 
1978  -1.8  -4.9   2.3   5.3  11.2  14.2  15.4  15.2  10.2   7.6   5.6  -6.4   506   506   506   506   506   506   506   506   506   506   506   506 
1979  -7.3  -5.9   0.4   5.5  14.1  18.6  14.0  15.9  12.7   6.0   2.0   0.4   506   506   506   506   506   506   506   506   506   506   506   506 
1980  -6.1  -3.4  -2.3   5.5   8.3  15.5  16.2  15.4  12.5   7.8   1.3  -0.2   506   506   506   506   506   506   506   506   506   506   506   506 
1981  -3.6  -1.7   2.2   4.4  13.8  15.9  16.9  15.4  13.1   7.9   2.6  -4.0   506   506   506   506   506   506   506   506   506   506   506   506 
1982  -4.5  -2.8   2.9   4.8  12.3  14.2  17.8  17.9  13.9   8.3   4.6   0.6   506   506   506   506   506   506   506   506   506   506   506   506 
1983   2.7  -2.9   3.0   8.3  14.6  15.7  18.2  17.7  13.9   8.4   1.9  -1.3   506   506   506   506   506   506   506   506   506   506   506   506 
1984  -0.3  -2.8   0.0   8.0  13.4  13.5  15.1  17.2  12.1  10.2   1.7  -1.2   506   506   506   506   506   506   506   506   506   506   506   506 
1985  -9.0  -9.6   1.0   6.3  14.3  14.2  16.4  17.2  11.4   8.7   0.3   0.6   506   506   506   506   506   506   506   506   506   506   506   506 
1986  -2.0 -10.4   1.4   6.7  14.0  15.5  17.4  16.2  10.1   8.1   4.9  -0.7   506   506   506   506   506   506   506   506   506   506   506   506 
1987 -13.9  -2.2  -3.7   5.9  10.7  14.5  16.7  14.6  11.8   8.1   3.1   0.4   506   506   506   506   506   506   506   506   506   506   506   506 
1988  -0.6  -0.1  -0.1   6.3  14.0  16.0  18.5  16.4  13.4   7.4  -0.2  -0.2   506   506   506   506   506   506   506   506   506   506   506   506 
1989   2.3   3.4   4.8   8.2  13.0  15.0  17.8  16.7  13.7   9.6   1.6   0.3   506   506   506   506   506   506   506   506   506   506   506   506 
1990   1.8   4.8   5.9   8.2  12.5  16.0  16.3  17.2  10.8   8.4   4.0  -0.5   506   506   506   506   506   506   506   506   506   506   506   506 
1991  -0.2  -4.0   3.4   7.1   9.2  14.2  18.1  17.7  13.3   7.8   3.5  -0.9   506   506   506   506   506   506   506   506   506   506   506   506 
1992  -1.4   0.7   2.5   6.0  12.7  17.3  18.9  19.6  12.5   5.2   3.2  -0.3   506   506   506   506   506   506   506   506   506   506   506   506 
1993  -0.2  -1.0   0.5   8.0  15.6  14.0  16.0  15.4  10.6   7.2  -2.8   1.2   506   506   506   506   506   506   506   506   506   506   506   506 
1994   1.3  -4.8   2.4   8.0  10.9  14.4  20.1  17.5  14.0   6.4   3.3   0.4   506   506   506   506   506   506   506   506   506   506   506   506 
1995  -2.0   2.7   2.0   7.3  11.6  16.1  18.6  17.3  12.7  10.2   0.2  -5.8   506   506   506   506   506   506   506   506   506   506   506   506 
1996  -6.2  -6.1  -1.8   7.0  13.3  15.5  15.4  18.1  10.1   8.5   5.1  -5.9   506   506   506   506   506   506   506   506   506   506   506   506 
1997  -4.2   1.5   2.0   4.2  11.5  15.9  17.4  18.4  12.8   6.2   2.2  -0.7   506   506   506   506   506   506   506   506   506   506   506   506 
1998   0.8   2.7   0.6   8.9  13.3  15.9  16.3  15.1  12.8   7.4  -2.8  -2.4   506   506   506   506   506   506   506   506   506   506   506   506 
1999  -0.7  -2.2   3.8   8.7  10.9  17.0  19.3  16.5  14.8   7.7   1.8   0.7   506   506   506   506   506   506   506   506   506   506   506   506 
2000  -1.5   1.7   2.3  11.0  13.4  15.8  15.6  16.7  10.7  11.0   6.1   1.4   506   506   506   506   506   506   506   506   506   506   506   506 
2001  -0.6  -1.4   1.1   7.4  12.6  13.8  19.8  17.8  11.6  10.2   2.4  -4.2   506   506   506   506   506   506   506   506   506   506   506   506 
2002  -0.6   3.2   3.9   7.8  16.5  16.3  19.9  20.1  12.5   6.5   3.2  -6.6   506   506   506   506   506   506   506   506   506   506   506   506 
2003  -3.5  -4.4   1.6   6.2  13.9  16.5  19.0  17.4  13.3   4.9   4.9   1.3   506   506   506   506   506   506   506   506   506   506   506   506 
2004  -6.0  -0.6   2.4   7.5  10.8  14.4  16.4  18.2  13.1   9.2   2.9   1.5   506   506   506   506   506   506   506   506   506   506   506   506 
2005   0.6  -3.8  -1.2   7.7  12.4  15.0  19.2  16.4  15.0   8.3   3.0  -1.0   506   506   506   506   506   506   506   506   506   506   506   506 
2006  -8.3  -3.2  -1.7   7.4  12.8  16.2  21.1  17.3  15.3  10.1   5.2   4.4   506   506   506   506   506   506   506   506   506   506   506   506 
2007   2.7  -2.5   6.0   7.7  14.0  17.7  17.4  18.1  12.9   7.8   1.3   0.6   506   506   506   506   506   506   506   506   506   506   506   506 
2008   0.5   2.8   2.8   7.8  12.4  16.9  18.2  17.3  11.9   8.8   4.0   0.1   506   506   506   506   506   506   506   506   506   506   506   506 
2009  -3.0  -1.8   1.4   9.7  12.3  14.5  18.6  17.4  14.3   5.8   4.9  -1.9   506   506   506   506   506   506   506   506   506   506   506   506 
2010  -8.9  -2.9   2.2   7.9  11.8  16.0  20.9  19.0  12.0   5.3   4.2  -6.7   506   506   506   506   506   506   506   506   506   506   506   506 
2011  -1.4  -5.6   2.1   9.5  13.2  17.4  18.0  17.7  14.2   8.4   3.1   2.3   506   506   506   506   506   506   506   506   506   506   506   506 
2012  -1.7  -7.0   3.3   8.2  13.6  15.1  18.8  17.5  13.6   7.6   4.8  -3.5   506   506   506   506   506   506   506   506   506   506   506   506 
2013  -4.7  -1.1  -3.1   6.2  15.0  17.7  18.0  17.8  11.6   9.3   5.0   2.3   506   506   506   506   506   506   506   506   506   506   506   506 
