Number= 125001
Name= SKLARSKA_POREBA
Country= POLAND
Lat=   50.9
Long=  -15.5
Height= 642
Start year= 1881
End year= 1945
First Good year= 1881
Source ID= 61
Source file= Jones
Jones data to= 1945
Normals source start year= 1961
Normals source end year= 1945
Normals= -99.0 -99.0 -99.0 -99.0 -99.0 -99.0 -99.0 -99.0 -99.0 -99.0 -99.0 -99.0 
Standard deviations source= Data
Standard deviations source start year= 1941
Standard deviations source end year= 1945
Obs:
1881  -7.7  -2.3  -1.2   1.1   9.4  12.2  16.3  14.0   8.9   2.0   3.4  -1.1   506   506   506   506   506   506   506   506   506   506   506   506 
1882  -0.9  -0.3   4.3   4.7   9.4  11.1  15.2  12.3  12.3   6.5   0.8  -1.5   506   506   506   506   506   506   506   506   506   506   506   506 
1883  -3.1  -1.2  -6.0   1.6   9.3  13.2  14.4  13.4  11.4   6.4   2.1  -2.3   506   506   506   506   506   506   506   506   506   506   506   506 
1884   0.3   0.2   1.8   2.2  10.1  11.1  15.5  13.2  11.7   5.1  -1.0  -0.4   506   506   506   506   506   506   506   506   506   506   506   506 
1885  -4.9   0.7   0.0   6.9   8.5  15.7  15.4  12.1  11.5   6.5   1.2  -2.1   506   506   506   506   506   506   506   506   506   506   506   506 
1886  -2.7  -3.8  -2.4   7.2  11.1  12.1  14.7  14.4  12.8   7.6   3.4  -1.3   506   506   506   506   506   506   506   506   506   506   506   506 
1887  -3.7  -4.6  -1.2   5.1   8.0  12.0  16.3  13.0  11.0   4.0   2.6  -3.2   506   506   506   506   506   506   506   506   506   506   506   506 
1888  -4.2  -5.5  -1.2   3.5  10.2  12.9  12.5  12.9  10.3   5.3   0.1   0.0   506   506   506   506   506   506   506   506   506   506   506   506 
1889  -4.1  -5.2  -2.3   4.7  13.2  15.2  14.0  13.1   7.9   7.2   1.3  -4.1   506   506   506   506   506   506   506   506   506   506   506   506 
1890   0.7  -6.5   2.5   5.0  11.1  10.9  13.4  15.5  10.8   4.8   0.4  -6.1   506   506   506   506   506   506   506   506   506   506   506   506 
1891  -6.0  -3.7   0.6   1.8  10.8  11.9  13.7  13.1  11.5   8.9   0.5  -0.4   506   506   506   506   506   506   506   506   506   506   506   506 
1892  -4.7  -1.4  -2.8   4.4   8.9  13.1  13.4  16.4  13.2   6.0  -0.4  -4.3   506   506   506   506   506   506   506   506   506   506   506   506 
1893  -9.1  -0.4   0.7   4.6   9.2  12.6  15.1  14.1  10.6   8.8  -0.6  -1.4   506   506   506   506   506   506   506   506   506   506   506   506 
1894  -3.2  -1.0   1.2   6.6   9.1  11.3  15.2  13.7   8.1   5.9   3.0  -1.5   506   506   506   506   506   506   506   506   506   506   506   506 
1895  -5.7  -9.6  -0.6   6.0   9.3  13.2  16.0  14.6  12.5   5.6   2.4  -3.4   506   506   506   506   506   506   506   506   506   506   506   506 
1896  -4.2  -3.4   1.9   2.7   7.8  14.3  14.9  12.8  11.0   9.2  -1.2  -2.5   506   506   506   506   506   506   506   506   506   506   506   506 
1897  -5.2  -1.2   2.9   4.7   8.4  13.7  14.0  15.3  10.6   5.5   0.0   0.1   506   506   506   506   506   506   506   506   506   506   506   506 
1898   0.6  -1.1   1.8   5.5  10.3  12.3  12.4  15.8  11.0   6.5   4.5   0.9   506   506   506   506   506   506   506   506   506   506   506   506 
1899  -0.5  -0.1  -0.3   4.9   9.5  11.4  14.9  13.5  10.9   6.5   4.8  -4.5   506   506   506   506   506   506   506   506   506   506   506   506 
1900  -1.6  -0.8  -2.6   3.4   8.3  13.5  16.0  14.5  12.0   6.7   3.8   0.9   506   506   506   506   506   506   506   506   506   506   506   506 
1901  -6.8  -7.7  -0.2   5.2  10.3  13.7  16.0  14.0  10.4   7.8  -0.1  -0.6   506   506   506   506   506   506   506   506   506   506   506   506 
1902   0.3  -3.0   0.4   3.7   6.6  12.4  12.9  12.7   9.3   4.3  -1.7  -4.5   506   506   506   506   506   506   506   506   506   506   506   506 
1903  -0.8   1.5   3.4   2.2  10.6  12.4  14.4  14.0  11.4   8.4   1.8  -2.8   506   506   506   506   506   506   506   506   506   506   506   506 
1904  -2.4  -1.0   0.5   6.4   9.5  12.4  16.3  13.7   9.9   6.1   0.8   0.1   506   506   506   506   506   506   506   506   506   506   506   506 
1905  -4.0  -1.3   2.2   2.8   9.9  14.6  15.9  14.5  10.6   2.1   1.7  -1.1   506   506   506   506   506   506   506   506   506   506   506   506 
1906  -1.2  -1.6  -0.4   6.0  12.2  12.0  14.7  13.8  10.1   7.1   5.4  -4.6   506   506   506   506   506   506   506   506   506   506   506   506 
1907  -3.8  -3.4  -1.1   2.8  11.5  13.1  12.5  13.8  10.4  12.1   1.2  -1.2   506   506   506   506   506   506   506   506   506   506   506   506 
1908  -2.8  -1.7   0.3   2.6  12.2  14.8  14.7  12.0   9.8   6.2  -1.2  -3.4   506   506   506   506   506   506   506   506   506   506   506   506 
1909  -4.1  -6.1  -0.4   4.9   7.8  12.9  13.4  14.6  11.1   9.1  -0.7  -0.4   506   506   506   506   506   506   506   506   506   506   506   506 
1910  -1.4   0.9   1.1   4.7  10.1  14.4  13.4  12.9   9.5   6.3  -0.2   0.7   506   506   506   506   506   506   506   506   506   506   506   506 
1911  -3.1  -2.6   0.8   4.5  10.1  12.4  16.6  15.9  12.3   6.5   2.8  -0.3   506   506   506   506   506   506   506   506   506   506   506   506 
1912  -5.3   1.0   3.2   2.9   8.7  13.8  15.0  12.8   5.9   4.4  -0.6   1.9   506   506   506   506   506   506   506   506   506   506   506   506 
1913  -3.2  -1.4   4.0   5.1   9.0  11.6  12.0  12.5   9.8   9.0   4.6  -0.6   506   506   506   506   506   506   506   506   506   506   506   506 
1914  -6.3   2.5   2.0   6.4   8.8  11.5  15.0  14.1   9.4   5.8   1.5   2.0   506   506   506   506   506   506   506   506   506   506   506   506 
1915  -2.0  -1.2  -2.4   4.6  10.4  14.2  13.8  12.1   9.1   4.2  -0.5   2.0   506   506   506   506   506   506   506   506   506   506   506   506 
1916   0.7  -1.7   3.1   5.6  10.3  10.8  13.6  13.2   9.6   6.3   3.0   1.0   506   506   506   506   506   506   506   506   506   506   506   506 
1917  -5.9  -6.3  -3.6   1.8  11.1  15.5  14.8  14.7  12.6   5.8   2.6  -5.1   506   506   506   506   506   506   506   506   506   506   506   506 
1918  -0.5  -1.0   1.2   8.3   9.7  10.4  13.9  13.6  12.5   7.3   1.4   1.0   506   506   506   506   506   506   506   506   506   506   506   506 
1919  -0.9  -1.5   0.6   3.3   7.0  11.8  12.3  14.2  13.2   4.7  -2.4  -1.9   506   506   506   506   506   506   506   506   506   506   506   506 
1920  -0.2   0.4   4.1   8.4  11.6  11.1  15.5  13.5  11.6   3.3  -0.5  -0.6   506   506   506   506   506   506   506   506   506   506   506   506 
1921   1.8  -1.8   3.7   4.7  12.0  11.7  15.9  15.0  10.1   8.3  -2.7  -3.0   506   506   506   506   506   506   506   506   506   506   506   506 
1922  -5.7  -4.0   1.3   4.0  10.2  12.8  13.9  13.6   8.6   1.9  -0.2   0.3   506   506   506   506   506   506   506   506   506   506   506   506 
1923  -1.6  -2.6   1.5   3.5  10.4   8.8  15.1  13.2  10.8   9.1   1.0  -4.5   506   506   506   506   506   506   506   506   506   506   506   506 
1924  -4.9  -6.9  -0.9   3.2  11.3  12.8  14.4  12.6  11.8   7.9   0.3   0.3   506   506   506   506   506   506   506   506   506   506   506   506 
1925   0.8   2.0  -1.7   5.6  11.0  11.0  15.1  14.1   9.1   7.4   0.6  -2.0   506   506   506   506   506   506   506   506   506   506   506   506 
1926  -2.4   1.9   1.0   7.8   9.0  11.7  16.1  13.5  11.9   6.5   5.8  -2.0   506   506   506   506   506   506   506   506   506   506   506   506 
1927   0.6  -2.3   3.5   4.4   7.6  12.6  15.6  15.0  11.4   6.4   0.2  -4.9   506   506   506   506   506   506   506   506   506   506   506   506 
1928  -0.7  -1.9  -0.4   5.2   7.8  12.0  15.9  13.6  10.2   7.2   4.6  -3.2   506   506   506   506   506   506   506   506   506   506   506   506 
1929  -7.5 -13.0  -0.7   1.2  11.0  11.8  15.8  14.9  13.0   8.4   3.7   1.3   506   506   506   506   506   506   506   506   506   506   506   506 
1930  -0.2  -3.8   2.0   6.4   9.3  15.5  14.0  13.8  11.4   7.0   4.0  -1.8   506   506   506   506   506   506   506   506   506   506   506   506 
1931  -2.9  -2.8  -3.4   2.6  13.6  13.8  15.0  13.5   7.6   5.2   2.5  -1.9   506   506   506   506   506   506   506   506   506   506   506   506 
1932   0.0  -6.6  -2.9   4.8  10.8  11.6  16.1  16.1  13.7   6.7   2.2  -0.4   506   506   506   506   506   506   506   506   506   506   506   506 
1933  -6.2  -3.2   2.8   3.0   8.8  11.6  15.4  14.2  10.9   7.0   0.6  -7.0   506   506   506   506   506   506   506   506   506   506   506   506 
1934  -1.6  -0.9   2.5   8.2  11.6  14.0  16.1  14.0  12.6   8.1   2.8   3.2   506   506   506   506   506   506   506   506   506   506   506   506 
1935  -4.4  -1.6  -1.5   5.0   7.9  15.6  14.6  14.1  11.8   6.1   3.9  -1.3   506   506   506   506   506   506   506   506   506   506   506   506 
1936   1.6  -1.7   2.7   4.6  10.5  13.7  16.0  13.1  10.0   3.2   1.4   0.4   506   506   506   506   506   506   506   506   506   506   506   506 
1937  -4.6  -0.3   1.4   5.4  13.5  14.7  14.6  14.7  11.8   8.4   0.8  -2.7   506   506   506   506   506   506   506   506   506   506   506   506 
1938  -1.3  -2.0   4.6   2.0   9.0  14.2  14.6  15.4  11.3   7.4   5.4  -4.0   506   506   506   506   506   506   506   506   506   506   506   506 
1939   0.8   0.5   2.1   6.9   7.8  14.2  15.6  15.2  10.8   4.2   2.6  -5.4   506   506   506   506   506   506   506   506   506   506   506   506 
1940 -11.6  -6.9  -0.6   4.8   8.9  14.6  14.5  11.5  10.4   6.3   4.0  -6.4   506   506   506   506   506   506   506   506   506   506   506   506 
1941 -99.0 -99.0 -99.0 -99.0 -99.0 -99.0 -99.0 -99.0 -99.0 -99.0 -99.0 -99.0   -99   -99   -99   -99   -99   -99   -99   -99   -99   -99   -99   -99 
1942 -99.0 -99.0 -99.0 -99.0 -99.0 -99.0 -99.0 -99.0 -99.0 -99.0 -99.0 -99.0   -99   -99   -99   -99   -99   -99   -99   -99   -99   -99   -99   -99 
1943  -2.8   1.0   3.2   6.2   9.4  12.2  14.8  16.5  11.8   8.4   1.0  -3.0   506   506   506   506   506   506   506   506   506   506   506   506 
1944   0.3  -3.9  -2.7   4.7   8.6  12.7  15.6  16.3  11.0   7.2   2.2  -3.0   506   506   506   506   506   506   506   506   506   506   506   506 
1945  -6.2   1.2 -99.0 -99.0 -99.0 -99.0 -99.0 -99.0 -99.0 -99.0 -99.0 -99.0   506   506   -99   -99   -99   -99   -99   -99   -99   -99   -99   -99 
