Number= 377060
Name= DILIJAN
Country= ARMENIAN
Lat=   40.8
Long=  -44.9
Height= -9999
Start year= 1991
End year= 2012
First Good year= 1991
Source ID= 98
Source file= Jones
Jones data to= 2012
Normals source start year= 1991
Normals source end year= 1990
Normals= -99.0 -99.0 -99.0 -99.0 -99.0 -99.0 -99.0 -99.0 -99.0 -99.0 -99.0 -99.0 
Standard deviations source= Data
Standard deviations source start year= 1991
Standard deviations source end year= 1990
Obs:
1991  -2.2  -2.9   2.6   9.2  10.9  15.8  18.8  18.3  14.5  11.2   3.4 -99.0   506   506   506   506   506   506   506   506   506   506   506   -99 
1992 -99.0 -99.0 -99.0 -99.0  11.9  15.5  18.6  18.2  14.3  11.8   4.3  -1.8   -99   -99   -99   -99   506   506   506   506   506   506   506   506 
1993  -3.6  -4.3   1.8   7.2  11.2  15.4  18.3  17.6  14.3   8.2  -1.1   1.1   506   506   506   506   506   506   506   506   506   506   506   506 
1994   1.0  -2.5   3.3   9.4  11.9  14.8  17.4  17.4  15.3  10.4   4.4  -3.4   506   506   506   506   506   506   506   506   506   506   506   506 
1995   0.5   1.4   4.3   9.0  13.2  16.4  18.5  19.7  15.0   8.4   5.8  -0.5   506   506   506   506   506   506   506   506   506   506   506   506 
1996  -3.0  -0.4   1.0   6.3  13.3  14.6  19.5  18.8  14.4   9.4 -99.0 -99.0   506   506   506   506   506   506   506   506   506   506   -99   -99 
1997 -99.0 -99.0 -99.0 -99.0 -99.0 -99.0 -99.0 -99.0 -99.0 -99.0 -99.0 -99.0   -99   -99   -99   -99   -99   -99   -99   -99   -99   -99   -99   -99 
1998  -1.8  -1.7   3.2  10.8  13.6  18.6  19.6  20.3  15.4  11.3   6.7   3.0   506   506   506   506   506   506   506   506   506   506   506   506 
1999   1.4   2.3   3.7   7.7  11.0  15.6  18.9  20.9  14.5  10.0   3.7   3.5   506   506   506   506   506   506   506   506   506   506   506   506 
2000  -2.8  -1.0   1.5  10.9  11.1  16.3  22.0  20.4  15.4   7.9   3.5   1.5   506   506   506   506   506   506   506   506   506   506   506   506 
2001  -0.8   1.7   6.1   9.2  11.2  17.3  19.5  19.8  15.4   8.4   4.9   1.6   506   506   506   506   506   506   506   506   506   506   506   506 
2002  -1.8   2.9   5.6   6.6  10.7  15.8  19.1  17.6  16.3  11.5   5.9  -3.9   506   506   506   506   506   506   506   506   506   506   506   506 
2003   0.9  -1.2  -0.5   5.6  13.0  14.5  18.3  18.8  13.8  12.0   4.3   1.6   506   506   506   506   506   506   506   506   506   506   506   506 
2004   1.0   1.4   4.8   6.9  11.5  15.4  17.2  19.2  14.3   9.9   4.9  -0.8   506   506   506   506   506   506   506   506   506   506   506   506 
2005  -0.6  -1.8   3.1   8.7  12.3  15.1  19.9  19.1  14.4   9.0   5.3   2.5   506   506   506   506   506   506   506   506   506   506   506   506 
2006  -3.8   0.9   5.0   8.4  12.4  19.5  18.1  21.8  15.3  11.4   4.3  -1.9   506   506   506   506   506   506   506   506   506   506   506   506 
2007  -0.4  -0.3   2.0   4.5  13.8  16.3  18.1  18.4  16.3  11.1   3.8  -0.3   506   506   506   506   506   506   506   506   506   506   506   506 
2008  -7.2  -3.2   8.1  11.4  10.9  15.1  19.0  19.2  15.6   9.8   4.8  -1.0   506   506   506   506   506   506   506   506   506   506   506   506 
2009  -1.0   2.7   4.1   5.5  11.7  15.8  18.5  16.0  13.1  11.5   5.2   3.1   506   506   506   506   506   506   506   506   506   506   506   506 
2010   1.8   1.6   5.1   7.6  12.4  18.5  20.5  19.7  16.8  10.5   7.2   4.8   506   506   506   506   506   506   506   506   506   506   506   506 
2011  -0.4  -2.8   2.4   6.4  12.2  16.4  20.1  18.5  14.3   8.5  -0.1   0.3   506   506   506   506   506   506   506   506   506   506   506   506 
2012  -1.4  -4.5   0.4  11.3  13.7  18.0  18.8  19.8  15.2 -99.0 -99.0 -99.0   506   506   506   506   506   506   506   506   506   -99   -99   -99 
