Number= 986375
Name= LA CARLOTA LA GRANJA
Country= PHILIPPINES
Lat=   10.4
Long= -122.9
Height= 22
Start year= 1975
End year= 2000
First Good year= 1975
Source ID= 85
Source file= Jones
Jones data to= 2000
Normals source start year= 1975
Normals source end year= 1990
Normals= -99.0 -99.0 -99.0 -99.0 -99.0 -99.0 -99.0 -99.0 -99.0 -99.0 -99.0 -99.0 
Standard deviations source= Data
Standard deviations source start year= 1975
Standard deviations source end year= 1990
Obs:
1975 -99.0 -99.0 -99.0 -99.0 -99.0  26.7  26.2  26.8  26.6  26.7  26.7  25.9   -99   -99   -99   -99   -99   506   506   506   506   506   506   506 
1976  25.4  25.3  26.6  27.6  27.0  26.5  26.6  26.2  26.2  27.0  26.8  26.2   506   506   506   506   506   506   506   506   506   506   506   506 
1977  26.6  25.9  27.0  28.2  28.8  27.2  26.3  26.6  26.2  26.7  26.5  26.0   506   506   506   506   506   506   506   506   506   506   506   506 
1978  25.1  25.3  27.7  28.5  28.7  27.4  27.2  26.5  26.6  26.6  26.7  26.5   506   506   506   506   506   506   506   506   506   506   506   506 
1979  25.8  26.9  27.3  28.3  28.0  27.5  26.2  26.5  27.1  26.8  27.1  25.8   506   506   506   506   506   506   506   506   506   506   506   506 
1980  25.9  26.1  26.8  27.8  28.1  26.8  26.8  26.7  27.1  26.9  26.8  26.3   506   506   506   506   506   506   506   506   506   506   506   506 
1981  25.1  26.2  27.3  28.5  28.7  27.2  27.1  27.2  27.0  27.0  26.7  25.8   506   506   506   506   506   506   506   506   506   506   506   506 
1982  25.4  26.1  27.3  28.2  28.2  27.7  27.1  27.1  27.0  27.3  27.2  27.1   506   506   506   506   506   506   506   506   506   506   506   506 
1983  26.7  26.7  28.4  29.6  30.4  29.2  27.8  28.3  27.8  27.8  27.2  26.5   506   506   506   506   506   506   506   506   506   506   506   506 
1984  26.3  26.3  27.6  28.4  28.6  27.6  27.8  27.4  27.4  27.3  27.2  26.6   506   506   506   506   506   506   506   506   506   506   506   506 
1985  25.5  27.3  28.3  28.6  28.4  27.8  27.0  27.6  26.9  27.1  27.2  26.3   506   506   506   506   506   506   506   506   506   506   506   506 
1986  25.5  25.8  27.2  28.1  28.6  27.5  27.0  27.0  27.1  27.2  27.1  25.9   506   506   506   506   506   506   506   506   506   506   506   506 
1987 -99.0  25.5  27.2  28.8  29.0 -99.0  26.9  27.4  26.9  27.8  27.3  26.8   -99   506   506   506   506   -99   506   506   506   506   506   506 
1988  27.3  27.8  28.3  28.8  29.1  27.3  27.6  27.7  27.4  26.3  26.4  25.4   506   506   506   506   506   506   506   506   506   506   506   506 
1989  26.2  25.6  26.6  27.8  27.9  27.0  27.4  27.5  27.9  27.8  27.0  26.2   506   506   506   506   506   506   506   506   506   506   506   506 
1990  26.2  27.4  27.9  29.9  29.1  28.1  27.7  27.6  28.1  27.7  27.2  26.9   506   506   506   506   506   506   506   506   506   506   506   506 
1991  26.8  27.5  27.0  28.7  29.0  28.5  27.5  27.3  27.5  27.5  26.9  26.7   506   506   506   506   506   506   506   506   506   506   506   506 
1992  26.3  27.1  28.2  29.7  29.4  28.2  27.5  27.9  27.7  27.2  26.7  26.6   506   506   506   506   506   506   506   506   506   506   506   506 
1993  26.7  26.7  27.2  28.7  29.8  28.8  27.7  27.0  27.6  27.6  27.9  27.3   506   506   506   506   506   506   506   506   506   506   506   506 
1994  26.9  27.1  28.4  28.2  28.5  27.8  27.1  27.7  27.3  27.8  27.5  26.8   506   506   506   506   506   506   506   506   506   506   506   506 
1995  26.9  27.3  27.3  28.9  28.9  28.6  27.5  28.0  27.4  27.6  27.7  26.8   506   506   506   506   506   506   506   506   506   506   506   506 
1996  25.9  26.6  27.8  28.0  28.3  28.4  27.7  28.0  27.6  28.2  27.1  26.2   506   506   506   506   506   506   506   506   506   506   506   506 
1997  25.6  26.5  26.8  28.5  28.8  27.8  27.7 -99.0  27.7  28.0  27.8  27.5   506   506   506   506   506   506   506   -99   506   506   506   506 
1998  27.8  28.0  28.7  29.8  30.2  28.7  28.6  28.1  28.3  27.9  28.1  27.9   506   506   506   506   506   506   506   506   506   506   506   506 
1999  27.4  26.4  27.8  28.3  28.3  27.5  27.1  27.2  27.6  28.0  27.1  27.4   506   506   506   506   506   506   506   506   506   506   506   506 
2000  27.1  27.0  27.7  28.7  28.5  27.8  27.6  27.5  27.8  27.6  27.9  26.9   506   506   506   506   506   506   506   506   506   506   506   506 
