Number= 987535
Name= PCA BAGO OSHIRO DAVA
Country= PHILIPPINES
Lat=    7.0
Long= -125.5
Height= 110
Start year= 1976
End year= 2000
First Good year= 1976
Source ID= 85
Source file= Jones
Jones data to= 2000
Normals source start year= 1976
Normals source end year= 1990
Normals= -99.0 -99.0 -99.0 -99.0 -99.0 -99.0 -99.0 -99.0 -99.0 -99.0 -99.0 -99.0 
Standard deviations source= Data
Standard deviations source start year= 1976
Standard deviations source end year= 1990
Obs:
1976 -99.0 -99.0 -99.0 -99.0  27.0  26.1  25.9  26.1  26.3  27.0  27.4  27.4   -99   -99   -99   -99   506   506   506   506   506   506   506   506 
1977  26.8  27.0  26.9  28.1  27.3  26.1  25.8  25.5  26.2  26.4  26.5  27.0   506   506   506   506   506   506   506   506   506   506   506   506 
1978  26.6  27.1  27.3  28.0  27.4  26.7  26.6  27.0  26.6  27.0  27.1  26.9   506   506   506   506   506   506   506   506   506   506   506   506 
1979  27.0  27.4  27.3  28.0  27.4  27.1  26.2 -99.0 -99.0  26.8  27.4  26.8   506   506   506   506   506   506   506   -99   -99   506   506   506 
1980  26.5  26.8 -99.0 -99.0  27.5  26.9 -99.0 -99.0  26.6  26.8  27.1  27.0   506   506   -99   -99   506   506   -99   -99   506   506   506   506 
1981  26.0  26.8  27.4 -99.0  27.9  27.0  26.7  26.9  26.8  26.7  27.0  26.6   506   506   506   -99   506   506   506   506   506   506   506   506 
1982  26.5  26.5  27.4  27.7  27.3  26.6  26.2  26.0  26.2  26.6  26.9 -99.0   506   506   506   506   506   506   506   506   506   506   506   -99 
1983  27.6  27.5  27.6  28.0  28.0  27.3 -99.0  26.4  26.6  26.7  26.8  26.2   506   506   506   506   506   506   -99   506   506   506   506   506 
1984  26.3  25.9  26.5  27.2  27.2  26.3  26.2  26.1  26.4  26.3  27.0 -99.0   506   506   506   506   506   506   506   506   506   506   506   -99 
1985  25.9  27.7  27.5  27.0  26.6  26.0  25.7  25.7  25.5  25.5  26.5  25.6   506   506   506   506   506   506   506   506   506   506   506   506 
1986  25.3  25.5  26.1  26.5  26.4  25.5  25.1  25.7  25.1  25.6  25.9  25.8   506   506   506   506   506   506   506   506   506   506   506   506 
1987  25.3  25.4  26.1  26.6  26.2  25.9  25.1  25.2  25.5  25.9  26.4  26.2   506   506   506   506   506   506   506   506   506   506   506   506 
1988  26.6  26.3  27.3  26.6  26.6  25.8  25.8  25.7  25.8  25.8  26.1  25.6   506   506   506   506   506   506   506   506   506   506   506   506 
1989  26.2  26.3  25.8  25.9  26.2  25.7  25.4  25.4  25.3  25.6  26.0  25.8   506   506   506   506   506   506   506   506   506   506   506   506 
1990  25.5  25.9  26.7 -99.0  26.5  25.4  25.2  24.8  25.4  25.6  25.4  25.6   506   506   506   -99   506   506   506   506   506   506   506   506 
1991  25.1  25.6  25.4  26.7  26.2  25.6  25.2  25.5  25.5  25.3  25.4  25.4   506   506   506   506   506   506   506   506   506   506   506   506 
1992 -99.0 -99.0 -99.0 -99.0 -99.0 -99.0 -99.0  24.9  24.9  25.0  24.8  24.0   -99   -99   -99   -99   -99   -99   -99   506   506   506   506   506 
1993  25.3  26.2  26.6  27.2  26.9  25.7  25.4  24.7  24.8  25.1  25.7  25.6   506   506   506   506   506   506   506   506   506   506   506   506 
1994  24.9  25.3  25.7  26.2  25.8  25.2  25.0  25.6  25.3  25.8  26.2  25.4   506   506   506   506   506   506   506   506   506   506   506   506 
1995 -99.0 -99.0 -99.0  26.6  27.0  26.1  25.3  25.6  25.9  25.6  26.0  25.2   -99   -99   -99   506   506   506   506   506   506   506   506   506 
1996  25.1  26.0  26.8 -99.0 -99.0 -99.0  25.9  26.0  26.6  26.3  25.8 -99.0   506   506   506   -99   -99   -99   506   506   506   506   506   -99 
1997 -99.0 -99.0  26.0  26.6  26.4  25.8 -99.0  25.9  25.9  25.1  25.5  25.4   -99   -99   506   506   506   506   -99   506   506   506   506   506 
1998  26.0  25.9  29.3  27.8  27.8  27.6  26.4  25.7 -99.0  26.6  26.1  26.0   506   506   506   506   506   506   506   506   -99   506   506   506 
1999  25.6  25.5 -99.0  25.8  25.8  25.6  25.2  24.5  25.5  25.9  26.4  24.6   506   506   -99   506   506   506   506   506   506   506   506   506 
2000 -99.0 -99.0 -99.0 -99.0 -99.0 -99.0 -99.0  26.6  26.7  25.7  25.6  25.9   -99   -99   -99   -99   -99   -99   -99   506   506   506   506   506 
