Number= 987513
Name= MSU MARAWI CITY
Country= PHILIPPINES
Lat=    8.0
Long= -124.3
Height= 854
Start year= 1969
End year= 2000
First Good year= 1969
Source ID= 85
Source file= Jones
Jones data to= 2000
Normals source start year= 1969
Normals source end year= 1990
Normals= -99.0 -99.0 -99.0 -99.0 -99.0 -99.0 -99.0 -99.0 -99.0 -99.0 -99.0 -99.0 
Standard deviations source= Data
Standard deviations source start year= 1969
Standard deviations source end year= 1990
Obs:
1969 -99.0 -99.0 -99.0 -99.0 -99.0 -99.0 -99.0 -99.0  22.5  22.6  22.4  22.7   -99   -99   -99   -99   -99   -99   -99   -99   506   506   506   506 
1970  21.0  21.8  22.7  23.3  23.8  23.0  22.7  23.1  23.2  23.0  22.9  22.5   506   506   506   506   506   506   506   506   506   506   506   506 
1971  21.9  22.7 -99.0 -99.0 -99.0 -99.0 -99.0 -99.0 -99.0 -99.0 -99.0 -99.0   506   506   -99   -99   -99   -99   -99   -99   -99   -99   -99   -99 
1972 -99.0 -99.0 -99.0 -99.0 -99.0 -99.0 -99.0 -99.0 -99.0 -99.0 -99.0 -99.0   -99   -99   -99   -99   -99   -99   -99   -99   -99   -99   -99   -99 
1973 -99.0 -99.0 -99.0 -99.0 -99.0 -99.0 -99.0 -99.0 -99.0 -99.0 -99.0 -99.0   -99   -99   -99   -99   -99   -99   -99   -99   -99   -99   -99   -99 
1974  21.4  20.8  21.2  22.8  22.3  22.6  22.5  22.7  23.0  22.3  21.8  22.3   506   506   506   506   506   506   506   506   506   506   506   506 
1975  21.5  21.6  22.1  22.8  23.2  23.3  22.3  23.0  22.8  22.9  22.1  22.5   506   506   506   506   506   506   506   506   506   506   506   506 
1976  21.2  21.0  24.0  22.6  23.2  22.7  22.8  22.7  22.9  24.9 -99.0  22.4   506   506   506   506   506   506   506   506   506   506   -99   506 
1977  22.7  21.5  21.6  22.6  23.3  23.3  22.9  22.8  23.0  22.8  22.6  21.9   506   506   506   506   506   506   506   506   506   506   506   506 
1978  21.3  21.5  22.6  23.0  23.4 -99.0  23.3  23.2  23.0  22.8  22.8  22.5   506   506   506   506   506   -99   506   506   506   506   506   506 
1979  21.6  23.0  22.7  24.0  24.5  23.8  23.5  24.1  23.8  23.4  23.2  22.0   506   506   506   506   506   506   506   506   506   506   506   506 
1980  22.5  21.5  22.4  23.3  24.1 -99.0 -99.0 -99.0  24.7 -99.0 -99.0 -99.0   506   506   506   506   506   -99   -99   -99   506   -99   -99   -99 
1981  21.2  21.5  23.9  25.8  25.5  23.8  24.8  25.6  25.4  25.2  24.6  23.0   506   506   506   506   506   506   506   506   506   506   506   506 
1982  21.6 -99.0 -99.0 -99.0 -99.0  24.5  23.2  22.9  23.4  22.5  22.5  22.5   506   -99   -99   -99   -99   506   506   506   506   506   506   506 
1983  22.2  22.4  23.8  23.8  24.5  24.2  23.1  23.1  23.1  23.1  22.8  22.1   506   506   506   506   506   506   506   506   506   506   506   506 
1984  22.0 -99.0 -99.0  23.0 -99.0  22.3  22.6  22.8  23.3  22.4 -99.0  22.8   506   -99   -99   506   -99   506   506   506   506   506   -99   506 
1985  22.8 -99.0 -99.0 -99.0  23.2 -99.0  23.4 -99.0 -99.0 -99.0 -99.0 -99.0   506   -99   -99   -99   506   -99   506   -99   -99   -99   -99   -99 
1986 -99.0 -99.0 -99.0 -99.0 -99.0 -99.0 -99.0 -99.0 -99.0 -99.0 -99.0 -99.0   -99   -99   -99   -99   -99   -99   -99   -99   -99   -99   -99   -99 
1987  23.1 -99.0 -99.0 -99.0 -99.0 -99.0  22.9  23.2  21.9  23.5  23.1 -99.0   506   -99   -99   -99   -99   -99   506   506   506   506   506   -99 
1988 -99.0 -99.0 -99.0 -99.0 -99.0 -99.0 -99.0 -99.0  25.0  24.0  23.1  22.5   -99   -99   -99   -99   -99   -99   -99   -99   506   506   506   506 
1989  23.2  22.4  25.9  23.6  24.1  23.6  23.8  23.9  23.9  23.4 -99.0 -99.0   506   506   506   506   506   506   506   506   506   506   -99   -99 
1990  22.6  23.0  23.2  23.6  23.9  24.2  23.8  23.0  23.3  23.3  22.8  22.4   506   506   506   506   506   506   506   506   506   506   506   506 
1991  21.9  22.8  22.9  23.4 -99.0 -99.0 -99.0 -99.0 -99.0 -99.0 -99.0 -99.0   506   506   506   506   -99   -99   -99   -99   -99   -99   -99   -99 
1992  23.4  22.8  23.7  24.2  23.4  23.2  23.4  23.3  23.5  23.0  23.2  22.5   506   506   506   506   506   506   506   506   506   506   506   506 
1993  22.2  22.2  22.6  22.3  23.8  23.5  23.2  22.8  23.2  23.4  23.4  22.9   506   506   506   506   506   506   506   506   506   506   506   506 
1994  22.9 -99.0  22.9  23.7  23.3  22.9  23.2  23.2  23.3  23.4  18.1  22.7   506   -99   506   506   506   506   506   506   506   506   506   506 
1995  21.9  22.2  22.6  23.4 -99.0  24.3  23.7  24.2  23.7  23.6  23.6  23.2   506   506   506   506   -99   506   506   506   506   506   506   506 
1996  22.1  21.7  23.1  24.0  24.3  24.0  24.0  23.9  23.9  24.0  23.2  22.5   506   506   506   506   506   506   506   506   506   506   506   506 
1997  22.0  22.3  22.0  23.0  23.6  23.4  23.1  23.5  23.8  23.4  23.6  23.1   506   506   506   506   506   506   506   506   506   506   506   506 
1998  22.5  22.9  23.6  24.1  24.7  24.3  24.1  23.9  24.1  23.4  23.5  23.3   506   506   506   506   506   506   506   506   506   506   506   506 
1999 -99.0  22.5  23.0  23.3  23.9  23.5  22.9  22.8  23.6  23.5  23.1  23.4   -99   506   506   506   506   506   506   506   506   506   506   506 
2000  22.7  23.0  23.1  23.2  23.8  23.4  23.5  23.4  23.4  23.4  23.1  23.4   506   506   506   506   506   506   506   506   506   506   506   506 
