Number= 600250
Name= TENERIFE/SUR
Country= SPAIN
Lat=   28.1
Long=   16.6
Height= 64
Start year= 2010
End year= 2020
First Good year= 2011
Source ID= 98
Source file= Jones
Jones data to= 2014
Normals source start year= 2011
Normals source end year= 1990
Normals= -99.0 -99.0 -99.0 -99.0 -99.0 -99.0 -99.0 -99.0 -99.0 -99.0 -99.0 -99.0 
Standard deviations source= Data
Standard deviations source start year= 2011
Standard deviations source end year= 1990
Obs:
2010  18.8  19.5  19.7  20.0  20.5  21.8  23.8  25.1  24.4  23.1  21.5  19.9   900   900   900   900   900   900   900   900   900   900   900   900 
2011  18.3  17.9  17.8  19.3  20.7  22.9  23.2  23.9  23.8  23.7  20.6  19.8   506   506   506   506   506   506   506   506   506   506   506   506 
2012  18.4  16.8  19.3  19.0  22.1  23.8  25.2  26.6  25.0  23.6  21.7  19.8   506   506   506   506   506   506   506   506   506   506   506   506 
2013  19.0  18.8  19.9  20.8  21.1  22.2  24.2  26.3  24.6  23.5  21.5  19.6   506   506   506   506   506   506   506   506   506   506   506   506 
2014  17.9  17.7  18.1  19.4  20.5  21.8  22.9  24.5  24.6  23.7  22.1  20.0   506   506   506   506   506   506   506   506   506   506   506   506 
2015  18.5  17.8  18.9  19.2  21.9  22.0  25.5  26.2  25.8  24.8  23.1  21.5   900   900   900   900   900   900   900   900   900   900   900   900 
2016  20.3  19.4  19.2  20.2  21.1  23.3  25.2  26.2  24.8  23.8  22.1  20.4   900   900   900   900   900   900   900   900   900   900   900   900 
2017  19.0  18.6  20.1  21.5  22.6  24.1  24.6  26.3  25.3  25.2  22.5  19.7   900   900   900   900   900   900   900   900   900   900   900   900 
2018  19.0  17.7  19.7  19.6  19.6  21.7  23.8  25.1  25.0  23.1  20.5  20.5   900   900   900   900   900   900   900   900   900   900   900   900 
2019  18.3  19.6  19.1  19.4  21.1  22.5  24.0  25.5  24.3  23.6  22.1  20.1   900   900   900   900   900   900   900   900   900   900   900   900 
2020  18.4  21.2  19.3  20.2  21.9  23.9  24.8  25.9  25.5  24.0  22.6  19.4   900   900   900   900   900   900   900   900   900   900   900   900 
