Number= 601560
Name= NOUASSEUR
Country= MOROCCO
Lat=   33.4
Long=    7.6
Height= 200
Start year= 1991
End year= 2012
First Good year= 1991
Source ID= 98
Source file= Jones
Jones data to= 2012
Normals source start year= 1991
Normals source end year= 1990
Normals= -99.0 -99.0 -99.0 -99.0 -99.0 -99.0 -99.0 -99.0 -99.0 -99.0 -99.0 -99.0 
Standard deviations source= Data
Standard deviations source start year= 1991
Standard deviations source end year= 1990
Obs:
1991  10.7  10.0  13.1  14.5  17.6  21.5  24.9  25.3  23.1  17.1  14.4  13.1   506   506   506   506   506   506   506   506   506   506   506   506 
1992  10.7  13.5  14.1  15.9  20.4  18.4  23.6  24.5  22.8  18.1  14.7  13.2   506   506   506   506   506   506   506   506   506   506   506   506 
1993  10.5  12.7  15.3  15.2  17.5  21.1  24.8  23.8  20.6  17.7  13.9  12.0   506   506   506   506   506   506   506   506   506   506   506   506 
1994  10.3  11.9  14.3  14.8  18.7  22.3  25.7  24.2  20.9  19.8  16.7  13.1   506   506   506   506   506   506   506   506   506   506   506   506 
1995  11.7  13.9  16.1  17.3  20.8  21.5  24.7  25.0  21.2  21.6  18.6  14.8   506   506   506   506   506   506   506   506   506   506   506   506 
1996  13.9  11.3  13.9  16.0  18.6  23.0  24.4  22.2  21.4  19.1  15.7  13.8   506   506   506   506   506   506   506   506   506   506   506   506 
1997  13.4  14.5  16.9  17.8  18.5  20.6  22.3  23.7  23.6  21.3  16.9  13.2   506   506   506   506   506   506   506   506   506   506   506   506 
1998  12.0  15.4  16.6  15.2  17.5  22.1  23.8  24.8  22.5  18.6  16.5  11.6   506   506   506   506   506   506   506   506   506   506   506   506 
1999  11.0  10.4  13.3  16.5  18.9  21.4  24.0  24.5  22.0  19.8  14.8  11.9   506   506   506   506   506   506   506   506   506   506   506   506 
2000  10.7  14.4  16.7  15.2  19.2  22.4  23.8  24.9  22.9  17.9  14.6  14.1   506   506   506   506   506   506   506   506   506   506   506   506 
2001  12.7  12.5  16.4  16.4  18.4  22.6  22.5  23.6  22.2  21.5  16.1  15.8   506   506   506   506   506   506   506   506   506   506   506   506 
2002  13.6  14.1  15.2  15.4  17.6  20.1  23.1  22.5  22.6  20.7  16.3  15.1   506   506   506   506   506   506   506   506   506   506   506   506 
2003  11.0  11.5  16.1  16.3  20.1  22.9  23.9  25.8  23.7  19.2  15.6  13.0   506   506   506   506   506   506   506   506   506   506   506   506 
2004  12.1  13.4  13.7  15.8  17.4  24.0  25.1  25.5  23.6  20.8  15.8  12.0   506   506   506   506   506   506   506   506   506   506   506   506 
2005   9.8   9.7  15.9  16.7  20.1  23.8  23.7  25.3  23.2  21.6  14.7  12.8   506   506   506   506   506   506   506   506   506   506   506   506 
2006  10.6  12.0  14.3  17.3  20.5  22.2  26.0  25.2  24.3  21.6  18.1  12.2   506   506   506   506   506   506   506   506   506   506   506   506 
2007  11.8  14.3  14.3  15.9  18.8  21.4  24.6  24.1  22.5  20.7  16.5  13.6   506   506   506   506   506   506   506   506   506   506   506   506 
2008  13.0  15.6  14.6  18.3  17.8  22.7  24.1  24.2  22.8  18.6  13.5  11.7   506   506   506   506   506   506   506   506   506   506   506   506 
2009  11.0  12.9  15.9  14.6  19.5  23.9  26.0  25.4  22.2  21.9  17.8  15.2   506   506   506   506   506   506   506   506   506   506   506   506 
2010  13.2  15.2  15.5  18.1  18.7  21.2  25.4  27.6  24.1  19.5  15.1  15.5   506   506   506   506   506   506   506   506   506   506   506   506 
2011  12.5  11.6  13.8  18.5  18.7  23.9  24.0  25.0  23.0  21.3  16.0  11.6   506   506   506   506   506   506   506   506   506   506   506   506 
2012  10.7   9.3  15.1  14.8  20.9  23.3  24.5  25.8  23.4  20.7  17.0  12.8   506   506   506   506   506   506   506   506   506   506   506   506 
