Number= 601850
Name= SAFI
Country= MOROCCO
Lat=   32.3
Long=    9.2
Height= 40
Start year= 1896
End year= 2014
First Good year= 1896
Source ID= 99
Source file= Jones
Jones data to= 2014
Normals source start year= 1961
Normals source end year= 1990
Normals= -99.0 -99.0 -99.0 -99.0 -99.0 -99.0 -99.0 -99.0 -99.0 -99.0 -99.0 -99.0 
Standard deviations source= Data
Standard deviations source start year= 1941
Standard deviations source end year= 1990
Standard deviations=   1.1   1.2   1.1   1.3   1.3   0.8   1.4   1.3   1.0   1.3   1.2   1.3 
Obs:
1896 -99.0 -99.0 -99.0 -99.0 -99.0 -99.0 -99.0  23.6  23.5  18.8  13.8  12.8   -99   -99   -99   -99   -99   -99   -99   506   506   506   506   506 
1897  12.0  12.7  16.7  18.6 -99.0  23.3  25.3  26.7  23.7  21.1  17.2 -99.0   506   506   506   506   -99   506   506   506   506   506   506   -99 
1898 -99.0 -99.0 -99.0 -99.0 -99.0 -99.0 -99.0 -99.0 -99.0 -99.0 -99.0 -99.0   -99   -99   -99   -99   -99   -99   -99   -99   -99   -99   -99   -99 
1899 -99.0 -99.0 -99.0 -99.0 -99.0 -99.0  25.5  26.3  23.1  22.6  17.3  14.5   -99   -99   -99   -99   -99   -99   506   506   506   506   506   506 
1900  12.4 -99.0 -99.0 -99.0 -99.0 -99.0 -99.0 -99.0 -99.0  21.1  15.9  14.0   506   -99   -99   -99   -99   -99   -99   -99   -99   506   506   506 
1901  14.7  13.8  14.8  18.5  19.3  21.8  23.1  25.7  22.0  19.2 -99.0 -99.0   506   506   506   506   506   506   506   506   506   506   -99   -99 
1902 -99.0 -99.0 -99.0 -99.0 -99.0 -99.0  24.0  26.2  22.7  19.1  16.2  13.8   -99   -99   -99   -99   -99   -99   506   506   506   506   506   506 
1903  12.7  13.9  15.7  17.7  18.3  20.7  24.5  25.0  21.6  20.2  16.5  13.3   506   506   506   506   506   506   506   506   506   506   506   506 
1904  12.4  13.3  13.7  16.3  20.5  22.3  24.0  25.7  22.6  20.8  18.2  14.5   506   506   506   506   506   506   506   506   506   506   506   506 
1905  13.3  12.8  16.0  18.0  19.7  21.4  23.0  25.1  22.9  20.5  16.0  13.0   506   506   506   506   506   506   506   506   506   506   506   506 
1906  12.2  12.2  15.3 -99.0 -99.0  22.9  24.1  25.2  23.0  21.4  16.0  12.1   506   506   506   -99   -99   506   506   506   506   506   506   506 
1907  11.1  11.3  15.2  17.0  18.2  21.8  22.2  25.7  24.2  18.7  15.8  14.0   506   506   506   506   506   506   506   506   506   506   506   506 
1908 -99.0 -99.0 -99.0 -99.0 -99.0 -99.0 -99.0 -99.0  23.1  20.2  17.7  14.2   -99   -99   -99   -99   -99   -99   -99   -99   506   506   506   506 
1909  11.6  13.4  15.2  17.5  20.0  20.6  24.3  25.0  21.6  21.1  17.3 -99.0   506   506   506   506   506   506   506   506   506   506   506   -99 
1910 -99.0 -99.0  14.0  16.4  18.2  19.5 -99.0 -99.0 -99.0 -99.0  17.5  14.3   -99   -99   506   506   506   506   -99   -99   -99   -99   506   506 
1911 -99.0 -99.0 -99.0 -99.0 -99.0 -99.0 -99.0 -99.0 -99.0 -99.0 -99.0 -99.0   -99   -99   -99   -99   -99   -99   -99   -99   -99   -99   -99   -99 
1912 -99.0 -99.0 -99.0 -99.0 -99.0 -99.0 -99.0 -99.0 -99.0 -99.0 -99.0 -99.0   -99   -99   -99   -99   -99   -99   -99   -99   -99   -99   -99   -99 
1913 -99.0 -99.0 -99.0 -99.0 -99.0 -99.0 -99.0 -99.0 -99.0 -99.0 -99.0 -99.0   -99   -99   -99   -99   -99   -99   -99   -99   -99   -99   -99   -99 
1914 -99.0 -99.0 -99.0 -99.0 -99.0 -99.0 -99.0 -99.0 -99.0 -99.0 -99.0 -99.0   -99   -99   -99   -99   -99   -99   -99   -99   -99   -99   -99   -99 
1915 -99.0 -99.0 -99.0 -99.0 -99.0 -99.0 -99.0 -99.0 -99.0 -99.0 -99.0 -99.0   -99   -99   -99   -99   -99   -99   -99   -99   -99   -99   -99   -99 
1916 -99.0 -99.0 -99.0 -99.0 -99.0 -99.0 -99.0 -99.0 -99.0 -99.0 -99.0 -99.0   -99   -99   -99   -99   -99   -99   -99   -99   -99   -99   -99   -99 
1917 -99.0 -99.0 -99.0 -99.0 -99.0 -99.0 -99.0  27.8 -99.0 -99.0 -99.0 -99.0   -99   -99   -99   -99   -99   -99   -99   506   -99   -99   -99   -99 
1918  16.9 -99.0 -99.0  17.1  21.8  26.2  27.7  27.1  25.9  20.8  17.7  15.0   506   -99   -99   506   506   506   506   506   506   506   506   506 
1919 -99.0 -99.0 -99.0 -99.0 -99.0 -99.0 -99.0 -99.0 -99.0 -99.0 -99.0 -99.0   -99   -99   -99   -99   -99   -99   -99   -99   -99   -99   -99   -99 
1920 -99.0 -99.0 -99.0 -99.0 -99.0 -99.0 -99.0 -99.0 -99.0 -99.0 -99.0 -99.0   -99   -99   -99   -99   -99   -99   -99   -99   -99   -99   -99   -99 
1921 -99.0 -99.0 -99.0 -99.0 -99.0 -99.0 -99.0 -99.0 -99.0 -99.0 -99.0 -99.0   -99   -99   -99   -99   -99   -99   -99   -99   -99   -99   -99   -99 
1922 -99.0 -99.0 -99.0 -99.0 -99.0 -99.0 -99.0 -99.0 -99.0 -99.0 -99.0 -99.0   -99   -99   -99   -99   -99   -99   -99   -99   -99   -99   -99   -99 
1923 -99.0 -99.0 -99.0 -99.0  17.5  21.1  24.5  26.1  19.8  18.6  13.5   8.1   -99   -99   -99   -99   506   506   506   506   506   506   506   506 
1924  11.0  11.3  14.5  17.4  19.5  20.0  27.6  23.1  23.8  22.0  16.7  13.7   506   506   506   506   506   506   506   506   506   506   506   506 
1925  13.2  11.9  12.9  15.0  17.1  19.9  20.2  22.8  22.7  20.0  18.0  16.7   506   506   506   506   506   506   506   506   506   506   506   506 
1926  15.0  16.3  17.1  17.7  20.1 -99.0 -99.0  25.3 -99.0  22.2  17.0  15.9   506   506   506   506   506   -99   -99   506   -99   506   506   506 
1927 -99.0 -99.0 -99.0 -99.0 -99.0 -99.0 -99.0 -99.0 -99.0 -99.0 -99.0 -99.0   -99   -99   -99   -99   -99   -99   -99   -99   -99   -99   -99   -99 
1928  12.5  15.4  16.3  17.2  17.3  23.7  27.3  27.2  24.9  22.2  16.4  13.3   506   506   506   506   506   506   506   506   506   506   506   506 
1929  16.0  14.8  16.2  19.0  20.0  20.5  27.8  24.0  23.4  22.3  17.6  16.8   506   506   506   506   506   506   506   506   506   506   506   506 
1930  15.7  15.2  17.3  16.1  20.3  21.1  23.3  24.4  24.1  22.8  18.5  15.4   506   506   506   506   506   506   506   506   506   506   506   506 
1931  13.9  14.5  17.2  17.0  19.0  21.8  24.4  23.6  22.3  21.2  17.9  13.7   506   506   506   506   506   506   506   506   506   506   506   506 
1932  13.5  14.7  16.6  17.5  20.2  20.7  23.0  25.0  22.8  19.8  17.5  14.6   506   506   506   506   506   506   506   506   506   506   506   506 
1933  13.3  14.6  15.2  19.4  20.9  21.5  24.2  25.9  22.5  20.9  14.9  13.5   506   506   506   506   506   506   506   506   506   506   506   506 
1934  11.8  13.7  14.0  16.6  19.0  21.4  22.6  23.6  23.2 -99.0  16.4 -99.0   506   506   506   506   506   506   506   506   506   -99   506   -99 
1935  13.0  12.6  15.9  18.7  17.3  20.4  23.9  22.8  23.3  19.4  17.4  16.8   506   506   506   506   506   506   506   506   506   506   506   506 
1936  17.0  15.0  15.0  17.4  17.4  20.7  23.9  23.8  23.3  20.3  16.0  14.2   506   506   506   506   506   506   506   506   506   506   506   506 
1937  14.4  16.3  14.9  18.9  19.3  21.0  23.1  23.7  21.3  20.8  20.4  16.0   506   506   506   506   506   506   506   506   506   506   506   506 
1938 -99.0 -99.0 -99.0 -99.0 -99.0 -99.0 -99.0 -99.0 -99.0 -99.0 -99.0 -99.0   -99   -99   -99   -99   -99   -99   -99   -99   -99   -99   -99   -99 
1939 -99.0 -99.0 -99.0 -99.0 -99.0 -99.0 -99.0 -99.0 -99.0 -99.0 -99.0 -99.0   -99   -99   -99   -99   -99   -99   -99   -99   -99   -99   -99   -99 
1940 -99.0 -99.0 -99.0 -99.0 -99.0 -99.0 -99.0 -99.0 -99.0 -99.0 -99.0 -99.0   -99   -99   -99   -99   -99   -99   -99   -99   -99   -99   -99   -99 
1941  12.8  14.4  15.6  16.7  19.0  20.9  25.5  24.1  23.0  22.2  17.2  13.4   506   506   506   506   506   506   506   506   506   506   506   506 
1942  12.3  13.0  16.0  16.7  20.3  20.4  22.6  23.4  21.3  21.3  17.2  14.4   506   506   506   506   506   506   506   506   506   506   506   506 
1943  12.9  12.6  14.7  17.4  20.0  22.5  22.9  24.4  21.7  18.9  15.0  13.0   506   506   506   506   506   506   506   506   506   506   506   506 
1944  12.4  13.6  14.4  18.3  19.4  20.9  23.3  22.8  21.2  18.3  16.0  12.1   506   506   506   506   506   506   506   506   506   506   506   506 
1945  10.8  13.7  15.4  20.8  19.5  21.3  23.7  22.1  22.5  21.3  18.5  16.3   506   506   506   506   506   506   506   506   506   506   506   506 
1946 -99.0 -99.0 -99.0 -99.0 -99.0 -99.0 -99.0 -99.0 -99.0 -99.0 -99.0 -99.0   -99   -99   -99   -99   -99   -99   -99   -99   -99   -99   -99   -99 
1947 -99.0 -99.0 -99.0 -99.0 -99.0 -99.0 -99.0 -99.0 -99.0 -99.0 -99.0 -99.0   -99   -99   -99   -99   -99   -99   -99   -99   -99   -99   -99   -99 
1948 -99.0 -99.0 -99.0 -99.0 -99.0 -99.0 -99.0 -99.0 -99.0 -99.0 -99.0 -99.0   -99   -99   -99   -99   -99   -99   -99   -99   -99   -99   -99   -99 
1949 -99.0 -99.0 -99.0 -99.0 -99.0 -99.0 -99.0 -99.0 -99.0 -99.0 -99.0 -99.0   -99   -99   -99   -99   -99   -99   -99   -99   -99   -99   -99   -99 
1950 -99.0 -99.0 -99.0 -99.0 -99.0 -99.0 -99.0 -99.0 -99.0 -99.0 -99.0 -99.0   -99   -99   -99   -99   -99   -99   -99   -99   -99   -99   -99   -99 
1951  13.3  13.3  16.5  16.3  16.4  20.2  21.5  22.2  21.8  17.3  16.7  15.0   506   506   506   506   506   506   506   506   506   506   506   506 
1952  12.8  13.6  16.0 -99.0  18.1  21.1  23.8  23.5  21.1  21.5  18.3  15.4   506   506   506   -99   506   506   506   506   506   506   506   506 
1953  14.6  14.3  15.4  17.6  19.9  19.7  24.1  23.6  22.4  18.9  16.3  14.9   506   506   506   506   506   506   506   506   506   506   506   506 
1954  12.4  13.3  14.3  16.7  18.4  19.9 -99.0 -99.0  22.6 -99.0  17.6  14.3   506   506   506   506   506   506   -99   -99   506   -99   506   506 
1955  15.4  15.9  15.1  18.2  21.7  22.6  23.0  22.9  23.5  18.8  17.4  15.4   506   506   506   506   506   506   506   506   506   506   506   506 
1956  13.2  12.0  13.2  16.8  20.4  22.1  22.8  23.2 -99.0  21.8  15.6  12.5   506   506   506   506   506   506   506   506   -99   506   506   506 
1957  12.1  14.5  17.0  16.9  20.0 -99.0  26.2  24.8  24.3 -99.0  17.7  13.4   506   506   506   506   506   -99   506   506   506   -99   506   506 
1958  14.5  16.7  16.3  18.0  20.0  20.0 -99.0 -99.0  22.6  21.7  16.3  15.1   506   506   506   506   506   506   -99   -99   506   506   506   506 
1959  15.4  12.6  16.2  17.0  17.5  20.1  21.5  24.1  21.2  18.5  15.2  14.0   506   506   506   506   506   506   506   506   506   506   506   506 
1960  13.2  14.9  15.9  16.3  18.9  20.3  22.1  23.6  21.5  18.5  17.8  12.5   506   506   506   506   506   506   506   506   506   506   506   506 
1961  12.6  16.5  17.4  18.8  20.3  20.7  26.1  25.9  22.5  19.7  16.7  15.9   506   506   506   506   506   506   506   506   506   506   506   506 
1962  14.3  13.3  15.3  17.4  20.0  20.9  23.3  25.2  22.6  20.5  15.7  14.5   506   506   506   506   506   506   506   506   506   506   506   506 
1963 -99.0 -99.0 -99.0 -99.0 -99.0 -99.0 -99.0 -99.0 -99.0 -99.0 -99.0 -99.0   -99   -99   -99   -99   -99   -99   -99   -99   -99   -99   -99   -99 
1964 -99.0 -99.0 -99.0 -99.0 -99.0 -99.0 -99.0 -99.0 -99.0 -99.0 -99.0 -99.0   -99   -99   -99   -99   -99   -99   -99   -99   -99   -99   -99   -99 
1965 -99.0 -99.0 -99.0 -99.0 -99.0 -99.0 -99.0 -99.0 -99.0  20.0 -99.0  13.5   -99   -99   -99   -99   -99   -99   -99   -99   -99   506   -99   506 
1966  14.1 -99.0  15.0  17.2  19.2  20.4  21.9  25.8  22.4  18.6 -99.0  12.8   506   -99   506   506   506   506   506   506   506   506   -99   506 
1967  12.4  13.1  15.7 -99.0  18.0  20.4  25.0  24.7  21.6  19.4  15.8  12.2   506   506   506   -99   506   506   506   506   506   506   506   506 
1968 -99.0 -99.0 -99.0 -99.0 -99.0 -99.0 -99.0 -99.0 -99.0 -99.0 -99.0 -99.0   -99   -99   -99   -99   -99   -99   -99   -99   -99   -99   -99   -99 
1969 -99.0 -99.0 -99.0 -99.0 -99.0 -99.0 -99.0 -99.0 -99.0 -99.0 -99.0 -99.0   -99   -99   -99   -99   -99   -99   -99   -99   -99   -99   -99   -99 
1970 -99.0 -99.0 -99.0 -99.0 -99.0 -99.0 -99.0 -99.0 -99.0 -99.0 -99.0 -99.0   -99   -99   -99   -99   -99   -99   -99   -99   -99   -99   -99   -99 
1971 -99.0 -99.0 -99.0 -99.0 -99.0 -99.0 -99.0 -99.0 -99.0 -99.0 -99.0 -99.0   -99   -99   -99   -99   -99   -99   -99   -99   -99   -99   -99   -99 
1972 -99.0 -99.0 -99.0 -99.0 -99.0 -99.0 -99.0 -99.0 -99.0 -99.0 -99.0 -99.0   -99   -99   -99   -99   -99   -99   -99   -99   -99   -99   -99   -99 
1973 -99.0  12.9 -99.0 -99.0 -99.0 -99.0  23.3 -99.0  22.7  19.7  18.0  12.7   -99   506   -99   -99   -99   -99   506   -99   506   506   506   506 
1974  13.4  13.4  13.7  14.0  17.8  21.0  24.3  24.8  22.8  18.9  16.5  13.0   506   506   506   506   506   506   506   506   506   506   506   506 
1975 -99.0  14.8  14.3  16.0  16.9  19.5  26.3  25.0 -99.0  19.7  15.3  14.0   -99   506   506   506   506   506   506   506   -99   506   506   506 
1976  11.8 -99.0  13.9  14.4  17.2  20.2  22.0  26.4 -99.0 -99.0 -99.0  15.0   506   -99   506   506   506   506   506   506   -99   -99   -99   506 
1977 -99.0 -99.0  15.5 -99.0  17.8  18.9 -99.0  21.4 -99.0 -99.0 -99.0 -99.0   -99   -99   506   -99   506   506   -99   506   -99   -99   -99   -99 
1978 -99.0 -99.0 -99.0  15.5  17.1 -99.0 -99.0 -99.0  24.1  18.9  16.6  15.7   -99   -99   -99   506   506   -99   -99   -99   506   506   506   506 
1979 -99.0 -99.0 -99.0  15.9 -99.0  20.1 -99.0 -99.0  22.6  18.8  16.5  12.8   -99   -99   -99   506   -99   506   -99   -99   506   506   506   506 
1980 -99.0 -99.0 -99.0  16.9  18.3  20.9  23.6  25.8  24.3 -99.0  16.9 -99.0   -99   -99   -99   506   506   506   506   506   506   -99   506   -99 
1981 -99.0 -99.0  16.7  15.7 -99.0  20.3 -99.0  22.7  22.8 -99.0  20.4 -99.0   -99   -99   506   506   -99   506   -99   506   506   -99   506   -99 
1982 -99.0 -99.0  16.3  16.5  19.2  20.3  23.1  22.2  21.6  19.3  15.7  12.2   -99   -99   506   506   506   506   506   506   506   506   506   506 
1983  13.2  13.8  18.0  17.3  17.5  21.3  22.1  22.9  24.2  22.7  18.9  14.8   506   506   506   506   506   506   506   506   506   506   506   506 
1984  11.9 -99.0  14.4  18.3  16.8  20.6  26.0  24.2 -99.0  19.6  16.4 -99.0   506   -99   506   506   506   506   506   506   -99   506   506   -99 
1985 -99.0 -99.0  13.9  17.1  17.3 -99.0  23.9  25.1 -99.0 -99.0 -99.0 -99.0   -99   -99   506   506   506   -99   506   506   -99   -99   -99   -99 
1986 -99.0 -99.0 -99.0 -99.0  19.7  20.3  23.5  24.6  24.0  20.2  16.0 -99.0   -99   -99   -99   -99   506   506   506   506   506   506   506   -99 
1987 -99.0 -99.0  17.1 -99.0  19.3  21.5  22.6  23.6 -99.0 -99.0 -99.0  15.5   -99   -99   506   -99   506   506   506   506   -99   -99   -99   506 
1988  13.2  13.9  15.9  16.7  18.2  20.0  24.3  25.4  23.5  20.3  18.4  13.2   506   506   506   506   506   506   506   506   506   506   506   506 
1989  12.4 -99.0  15.6  15.3  18.9 -99.0  24.2  25.3  23.0  22.0  17.4  16.7   506   -99   506   506   506   -99   506   506   506   506   506   506 
1990  12.3  15.9  16.8  16.2  19.5 -99.0 -99.0  25.9  23.1  20.0 -99.0  14.8   506   506   506   506   506   -99   -99   506   506   506   -99   506 
1991  12.3 -99.0  14.6  15.8  18.5  21.3  22.8  23.2 -99.0 -99.0 -99.0  14.9   506   -99   506   506   506   506   506   506   -99   -99   -99   506 
1992  12.8  15.5  15.9  18.3  20.8  19.5  23.2  24.0  23.6  18.7  16.0  14.9   506   506   506   506   506   506   506   506   506   506   506   506 
1993  11.8  13.7  16.2  16.3  17.6  20.1  24.3  23.2  21.1  18.8  15.2  13.9   506   506   506   506   506   506   506   506   506   506   506   506 
1994  12.1 -99.0  15.7  16.7  18.6  21.5  25.8  24.1  21.7  20.3  17.2  15.3   506   -99   506   506   506   506   506   506   506   506   506   506 
1995  13.7  15.3  16.5  18.2  21.1  21.0  24.1  24.5  21.8  21.3  19.3  16.4   506   506   506   506   506   506   506   506   506   506   506   506 
1996  15.9  13.3  15.3  17.0  19.3  22.4  23.6  23.3  21.8  20.5  17.7  15.6   506   506   506   506   506   506   506   506   506   506   506   506 
1997  15.0  16.0  16.6  18.4  18.7  20.8  22.2  23.4  22.6  21.7  17.9  14.9   506   506   506   506   506   506   506   506   506   506   506   506 
1998  14.2  17.0  18.3  17.0  17.9  22.0  23.6  24.0  23.0  20.7  18.0  13.8   506   506   506   506   506   506   506   506   506   506   506   506 
1999  13.2  12.6  15.3  18.0  19.5  21.5  23.8  24.8  22.5  20.4  16.2  13.8   506   506   506   506   506   506   506   506   506   506   506   506 
2000  12.5  15.9  17.8  16.0  19.5  22.2  24.0  24.6  22.5  19.3  16.2  15.6   506   506   506   506   506   506   506   506   506   506   506   506 
2001  14.5  14.0  17.2  18.0  18.0  22.3  22.9  24.6  21.9  22.1  17.6  17.3   506   506   506   506   506   506   506   506   506   506   506   506 
2002  15.4 -99.0  16.8  17.4 -99.0 -99.0 -99.0  22.8  22.7  22.4  18.0  16.3   506   -99   506   506   -99   -99   -99   506   506   506   506   506 
2003  14.2  13.5  16.4  17.0  20.7  22.8  24.5  24.9  23.9 -99.0 -99.0  16.1   506   506   506   506   506   506   506   506   506   -99   -99   506 
2004  16.4  15.6  15.8  17.0  18.2  22.2  25.9  25.9  24.6  21.4  17.0  15.1   506   506   506   506   506   506   506   506   506   506   506   506 
2005  13.9  12.5  17.4  17.7  20.2  22.3  24.1  24.6  24.1  21.5  16.7  14.5   506   506   506   506   506   506   506   506   506   506   506   506 
2006 -99.0 -99.0 -99.0 -99.0 -99.0 -99.0 -99.0 -99.0 -99.0 -99.0 -99.0 -99.0   -99   -99   -99   -99   -99   -99   -99   -99   -99   -99   -99   -99 
2007 -99.0 -99.0 -99.0 -99.0  19.4  21.3  25.8 -99.0  21.9 -99.0  16.9  15.1   -99   -99   -99   -99   506   506   506   -99   506   -99   506   506 
2008  14.3  16.2  16.6  19.8  18.5  22.9  24.2  24.7 -99.0  19.0  15.1  13.1   506   506   506   506   506   506   506   506   -99   506   506   506 
2009  12.3  14.7  17.2 -99.0 -99.0 -99.0  26.7  24.7  22.3 -99.0  18.7 -99.0   506   506   506   -99   -99   -99   506   506   506   -99   506   -99 
2010 -99.0 -99.0 -99.0 -99.0  19.2 -99.0  25.0 -99.0 -99.0 -99.0 -99.0 -99.0   -99   -99   -99   -99   506   -99   506   -99   -99   -99   -99   -99 
2011 -99.0 -99.0 -99.0 -99.0 -99.0 -99.0 -99.0 -99.0 -99.0 -99.0  17.1 -99.0   -99   -99   -99   -99   -99   -99   -99   -99   -99   -99   506   -99 
2012 -99.0 -99.0 -99.0 -99.0 -99.0 -99.0  25.7  26.9  23.2  21.5  18.1 -99.0   -99   -99   -99   -99   -99   -99   506   506   506   506   506   -99 
2013  14.2  14.4  16.6  19.2  19.3  20.8  24.0  27.2  22.8  21.7 -99.0  14.9   506   506   506   506   506   506   506   506   506   506   -99   506 
2014  14.0 -99.0 -99.0 -99.0 -99.0 -99.0 -99.0 -99.0 -99.0 -99.0 -99.0 -99.0   506   -99   -99   -99   -99   -99   -99   -99   -99   -99   -99   -99 
