Number= 912850
Name= HILO WSO A
Country= HAWAII
Lat=   19.7
Long=  155.1
Height= 8
Start year= 1905
End year= 2020
First Good year= 1905
Source ID= 10
Source file= Jones
Jones data to= 2012
Normals source= Data
Normals source start year= 1961
Normals source end year= 1990
Normals=  22.1  22.1  22.2  22.6  23.3  24.0  24.4  24.6  24.6  24.3  23.4  22.5 
Standard deviations source= Data
Standard deviations source start year= 1941
Standard deviations source end year= 1990
Standard deviations=   0.7   0.8   0.8   0.7   0.8   0.6   0.6   0.5   0.6   0.6   0.6   0.7 
Obs:
1905  21.0  20.3  21.8  22.6  23.4  23.0  24.0  24.3  22.9 -99.0  22.5  21.6   506   506   506   506   506   506   506   506   506   -99   506   506 
1906  21.4  21.5  20.8  22.2  22.6  23.4  23.7  24.1  24.1  24.0  22.9  22.1   506   506   506   506   506   506   506   506   506   506   506   506 
1907  21.8  21.3  20.6  21.2  22.9  23.9  23.9  23.7  23.9  23.4  22.8  22.0   506   506   506   506   506   506   506   506   506   506   506   506 
1908  20.3  20.0  21.6  20.9  21.8  22.1  22.9  23.3  23.1  22.8  22.2  20.2   506   506   506   506   506   506   506   506   506   506   506   506 
1909  20.6  20.2  19.9  21.6  21.4  22.7  22.9  23.2  23.2  23.3  23.2  22.2   506   506   506   506   506   506   506   506   506   506   506   506 
1910  21.1  20.1  20.4  20.4  21.2  21.7  22.8  24.2  24.1 -99.0 -99.0  21.4   506   506   506   506   506   506   506   506   506   -99   -99   506 
1911  20.2  20.4  20.8  21.6  21.8  22.4  23.3  23.7  23.2  22.8  21.9  20.9   506   506   506   506   506   506   506   506   506   506   506   506 
1912  21.0 -99.0  19.6  20.9  21.6  22.3  23.0  24.2  23.3  23.1  22.3  21.8   506   -99   506   506   506   506   506   506   506   506   506   506 
1913  20.8  21.0  21.1  21.2  22.0  22.7  23.1  23.9  23.1  22.6  21.4  21.7   506   506   506   506   506   506   506   506   506   506   506   506 
1914  20.1  21.3  21.3  21.6  22.3  22.4  22.4  23.4  23.9  23.9  23.1  20.6   506   506   506   506   506   506   506   506   506   506   506   506 
1915  20.8  19.8  21.3  21.6  23.3  23.4  23.6  24.2  24.0  23.0  22.9 -99.0   506   506   506   506   506   506   506   506   506   506   506   -99 
1916  21.3  19.7  21.9  22.1  22.4  22.4  22.8  22.7  23.0  22.6  21.9  21.1   506   506   506   506   506   506   506   506   506   506   506   506 
1917  20.9  21.1  20.7  20.7  23.3  23.4  23.3  23.3  22.9  24.1  22.8  22.8   506   506   506   506   506   506   506   506   506   506   506   506 
1918  22.1  22.2  22.1  22.3  22.3  22.9  23.9  24.7  24.9  24.2  23.2  21.8   506   506   506   506   506   506   506   506   506   506   506   506 
1919  20.7  21.0  21.4  22.3  22.4  23.6  23.7  24.0  23.8  23.6  22.8  22.4   506   506   506   506   506   506   506   506   506   506   506   506 
1920  21.7  21.6  21.1  22.0  24.0  24.3  24.7  24.7  23.7  23.1  22.4  22.2   506   506   506   506   506   506   506   506   506   506   506   506 
1921  21.1  22.3  22.0  23.1  23.2  23.8  24.1  24.2  23.7  23.8  22.4  22.0   506   506   506   506   506   506   506   506   506   506   506   506 
1922  20.6  20.7  21.1  22.1  22.4  23.3  24.6  24.2  24.1  23.9  22.8  22.7   506   506   506   506   506   506   506   506   506   506   506   506 
1923  21.1  21.2  21.4  22.3  22.9  23.0  23.9  24.4  24.7  24.0  22.8  21.8   506   506   506   506   506   506   506   506   506   506   506   506 
1924  20.4  21.9  20.9  22.2  22.4  23.4  23.3  23.6  23.9  23.3  22.9  22.8   506   506   506   506   506   506   506   506   506   506   506   506 
1925  21.4  22.1  21.1  21.2  22.3  23.4  23.9  24.0  23.9  23.9  23.0  22.6   506   506   506   506   506   506   506   506   506   506   506   506 
1926  22.0  22.0  21.4  21.8  23.0  24.1  24.6  24.4  24.8  24.2  23.7  22.6   506   506   506   506   506   506   506   506   506   506   506   506 
1927  21.8  22.3  21.8  22.6  23.1  23.8  23.8  23.6  23.9  23.5  23.2  21.6   506   506   506   506   506   506   506   506   506   506   506   506 
1928  21.1  20.0  22.2  22.4  22.7  23.1  23.4  23.9  23.7  23.4  22.6  21.1   506   506   506   506   506   506   506   506   506   506   506   506 
1929  20.9  20.7  21.9  22.1  23.1  23.6  24.1  24.3  24.4  23.7  22.3  21.1   506   506   506   506   506   506   506   506   506   506   506   506 
1930  20.8  21.6  21.7  21.1  22.6  23.4  24.2  24.7  25.0  24.1  23.6  22.8   506   506   506   506   506   506   506   506   506   506   506   506 
1931  21.9  21.6  22.4  22.2  23.4  24.3  23.8  24.6  24.2  24.4  22.6  21.4   506   506   506   506   506   506   506   506   506   506   506   506 
1932  21.6  21.6  22.1  22.2  22.4  23.0  23.9  24.3  24.3  23.8  23.3  21.9   506   506   506   506   506   506   506   506   506   506   506   506 
1933  20.9  21.3  21.4  21.2  22.2  22.6  23.2  23.1  23.1  23.1  22.2  22.7   506   506   506   506   506   506   506   506   506   506   506   506 
1934  22.0  21.9  21.9  21.3  23.3  23.9  24.3  25.0  24.7  24.2  23.7  22.9   506   506   506   506   506   506   506   506   506   506   506   506 
1935  21.8  21.1  21.7  21.8  23.4  22.9  24.2  24.3  24.3  24.5  23.5  22.9   506   506   506   506   506   506   506   506   506   506   506   506 
1936  22.3  22.6  21.7  22.6  22.4  23.9  24.1  24.2  24.3  24.6  22.9  21.4   506   506   506   506   506   506   506   506   506   506   506   506 
1937  21.0  21.3  21.1  22.4  23.5  24.4  24.3  24.9  24.8  24.7  23.7  23.1   506   506   506   506   506   506   506   506   506   506   506   506 
1938  22.8  23.4  22.6  22.6  23.0  24.3  24.6  25.0  24.5  24.6  23.1  22.1   506   506   506   506   506   506   506   506   506   506   506   506 
1939  21.7  23.0 -99.0  22.3  22.8  22.8  23.4  24.0  23.7  23.5  22.1  22.0   506   506   -99   506   506   506   506   506   506   506   506   506 
1940  22.3  21.9  22.3  23.3  24.0  24.1  24.4  24.7  24.6  24.6  23.4  22.4   506   506   506   506   506   506   506   506   506   506   506   506 
1941  22.3  21.6  21.1  21.8  22.3  23.7  24.0  25.1  24.4  24.0  23.0  21.2   506   506   506   506   506   506   506   506   506   506   506   506 
1942 -99.0 -99.0 -99.0 -99.0 -99.0 -99.0 -99.0 -99.0 -99.0 -99.0 -99.0 -99.0   -99   -99   -99   -99   -99   -99   -99   -99   -99   -99   -99   -99 
1943 -99.0 -99.0 -99.0 -99.0 -99.0 -99.0 -99.0 -99.0 -99.0 -99.0 -99.0 -99.0   -99   -99   -99   -99   -99   -99   -99   -99   -99   -99   -99   -99 
1944 -99.0 -99.0 -99.0 -99.0 -99.0 -99.0 -99.0 -99.0 -99.0 -99.0 -99.0 -99.0   -99   -99   -99   -99   -99   -99   -99   -99   -99   -99   -99   -99 
1945 -99.0 -99.0 -99.0 -99.0 -99.0 -99.0 -99.0 -99.0 -99.0 -99.0 -99.0 -99.0   -99   -99   -99   -99   -99   -99   -99   -99   -99   -99   -99   -99 
1946 -99.0 -99.0  21.8  21.6  22.7  23.6  23.9  24.3  24.4  23.9  22.8  21.5   -99   -99   506   506   506   506   506   506   506   506   506   506 
1947  20.8  21.7  21.4  22.2  22.5  23.3  23.3  23.6  23.9  23.6  22.6  21.4   506   506   506   506   506   506   506   506   506   506   506   506 
1948  20.8  21.3  21.1  22.4  22.8  23.4  23.8  24.3  23.9  23.3  22.2  20.9   506   506   506   506   506   506   506   506   506   506   506   506 
1949  20.7  20.9  20.3  20.7  22.1  22.9  23.0  23.4  23.2  22.9  21.5  21.4   506   506   506   506   506   506   506   506   506   506   506   506 
1950  22.3  22.1  22.1  21.6  22.4  22.9  23.5  24.3  24.0  23.5  23.2  21.6   506   506   506   506   506   506   506   506   506   506   506   506 
1951  21.6  21.2  22.1  21.9  22.9  23.8  24.3  24.2  24.5  23.8  22.4  21.6   506   506   506   506   506   506   506   506   506   506   506   506 
1952  21.1  21.4  21.1  21.2  21.9  22.7  23.2  23.5  23.3  23.7  22.8  21.6   506   506   506   506   506   506   506   506   506   506   506   506 
1953  21.8  21.1  21.0  21.8  22.6  23.2  23.7  24.1  23.8  23.2  22.2  21.4   506   506   506   506   506   506   506   506   506   506   506   506 
1954  21.4  21.4  21.0  22.6  22.7  23.8  23.9  24.6  24.2  23.7  23.3  20.8   506   506   506   506   506   506   506   506   506   506   506   506 
1955  20.7  20.4  20.7  21.4  21.9  22.3  22.5  23.1  22.8  22.6  22.3  21.8   506   506   506   506   506   506   506   506   506   506   506   506 
1956  22.2  20.8  21.6  22.2  22.3  23.1  23.6  24.0  23.7  23.4  22.6  22.1   506   506   506   506   506   506   506   506   506   506   506   506 
1957  21.5  20.5  21.1  21.7  22.5  23.9  24.1  24.4  24.7  24.3  23.2  22.0   506   506   506   506   506   506   506   506   506   506   506   506 
1958  21.6  21.4  21.1  22.0  22.3  23.4  24.2  24.8  24.2  23.7  22.9  21.6   506   506   506   506   506   506   506   506   506   506   506   506 
1959  22.2  21.6  21.9  22.5  23.0  23.9  24.3  24.8  23.9  23.8  22.8  21.5   506   506   506   506   506   506   506   506   506   506   506   506 
1960  20.6  21.2  21.7  22.2  23.0  23.7  24.3  24.2  24.3  24.1  22.4  22.0   506   506   506   506   506   506   506   506   506   506   506   506 
1961  22.1  22.1  22.2  22.5  23.2  23.9  24.0  24.5  24.1  24.2  23.0  21.5   506   506   506   506   506   506   506   506   506   506   506   506 
1962  22.3  21.5  21.5  22.9  22.8  23.5  23.5  24.2  23.7  23.6  22.6  21.6   506   506   506   506   506   506   506   506   506   506   506   506 
1963  21.7  22.7  22.2  23.1  23.0  23.6  24.1  24.3  24.5  23.9  23.2  22.9   506   506   506   506   506   506   506   506   506   506   506   506 
1964  22.3  21.2  21.6  22.1  22.2  23.9  24.0  24.1  23.9  23.2  22.6  22.9   506   506   506   506   506   506   506   506   506   506   506   506 
1965  22.1  20.2  21.0  22.5  23.6  23.4  24.0  24.4  24.9  24.1  23.2  21.1   506   506   506   506   506   506   506   506   506   506   506   506 
1966  21.0  21.1  22.0  22.1  23.9  24.0  24.8  25.1  25.2  25.0  24.2  23.5   506   506   506   506   506   506   506   506   506   506   506   506 
1967  22.2  23.3  23.4  23.5  25.1  25.3  25.5  25.1  25.0  25.1  24.1  23.0   506   506   506   506   506   506   506   506   506   506   506   506 
1968  22.7  23.9  23.6  23.2  24.3  24.8  24.9  24.7  24.9  25.1  24.6  23.2   506   506   506   506   506   506   506   506   506   506   506   506 
1969  21.9  22.4  22.5  22.7  23.6  24.6  24.4  24.6  23.9  23.6  23.0  22.0   506   506   506   506   506   506   506   506   506   506   506   506 
1970  22.2  21.7  21.7  22.5  23.2  23.2  23.5  23.9  23.8  24.1  23.3  22.6   506   506   506   506   506   506   506   506   506   506   506   506 
1971  21.8  22.2  20.8  21.6  22.3  23.9  24.8  24.8  24.8  24.1  23.2  21.6   506   506   506   506   506   506   506   506   506   506   506   506 
1972  21.2  21.5  23.2  22.6  22.8  24.1  24.1  24.7  24.7  24.4  22.9  21.9   506   506   506   506   506   506   506   506   506   506   506   506 
1973  22.3  21.7  22.5  22.3  22.7  23.7  24.3  24.6  24.6  24.3  24.1  23.2   506   506   506   506   506   506   506   506   506   506   506   506 
1974  23.6  22.6  22.8  23.1  23.2  24.1  24.5  24.9  25.2  24.9  23.1  22.4   506   506   506   506   506   506   506   506   506   506   506   506 
1975  21.7  22.2  21.8  22.4  22.8  23.6  23.8  24.3  24.2  23.7  23.1  22.3   506   506   506   506   506   506   506   506   506   506   506   506 
1976  21.8  21.8  22.0  22.3  22.8  23.1  23.6  24.6  24.9  24.6  23.6  22.9   506   506   506   506   506   506   506   506   506   506   506   506 
1977  23.3  23.3  22.9  23.4  23.7  24.6  25.1  25.6  25.3  24.9  24.0  23.2   506   506   506   506   506   506   506   506   506   506   506   506 
1978  22.1  22.5  22.9  23.4  24.6  24.7  25.1  24.9  24.6  24.2  23.4  21.7   506   506   506   506   506   506   506   506   506   506   506   506 
1979  21.0  21.3  21.9  23.2  23.2  23.4  23.7  24.2  24.7  24.5  22.8  22.7   506   506   506   506   506   506   506   506   506   506   506   506 
1980  22.0  22.6  22.4  23.6  25.2  25.3  25.4  23.9  24.3  23.8  23.2  23.4   506   506   506   506   506   506   506   506   506   506   506   506 
1981  23.1  22.6  22.0  22.7  23.4  24.4  24.5  24.5  24.6  23.7  23.3  22.2   506   506   506   506   506   506   506   506   506   506   506   506 
1982  22.2  22.1  21.3  21.8  22.7  24.6  24.8  24.9  24.5  23.8  23.7  22.1   506   506   506   506   506   506   506   506   506   506   506   506 
1983  21.9  22.2  22.5  22.2  22.6  23.5  23.8  24.0  23.8  23.4  23.2  22.7   506   506   506   506   506   506   506   506   506   506   506   506 
1984  22.4  21.9  23.2  22.8  23.3  23.7  24.0  24.1  24.1  24.7  23.1  21.7   506   506   506   506   506   506   506   506   506   506   506   506 
1985  21.0  21.4  20.8  21.0  21.9  23.6  24.1  24.3  24.3  23.5  22.8  22.0   506   506   506   506   506   506   506   506   506   506   506   506 
1986  21.7  23.1  23.7  23.1  24.1  24.8  25.4  25.8  25.5  24.7  23.9  22.7   506   506   506   506   506   506   506   506   506   506   506   506 
1987  22.1  21.5  22.0  22.3  22.5  24.1  24.8  25.5  25.4  24.8  23.7  22.8   506   506   506   506   506   506   506   506   506   506   506   506 
1988  22.2  22.4  22.3  22.6  23.4  23.7  24.3  24.4  24.8  25.5  24.6  23.8   506   506   506   506   506   506   506   506   506   506   506   506 
1989  22.3  21.9  22.4  21.7  22.6  23.7  24.0  23.9  23.7  24.2  23.1  21.8   506   506   506   506   506   506   506   506   506   506   506   506 
1990  22.3  21.3  21.8  23.1  23.4  23.9  24.4  25.0  25.1  24.6  24.1  22.3   506   506   506   506   506   506   506   506   506   506   506   506 
1991  22.2  22.7  21.6  22.6  23.4  23.8  24.4  25.0  25.0  24.6  24.3  22.7   506   506   506   506   506   506   506   506   506   506   506   506 
1992  21.8  21.9  22.4  22.4  23.8  24.6  24.6  25.1  25.4  25.4  24.0  23.1   506   506   506   506   506   506   506   506   506   506   506   506 
1993  21.7  21.2  22.0  23.1  22.9  24.1  24.3  25.0  25.1  24.4  23.0  22.1   506   506   506   506   506   506   506   506   506   506   506   506 
1994  21.1  21.8  22.1  23.0  23.8  24.4  25.6  25.9  25.7  25.2  23.8  22.8   506   506   506   506   506   506   506   506   506   506   506   506 
1995  22.6  22.7  23.7  23.4  24.2  24.9  25.5  25.3  25.7  24.5  24.2  23.7   506   506   506   506   506   506   506   506   506   506   506   506 
1996  23.0  22.4  21.9  23.6  24.5  24.9  25.3  25.3  25.2  25.2  24.3  22.9   506   506   506   506   506   506   506   506   506   506   506   506 
1997  22.8  22.6  22.9  23.3  23.9  24.8  25.2  25.6  25.4  24.9  23.5  23.5   506   506   506   506   506   506   506   506   506   506   506   506 
1998  22.1  22.1  22.7  22.0  22.3  23.2  23.8  24.5  23.6  23.2  22.3  20.9   506   506   506   506   506   506   506   506   506   506   506   506 
1999  20.8  20.4  21.3  21.5  22.7  23.0  23.5  23.6  23.3  23.4  22.5  21.9   506   506   506   506   506   506   506   506   506   506   506   506 
2000  20.6  21.9  22.1  21.8  23.3  24.2  24.2  24.5  24.2  24.1  22.8  22.1   506   506   506   506   506   506   506   506   506   506   506   506 
2001  22.0  21.7  21.8  22.0  22.4  23.3  24.1  24.5  24.6  24.0  23.4  22.7   506   506   506   506   506   506   506   506   506   506   506   506 
2002  22.2  21.2  21.9  23.0  23.5  24.1  24.7  25.0  24.5  24.5  23.7  22.8   506   506   506   506   506   506   506   506   506   506   506   506 
2003  22.4  22.0  23.1  22.5  23.4  24.6  25.2  25.3  25.3  25.2  23.3  22.8   506   506   506   506   506   506   506   506   506   506   506   506 
2004  22.6  23.1  22.9  23.1  24.4  24.6  25.3  25.7  25.5  24.9  24.1  22.7   506   506   506   506   506   506   506   506   506   506   506   506 
2005  22.6  22.3  22.9  23.3  24.5  24.3  25.1  24.9  25.2  23.7  23.5  22.9   506   506   506   506   506   506   506   506   506   506   506   506 
2006  22.1  21.4  22.4  22.2  22.3  24.0  24.6  24.7  24.3  24.6  24.3  22.7   506   506   506   506   506   506   506   506   506   506   506   506 
2007  21.8  21.4  22.6  22.7  23.9  24.4  25.0  25.0  24.8  23.9  23.6  22.6   506   506   506   506   506   506   506   506   506   506   506   506 
2008  21.3  21.8  22.6  22.7  23.3  24.1  24.8  24.5  24.1  23.6  22.9  22.2   506   506   506   506   506   506   506   506   506   506   506   506 
2009  21.1  20.8  20.5  20.6  23.6  24.1  24.4  24.5  23.9  24.6  23.0  22.5   506   506   506   506   506   506   506   506   506   506   506   506 
2010  22.8  22.3  21.7  22.0  23.6  24.0  24.3  24.1  24.1  23.8  22.9  21.4   506   506   506   506   506   506   506   506   506   506   506   506 
2011  21.9  22.6  22.5  22.9  23.3  23.6  23.8  24.4  24.5  24.1  22.8  22.0   506   506   506   506   506   506   506   506   506   506   506   506 
2012  22.3  21.9  21.8  22.2  22.9  23.5  23.6  24.4  24.1  23.9  23.0  22.5   506   506   506   506   506   506   506   506   506   506   506   506 
2013  21.8  21.5  22.0  23.0  23.9  24.1  25.0  24.7  25.3  25.0  24.4  22.6   900   900   900   900   900   900   900   900   900   900   900   900 
2014  22.0  23.0  22.5  22.9  23.7  23.1  24.4  25.5  26.4  25.4  23.5  22.5   900   900   900   900   900   900   900   900   900   900   900   900 
2015  22.8  23.5  22.5  23.5  23.2  24.9  26.3  26.5  26.6  25.9  24.9  23.7   900   900   900   900   900   900   900   900   900   900   900   900 
2016  23.4  23.5  23.7  24.1  24.6  24.9  25.8  25.5  25.3  24.4  23.4  22.3   900   900   900   900   900   900   900   900   900   900   900   900 
2017  22.0  22.1  23.6  23.5  23.8  24.7  25.2  25.1  24.9  24.7  22.7  21.8   900   900   900   900   900   900   900   900   900   900   900   900 
2018  22.8  23.3  23.3  24.0  24.1  24.6  25.8  25.7  26.2  25.0  23.9  23.0   900   900   900   900   900   900   900   900   900   900   900   902 
2019 -99.0  21.5  21.7  23.1  24.5  25.2  25.5  26.7  27.1  26.5  25.3  23.8   -99   900   900   900   900   900   900   900   900   900   900   900 
2020  24.4  23.1  23.1  24.4  25.1  25.4  26.1  26.0  26.1  26.1  24.9  24.1   900   900   900   900   900   900   900   900   900   900   900   900 
