Number= 291220
Name= KARGASOK
Country= RUSSIA
Lat=   59.1
Long=  -81.0
Height= 59
Start year= 1936
End year= 2008
First Good year= 1936
Source ID= 54
Source file= Jones
Jones data to= 2008
Normals source= Data
Normals source start year= 1961
Normals source end year= 1990
Normals= -20.6 -19.4  -9.7  -1.3   6.7  15.0  18.6  14.4   8.3  -0.9 -10.9 -17.6 
Standard deviations source= Data
Standard deviations source start year= 1941
Standard deviations source end year= 1990
Standard deviations=   4.4   4.3   3.2   2.9   2.1   1.8   1.5   1.2   1.7   2.3   4.5   4.7 
Obs:
1936 -20.2 -17.5 -13.2  -4.5   5.4  12.7  17.0  13.1 -99.0 -99.0 -99.0 -99.0   506   506   506   506   506   506   506   506   -99   -99   -99   -99 
1937 -17.1 -17.9 -16.3  -6.0   7.5  15.9  17.8  11.6   7.5   1.0 -11.2 -99.0   506   506   506   506   506   506   506   506   506   506   506   -99 
1938 -23.2 -17.4  -9.9   3.7   9.0  14.1  16.2  14.8   6.5  -2.1  -6.6 -26.2   506   506   506   506   506   506   506   506   506   506   506   506 
1939 -20.0 -11.9 -10.1   3.2   6.6  17.5  16.7  12.3   8.0  -0.3 -12.9 -12.1   506   506   506   506   506   506   506   506   506   506   506   506 
1940 -29.3 -17.2  -9.1   3.0   5.7  15.6  18.4  15.7   9.2  -4.7  -8.3 -20.9   506   506   506   506   506   506   506   506   506   506   506   506 
1941 -22.1 -23.4 -11.2  -4.5   6.0  15.4  15.3  14.2   9.1  -0.1 -14.0 -20.4   506   506   506   506   506   506   506   506   506   506   506   506 
1942 -18.5 -17.7 -13.5  -0.2   6.6  16.0  19.6  14.7  10.1  -1.4  -7.7 -14.0   506   506   506   506   506   506   506   506   506   506   506   506 
1943 -22.6 -15.9 -10.5   3.4  10.3  14.7  16.9  15.4   9.9  -0.2 -11.5 -15.0   506   506   506   506   506   506   506   506   506   506   506   506 
1944 -15.2 -12.0  -6.2   3.6   7.4  15.4  16.5  14.5   9.0   1.4 -15.2 -17.1   506   506   506   506   506   506   506   506   506   506   506   506 
1945 -22.1 -21.8 -13.4   3.2  10.2  13.9  17.0  15.6   9.8   2.3 -14.0 -21.6   506   506   506   506   506   506   506   506   506   506   506   506 
1946 -18.6 -13.7 -12.6  -0.2   5.6  11.6  19.1  14.6   5.6  -0.5 -11.4 -25.5   506   506   506   506   506   506   506   506   506   506   506   506 
1947 -28.7 -21.6 -10.8   0.8   8.9  13.7  15.1  14.4   7.8   3.9 -14.3 -21.7   506   506   506   506   506   506   506   506   506   506   506   506 
1948 -17.7 -16.9  -9.9   0.3   6.5  13.4  19.3  13.0   9.3   1.6 -10.0 -21.2   506   506   506   506   506   506   506   506   506   506   506   506 
1949 -13.3 -15.6 -11.4   2.8   5.3  12.6  15.7  16.2   5.6   0.8 -15.2 -28.8   506   506   506   506   506   506   506   506   506   506   506   506 
1950 -26.0 -16.0  -9.9  -2.4   6.6  16.0  18.8  16.2  10.0  -0.1 -14.9 -14.7   506   506   506   506   506   506   506   506   506   506   506   506 
1951 -22.7 -28.6  -9.3   3.8   8.4  14.4  19.1  12.6  10.0  -0.4 -10.4 -13.0   506   506   506   506   506   506   506   506   506   506   506   506 
1952 -17.0 -17.9 -14.2  -5.2   8.4  15.8  19.3  14.3  10.4  -2.5 -23.2 -23.5   506   506   506   506   506   506   506   506   506   506   506   506 
1953 -20.4 -19.4 -11.1   2.4   8.7  14.4  19.7  14.8  10.4  -1.5 -21.7 -17.3   506   506   506   506   506   506   506   506   506   506   506   506 
1954 -23.5 -24.6 -11.9  -1.9   5.1  16.9  16.9  15.0   8.9   2.7 -13.9 -24.2   506   506   506   506   506   506   506   506   506   506   506   506 
1955 -16.0 -23.0 -14.0  -1.5  10.1  17.3  17.8  14.7   5.8   2.3  -7.7 -25.6   506   506   506   506   506   506   506   506   506   506   506   506 
1956 -20.2 -22.1 -12.4  -3.5  10.1  13.0  19.2  15.2   5.8   0.2 -10.3 -20.2   506   506   506   506   506   506   506   506   506   506   506   506 
1957 -20.4 -19.3 -14.0  -3.7   6.3  16.5  18.6  14.8  10.9  -0.7 -14.5 -13.7   506   506   506   506   506   506   506   506   506   506   506   506 
1958 -21.0 -17.1 -15.0  -5.1   5.3  14.6  18.6  15.0   5.5   0.0  -7.4 -20.6   506   506   506   506   506   506   506   506   506   506   506   506 
1959 -18.7 -18.2  -7.1  -2.5   6.4  15.6  16.9  13.4  10.2  -3.0 -14.9 -23.9   506   506   506   506   506   506   506   506   506   506   506   506 
1960 -26.0 -16.4 -18.3  -1.4   5.9  14.5  16.4  13.4   9.4  -2.0 -17.7 -18.8   506   506   506   506   506   506   506   506   506   506   506   506 
1961 -19.0 -14.1  -6.8   1.3   7.7  13.0  18.4  13.8   8.8  -5.9 -12.0 -16.9   506   506   506   506   506   506   506   506   506   506   506   506 
1962 -13.9 -11.8  -9.4  -0.6  10.7  15.5  20.0  13.9   8.4  -1.7 -11.3 -15.5   506   506   506   506   506   506   506   506   506   506   506   506 
1963 -19.0 -12.3 -11.0  -3.9   5.3  14.8  18.0  13.6   7.5   1.1  -7.8 -16.4   506   506   506   506   506   506   506   506   506   506   506   506 
1964 -15.3 -24.8 -17.0  -6.5   8.6  14.7  19.8  15.3   9.3  -2.8 -10.3 -15.1   506   506   506   506   506   506   506   506   506   506   506   506 
1965 -20.6 -19.6  -6.8  -2.8  10.3  15.8  19.1  13.7   8.2   0.8 -16.8 -21.3   506   506   506   506   506   506   506   506   506   506   506   506 
1966 -22.3 -25.8 -13.7  -5.0   5.5  14.2  18.4  14.4  11.4  -3.4 -14.1 -29.3   506   506   506   506   506   506   506   506   506   506   506   506 
1967 -20.4 -20.5  -6.5   2.7   7.5  14.7  20.6  13.4   6.7   4.4  -9.5 -13.1   506   506   506   506   506   506   506   506   506   506   506   506 
1968 -23.1 -15.8  -5.2  -0.6   8.2  10.7  18.9  14.0   4.8  -0.9 -22.5 -28.4   506   506   506   506   506   506   506   506   506   506   506   506 
1969 -31.5 -30.9 -12.6  -3.2   3.5  14.3  22.3  12.0   7.0  -2.6  -5.7 -19.1   506   506   506   506   506   506   506   506   506   506   506   506 
1970 -22.4 -18.0 -12.5  -0.6   4.6  13.1  16.8  12.3  10.0  -2.8 -12.2 -19.5   506   506   506   506   506   506   506   506   506   506   506   506 
1971 -16.3 -27.0 -12.5  -1.1   6.1  15.2  17.0  14.6   9.5   0.8  -5.2 -19.3   506   506   506   506   506   506   506   506   506   506   506   506 
1972 -29.3 -19.4 -14.0   0.5   3.9  13.9  15.9  13.1   4.5   0.3 -11.6 -19.6   506   506   506   506   506   506   506   506   506   506   506   506 
1973 -23.1 -19.2  -8.9  -0.4   5.5  15.1  17.0  16.5   8.8  -0.6  -6.5 -11.0   506   506   506   506   506   506   506   506   506   506   506   506 
1974 -27.0 -24.3 -12.8   0.3   6.4  13.4  17.4  14.8   8.5  -3.1 -18.0 -17.3   506   506   506   506   506   506   506   506   506   506   506   506 
1975 -15.4 -15.7  -7.2  -0.9   4.3  13.6  19.8  13.5   9.0  -0.8 -12.7 -18.4   506   506   506   506   506   506   506   506   506   506   506   506 
1976 -16.2 -21.9 -13.2   0.9   7.0  18.0  17.7  15.4   8.2  -7.2 -11.8 -19.8   506   506   506   506   506   506   506   506   506   506   506   506 
1977 -28.2 -24.6  -8.9   2.1   8.9  18.3  18.4  13.3   7.8  -3.2  -5.8 -18.5   506   506   506   506   506   506   506   506   506   506   506   506 
1978 -14.9 -18.9  -9.1  -1.3   5.1  16.1  19.7  11.6   8.7   0.7  -6.4 -18.5   506   506   506   506   506   506   506   506   506   506   506   506 
1979 -27.5 -18.8  -9.9  -5.2   6.4  15.3  20.3  14.4  10.4  -0.9  -8.8 -15.1   506   506   506   506   506   506   506   506   506   506   506   506 
1980 -21.5 -20.5 -12.8  -3.9   7.3  15.4  16.8  14.2   9.4   0.9 -10.2 -13.3   506   506   506   506   506   506   506   506   506   506   506   506 
1981 -17.1 -16.1  -8.0   1.7   6.9  17.3  16.2  17.5   7.9  -1.0 -11.2 -12.1   506   506   506   506   506   506   506   506   506   506   506   506 
1982 -22.5 -18.5 -14.4   3.6   9.3  18.3  17.8  15.4   7.6  -4.1  -7.2 -11.4   506   506   506   506   506   506   506   506   506   506   506   506 
1983 -13.1 -13.5  -6.4  -4.1   1.8  20.1  18.6  14.6   6.6   3.6  -6.4 -10.6   506   506   506   506   506   506   506   506   506   506   506   506 
1984 -15.6 -18.2  -8.2  -8.8   5.7  14.7  17.8  16.2   9.9  -1.6 -19.3 -24.7   506   506   506   506   506   506   506   506   506   506   506   506 
1985 -17.7 -25.7  -9.9   0.4   4.5  15.3  17.8  14.0   9.4   0.6 -13.5 -19.8   506   506   506   506   506   506   506   506   506   506   506   506 
1986 -18.7 -15.7  -8.3  -0.6   5.1  13.4  18.5  13.8   7.5   0.5  -6.2 -22.0   506   506   506   506   506   506   506   506   506   506   506   506 
1987 -23.6 -18.7 -11.1  -2.4   9.9  11.4  19.1  16.1   8.4  -0.7 -17.3 -16.0   506   506   506   506   506   506   506   506   506   506   506   506 
1988 -18.6 -21.0  -7.7   1.0   6.1  12.9  19.0  14.9   9.6   1.0  -6.6 -11.9   506   506   506   506   506   506   506   506   506   506   506   506 
1989 -18.9 -14.2  -3.4  -3.7  10.3  14.4  20.2  15.4   6.8   0.3  -9.3 -15.2   506   506   506   506   506   506   506   506   506   506   506   506 
1990 -24.2 -16.7  -3.2   1.4   9.5  16.0  20.0  15.4   7.4   1.4 -11.1 -17.9   506   506   506   506   506   506   506   506   506   506   506   506 
1991 -15.4 -18.6 -15.9   4.1  10.0  16.9  19.2  13.1  11.5   0.7  -8.3 -20.6   506   506   506   506   506   506   506   506   506   506   506   506 
1992 -13.0 -12.9 -10.0  -5.2   8.5  10.5  17.9  14.9   4.7   1.8 -12.8 -16.7   506   506   506   506   506   506   506   506   506   506   506   506 
1993 -15.2 -15.3  -7.7   0.0   5.8  17.0  20.7  16.3   7.4  -0.1 -15.2 -16.0   506   506   506   506   506   506   506   506   506   506   506   506 
1994 -18.2 -23.7  -8.2  -0.5   8.2  18.7  19.1  15.2   8.5   3.6 -11.2 -19.9   506   506   506   506   506   506   506   506   506   506   506   506 
1995 -15.4  -9.1  -6.4   5.2  10.3  11.5  19.3  16.4   8.4   1.1  -6.4 -14.3   506   506   506   506   506   506   506   506   506   506   506   506 
1996 -24.5 -17.6 -10.1  -4.4   4.9  15.9  21.6  10.9   4.9  -1.4  -8.2 -17.1   506   506   506   506   506   506   506   506   506   506   506   506 
1997 -20.6 -15.2  -3.2   6.4   9.7  12.6  14.8  12.8   9.4   2.7 -12.6 -24.2   506   506   506   506   506   506   506   506   506   506   506   506 
1998 -20.6 -16.8  -8.5  -3.8   6.7  14.7  20.7  17.5   5.7  -1.8 -19.6 -11.0   506   506   506   506   506   506   506   506   506   506   506   506 
1999 -24.2 -12.8 -17.7  -2.1  13.0  12.4  19.8  13.6   5.8   1.9 -12.5 -12.3   506   506   506   506   506   506   506   506   506   506   506   506 
2000 -23.2 -13.5  -6.6   1.0   9.9  17.6  17.0  15.6   8.4  -2.3 -15.3 -24.3   506   506   506   506   506   506   506   506   506   506   506   506 
2001 -29.4 -18.3  -7.7   0.3  12.4  15.3  15.3  16.2   8.9  -0.6  -7.5 -17.9   506   506   506   506   506   506   506   506   506   506   506   506 
2002 -13.0  -9.1  -5.7  -3.6   9.7  16.4  17.3  13.5   8.3  -0.5 -11.6 -24.2   506   506   506   506   506   506   506   506   506   506   506   506 
2003 -15.2 -16.9  -8.8  -2.2  11.3  19.2  16.5  17.0   9.6   1.7 -15.3 -12.7   506   506   506   506   506   506   506   506   506   506   506   506 
2004 -19.1 -15.0 -12.6  -4.2  11.7  18.3  17.5  13.4   7.5   0.1  -4.6 -23.6   506   506   506   506   506   506   506   506   506   506   506   506 
2005 -16.1 -21.0  -6.2   0.4   9.4  16.7  19.4  15.4   9.3   3.3  -7.5 -19.8   506   506   506   506   506   506   506   506   506   506   506   506 
2006 -35.3 -18.9  -7.6  -6.6   6.9  19.7  19.2  12.0  10.0  -1.9 -11.7  -9.5   506   506   506   506   506   506   506   506   506   506   506   506 
2007 -11.1 -21.9  -7.1   5.4   6.3  13.8  20.9  14.4   9.2   1.9  -7.3 -13.6   506   506   506   506   506   506   506   506   506   506   506   506 
2008 -21.3 -12.4  -4.5  -3.1   9.0  14.7  18.9  14.1   8.2   3.8  -4.8 -16.2   506   506   506   506   506   506   506   506   506   506   506   506 
