Number= 296050
Name= TATARSK-------------
Country= RUSSIA
Lat=   55.2
Long=  -75.9
Height= 112
Start year= 1900
End year= 2017
First Good year= 1900
Source ID= 43
Source file= Jones
Jones data to= 2017
Normals source= Data
Normals source start year= 1961
Normals source end year= 1990
Normals= -17.9 -17.3  -8.7   2.7  11.0  17.4  19.7  15.9  10.2   1.4  -8.0 -14.9 
Standard deviations source= Data
Standard deviations source start year= 1941
Standard deviations source end year= 1990
Standard deviations=   4.1   3.8   3.1   2.6   2.0   1.7   1.7   1.3   1.7   1.8   4.0   4.1 
Obs:
1900 -27.2 -17.4  -8.0  -1.8  14.6  20.0  20.3  16.4   9.8   3.0 -10.5 -14.2   506   506   506   506   506   506   506   506   506   506   506   506 
1901 -24.0 -13.7  -8.8   3.4  11.2  15.6  20.9  14.9   9.0  -2.7  -7.3 -18.0   506   506   506   506   506   506   506   506   506   506   506   506 
1902 -14.5 -17.2 -12.7  -3.8  10.1  16.2  20.6  17.3  10.8  -0.4 -14.3 -21.3   506   506   506   506   506   506   506   506   506   506   506   506 
1903 -17.8 -10.5 -12.4  -1.4   8.4  13.4  16.7  14.6   9.1  -1.5 -10.3 -17.5   506   506   506   506   506   506   506   506   506   506   506   506 
1904 -17.5 -99.0 -12.0  -4.7  13.5  18.1  19.2 -99.0 -99.0   1.4 -99.0 -11.0   506   -99   506   506   506   506   506   -99   -99   506   -99   506 
1905 -17.6 -19.9 -16.1  -4.2   9.4  14.3  18.7  15.9  11.2   3.6  -5.9 -11.1   506   506   506   506   506   506   506   506   506   506   506   506 
1906 -22.7 -22.5  -6.4   4.3   9.6  17.8  17.0  18.3   9.9   0.5 -11.1 -11.9   506   506   506   506   506   506   506   506   506   506   506   506 
1907 -23.2 -19.4  -9.5   1.7  10.3  13.8  18.4  19.6  11.7  -0.7 -14.1 -17.7   506   506   506   506   506   506   506   506   506   506   506   506 
1908 -21.5 -19.2 -15.4  -2.8  13.1  15.3  17.4  16.0   9.8  -0.7 -11.2 -15.1   506   506   506   506   506   506   506   506   506   506   506   506 
1909 -21.3 -17.7 -99.0 -99.0  10.5  18.1  20.7  15.8   9.1   0.8  -4.0 -15.3   506   506   -99   -99   506   506   506   506   506   506   506   506 
1910 -19.2 -17.9 -14.1   0.2  11.1  14.9  19.0  16.4   8.8  -1.2 -13.0 -15.1   506   506   506   506   506   506   506   506   506   506   506   506 
1911 -20.9 -20.4 -13.6   2.1   7.7  18.0  20.3  14.1   8.4   1.2  -4.7 -16.7   506   506   506   506   506   506   506   506   506   506   506   506 
1912 -17.2 -20.8 -16.6   1.3  12.3  15.9  18.9  12.2   8.6  -4.0 -10.4 -17.7   506   506   506   506   506   506   506   506   506   506   506   506 
1913 -18.8 -20.4  -7.9  -3.5  10.7  16.7  17.8  15.9   8.6   1.3  -6.6  -8.2   506   506   506   506   506   506   506   506   506   506   506   506 
1914 -14.3 -13.2 -99.0   0.8  11.5  15.3  14.7  17.1   9.8  -1.9  -9.6 -17.1   506   506   -99   506   506   506   506   506   506   506   506   506 
1915 -21.2 -14.3 -12.3   3.2  13.5  21.2  21.1  17.3  11.2  -2.3  -6.9 -16.1   506   506   506   506   506   506   506   506   506   506   506   506 
1916 -17.7 -16.4 -14.7  -2.2  11.4  18.3  18.4  15.1  11.4   1.1  -8.5 -19.9   506   506   506   506   506   506   506   506   506   506   506   506 
1917 -99.0 -18.4 -14.4   3.0  14.0  14.0  18.2  12.3  12.1 -99.0 -99.0 -99.0   -99   506   506   506   506   506   506   506   506   -99   -99   -99 
1918 -99.0 -99.0 -99.0 -99.0 -99.0 -99.0 -99.0 -99.0 -99.0 -99.0 -99.0 -99.0   -99   -99   -99   -99   -99   -99   -99   -99   -99   -99   -99   -99 
1919 -99.0 -99.0 -99.0 -99.0 -99.0 -99.0 -99.0 -99.0 -99.0 -99.0 -99.0 -99.0   -99   -99   -99   -99   -99   -99   -99   -99   -99   -99   -99   -99 
1920 -99.0 -99.0 -99.0 -99.0 -99.0 -99.0 -99.0 -99.0 -99.0 -99.0 -99.0 -99.0   -99   -99   -99   -99   -99   -99   -99   -99   -99   -99   -99   -99 
1921 -99.0 -99.0 -99.0 -99.0 -99.0 -99.0 -99.0 -99.0 -99.0 -99.0 -99.0 -99.0   -99   -99   -99   -99   -99   -99   -99   -99   -99   -99   -99   -99 
1922 -99.0 -99.0 -99.0 -99.0 -99.0 -99.0 -99.0 -99.0 -99.0 -99.0 -99.0 -99.0   -99   -99   -99   -99   -99   -99   -99   -99   -99   -99   -99   -99 
1923 -99.0 -99.0 -99.0 -99.0 -99.0 -99.0 -99.0 -99.0 -99.0 -99.0 -99.0 -99.0   -99   -99   -99   -99   -99   -99   -99   -99   -99   -99   -99   -99 
1924 -99.0 -99.0 -99.0 -99.0  12.1  15.6  22.3  16.6  10.2   2.1  -4.9 -13.1   -99   -99   -99   -99   506   506   506   506   506   506   506   506 
1925 -13.7 -15.4 -10.3  -2.2   7.8  17.2  16.7  17.6  11.6   4.4  -5.8 -13.8   506   506   506   506   506   506   506   506   506   506   506   506 
1926 -16.5 -19.9  -9.4  -2.0   6.7  17.5  18.2  16.1   9.5   3.6  -7.6 -99.0   506   506   506   506   506   506   506   506   506   506   506   -99 
1927 -23.3 -16.5 -17.0   0.8  14.2  17.1  19.4  16.5  12.5   1.9 -10.9 -18.4   506   506   506   506   506   506   506   506   506   506   506   506 
1928 -19.1 -18.5 -15.6  -1.5  10.6  16.8  20.0  16.3  11.0   3.3  -9.2 -17.6   506   506   506   506   506   506   506   506   506   506   506   506 
1929 -22.5 -24.5  -9.5   2.8   8.0  20.7  20.0  14.8  10.1   2.9  -5.5 -27.0   506   506   506   506   506   506   506   506   506   506   506   506 
1930 -19.5 -19.9  -7.1  -3.4   9.5  18.9  18.9  14.8   8.4   2.1  -6.0 -18.5   506   506   506   506   506   506   506   506   506   506   506   506 
1931 -21.5 -24.0 -11.5   1.0  10.0  20.6  20.4  18.3  11.1   3.9 -10.2 -16.0   506   506   506   506   506   506   506   506   506   506   506   506 
1932 -13.2 -15.6 -10.4   5.2  10.5  16.9  20.2  16.2  10.9   5.6  -7.7 -14.6   506   506   506   506   506   506   506   506   506   506   506   506 
1933 -22.6 -23.6 -12.4   3.2  10.5  15.3  21.3  17.3   7.6   1.8  -7.9 -19.0   506   506   506   506   506   506   506   506   506   506   506   506 
1934 -17.4 -12.7 -13.8  -4.3  11.5  17.4  15.1  16.2   6.1   2.7  -5.5 -16.5   506   506   506   506   506   506   506   506   506   506   506   506 
1935 -20.4 -12.0 -11.4   0.4  12.1  18.3  19.9  17.0  10.7   2.2 -12.2 -20.9   506   506   506   506   506   506   506   506   506   506   506   506 
1936 -17.2 -16.3 -12.3  -2.0   8.6  16.9  17.6  14.0  10.3   3.8  -4.3 -10.7   506   506   506   506   506   506   506   506   506   506   506   506 
1937 -17.1 -19.6 -15.7  -1.7   9.5  16.6  18.4  14.0  10.3   3.0  -8.3 -19.8   506   506   506   506   506   506   506   506   506   506   506   506 
1938 -23.0 -14.8 -12.4   5.2  11.3  15.5  17.2  16.0   8.0   0.9  -3.6 -23.8   506   506   506   506   506   506   506   506   506   506   506   506 
1939 -21.7 -13.8 -11.2   5.4  10.0  17.9  18.3  13.7  10.4   0.1  -9.7 -12.7   506   506   506   506   506   506   506   506   506   506   506   506 
1940 -27.9 -17.5  -7.7   5.5   8.0  17.2  21.0  16.4   9.8  -1.9  -7.5 -16.8   506   506   506   506   506   506   506   506   506   506   506   506 
1941 -20.3 -21.6  -8.9  -2.9   9.6  18.0  16.0  14.4   9.6   1.6 -13.8 -20.2   506   506   506   506   506   506   506   506   506   506   506   506 
1942 -18.4 -18.1 -14.2   0.5   9.2  17.6  19.5  15.9  11.6   1.1  -7.0 -14.2   506   506   506   506   506   506   506   506   506   506   506   506 
1943 -22.4 -19.3 -11.6   3.5  14.6  16.2  18.5  16.7  10.1   0.9 -13.3 -14.2   506   506   506   506   506   506   506   506   506   506   506   506 
1944 -18.9 -14.5  -4.2   4.6  11.2  16.9  18.0  15.3  10.3   2.7 -13.4 -17.6   506   506   506   506   506   506   506   506   506   506   506   506 
1945 -23.0 -24.0 -12.4   4.8  11.5  16.8  16.9  16.2   9.4   2.7 -10.7 -19.0   506   506   506   506   506   506   506   506   506   506   506   506 
1946 -16.3 -10.6 -12.7   2.6   9.5  13.5  19.0  14.4   8.3   1.4  -9.4 -22.5   506   506   506   506   506   506   506   506   506   506   506   506 
1947 -22.9 -20.8  -8.8   4.3  10.7  14.9  16.2  15.2   8.7   4.2  -6.1 -19.2   506   506   506   506   506   506   506   506   506   506   506   506 
1948 -13.8 -17.6  -9.8   0.9  10.4  15.5  20.4  15.0  10.3   4.1  -7.3 -18.8   506   506   506   506   506   506   506   506   506   506   506   506 
1949 -11.7 -15.0 -13.7   3.1  10.4  15.8  16.4  18.0   6.9   2.9 -10.1 -21.8   506   506   506   506   506   506   506   506   506   506   506   506 
1950 -23.1 -18.4  -9.9   0.3  10.2  16.7  19.5  15.8  11.5   1.2 -13.8 -13.0   506   506   506   506   506   506   506   506   506   506   506   506 
1951 -20.2 -27.2  -7.6   7.2  12.3  16.7  20.8  14.7  12.7   0.8  -9.6  -9.4   506   506   506   506   506   506   506   506   506   506   506   506 
1952 -16.8 -18.8 -13.8  -2.0  13.0  18.0  21.9  17.2  12.7  -0.1 -18.4 -15.4   506   506   506   506   506   506   506   506   506   506   506   506 
1953 -19.3 -17.4  -8.6   4.3  13.4  15.5  20.9  16.3  11.9   0.6 -20.0 -14.1   506   506   506   506   506   506   506   506   506   506   506   506 
1954 -25.0 -23.9 -12.4  -0.3   8.2  17.0  18.9  16.2  10.6   3.6  -9.5 -21.7   506   506   506   506   506   506   506   506   506   506   506   506 
1955 -17.0 -19.6 -13.2   1.1  14.2  20.3  18.5  17.1   8.4   2.5  -7.2 -20.1   506   506   506   506   506   506   506   506   506   506   506   506 
1956 -21.6 -21.8 -14.5   1.7  12.1  15.2  19.7  17.1   7.8   3.4  -7.3 -16.7   506   506   506   506   506   506   506   506   506   506   506   506 
1957 -21.0 -16.8 -12.7  -0.7  12.6  17.8  18.3  16.5  13.3   1.9  -9.6 -12.3   506   506   506   506   506   506   506   506   506   506   506   506 
1958 -20.0 -11.6 -14.2  -1.3   8.6  16.3  18.7  17.6   7.4   2.1  -5.2 -16.8   506   506   506   506   506   506   506   506   506   506   506   506 
1959 -16.9 -16.4  -9.8   0.1  12.2  18.0  18.3  14.4  11.6   0.3 -11.8 -19.5   506   506   506   506   506   506   506   506   506   506   506   506 
1960 -21.7 -14.8 -17.2   2.0   8.9  16.6  16.2  14.6  10.4   0.1 -13.0 -15.2   506   506   506   506   506   506   506   506   506   506   506   506 
1961 -15.6 -15.4  -7.7   4.6  12.6  15.8  19.2  15.7   9.9  -3.5  -7.5 -11.1   506   506   506   506   506   506   506   506   506   506   506   506 
1962 -14.0 -12.3  -6.2   4.6  14.8  17.9  21.0  16.0  10.2   0.9 -11.8 -14.4   506   506   506   506   506   506   506   506   506   506   506   506 
1963 -16.8 -12.4  -9.5  -0.2   9.6  18.3  20.0  15.0   9.6   3.4  -3.7 -12.4   506   506   506   506   506   506   506   506   506   506   506   506 
1964 -12.9 -21.6 -13.9  -4.0  12.4  16.9  19.7  16.8  10.3  -0.9  -4.8 -11.4   506   506   506   506   506   506   506   506   506   506   506   506 
1965 -16.8 -16.0  -5.7   2.4  14.6  19.3  22.4  15.1  11.1   1.6 -11.5 -16.7   506   506   506   506   506   506   506   506   506   506   506   506 
1966 -20.6 -19.7  -9.9   1.0   9.8  16.0  21.0  17.6  14.0  -0.4 -11.1 -25.4   506   506   506   506   506   506   506   506   506   506   506   506 
1967 -18.6 -19.8  -8.3   7.1  11.7  17.9  21.2  14.4   7.7   5.2  -7.0 -12.0   506   506   506   506   506   506   506   506   506   506   506   506 
1968 -18.4 -15.0  -4.6   3.1  13.1  14.5  19.0  15.8   6.7   0.4 -14.6 -24.5   506   506   506   506   506   506   506   506   506   506   506   506 
1969 -30.7 -27.0 -14.3   1.5   7.1  17.4  23.3  13.0   9.2   0.4  -4.6 -16.5   506   506   506   506   506   506   506   506   506   506   506   506 
1970 -18.4 -15.0 -10.3   3.4   9.5  15.7  16.1  14.9  12.2  -0.1  -7.6 -18.5   506   506   506   506   506   506   506   506   506   506   506   506 
1971 -14.1 -22.1 -11.7   2.0   9.6  17.0  19.3  15.7  12.2   3.6  -3.1 -14.1   506   506   506   506   506   506   506   506   506   506   506   506 
1972 -27.2 -18.2 -12.8   4.1   9.2  15.9  16.2  14.0   6.3   2.1  -5.7 -13.9   506   506   506   506   506   506   506   506   506   506   506   506 
1973 -23.1 -17.5  -8.1   4.8  10.8  18.5  17.9  16.5  10.2   0.8  -5.2 -10.2   506   506   506   506   506   506   506   506   506   506   506   506 
1974 -23.4 -22.7  -8.8   4.5  12.5  16.9  20.7  16.3  10.3   1.9 -12.4 -18.1   506   506   506   506   506   506   506   506   506   506   506   506 
1975 -13.4 -14.3  -6.4   3.2   8.8  16.5  20.4  15.9  10.8   0.2  -9.2 -15.7   506   506   506   506   506   506   506   506   506   506   506   506 
1976 -12.3 -20.6  -9.9   3.9  11.2  20.6  18.3  17.6   9.9  -4.2 -13.2 -17.9   506   506   506   506   506   506   506   506   506   506   506   506 
1977 -24.9 -20.2  -7.2   5.6  12.8  20.3  19.7  14.3  10.0   1.6  -3.8 -16.0   506   506   506   506   506   506   506   506   506   506   506   506 
1978 -15.0 -18.9  -8.7   4.2   9.3  18.7  20.1  13.0  10.9   2.8  -4.9 -15.7   506   506   506   506   506   506   506   506   506   506   506   506 
1979 -23.5 -13.8  -8.9  -2.5  10.8  16.5  20.0  15.7  11.3   1.7  -7.0 -11.6   506   506   506   506   506   506   506   506   506   506   506   506 
1980 -19.7 -17.9 -10.9   0.8  13.7  16.5  17.6  14.8  11.1   2.4  -6.6 -11.9   506   506   506   506   506   506   506   506   506   506   506   506 
1981 -16.1 -14.1  -6.5   3.5  10.8  19.5  18.6  19.5  10.9   2.7  -9.0 -12.7   506   506   506   506   506   506   506   506   506   506   506   506 
1982 -18.1 -15.8 -13.3   6.5  13.1  21.0  19.0  17.1  11.4   1.6  -3.6  -9.2   506   506   506   506   506   506   506   506   506   506   506   506 
1983 -10.9 -11.4  -6.1   1.9   7.7  20.3  21.0  16.4   8.0   5.0  -4.6  -8.9   506   506   506   506   506   506   506   506   506   506   506   506 
1984 -13.1 -18.3  -5.9  -2.8  10.1  16.2  18.6  17.1  10.1   1.9 -15.5 -24.5   506   506   506   506   506   506   506   506   506   506   506   506 
1985 -16.6 -18.7 -10.2   3.4   8.0  15.9  18.2  16.0  10.9   0.4  -9.2 -14.0   506   506   506   506   506   506   506   506   506   506   506   506 
1986 -16.2 -18.8  -9.1   3.8   9.3  14.6  18.7  15.8   9.6   2.1  -6.2 -18.6   506   506   506   506   506   506   506   506   506   506   506   506 
1987 -18.1 -13.7  -9.4   0.0  12.9  16.0  20.5  17.8  10.1   0.4 -15.6 -12.5   506   506   506   506   506   506   506   506   506   506   506   506 
1988 -17.1 -19.7  -6.8   4.3   9.2  16.9  20.2  17.0  11.8   2.2  -4.9 -10.8   506   506   506   506   506   506   506   506   506   506   506   506 
1989 -15.4 -14.9  -5.2   1.1  11.5  16.5  21.8  16.7   9.4   3.0  -7.7 -12.1   506   506   506   506   506   506   506   506   506   506   506   506 
1990 -17.0 -13.2  -3.4   4.1  13.8  18.6  21.0  16.6  10.1   2.5  -8.0 -15.4   506   506   506   506   506   506   506   506   506   506   506   506 
1991 -12.9 -16.1 -13.4   6.4  13.9  20.5  19.8  13.7  12.1   5.0  -7.4 -17.9   506   506   506   506   506   506   506   506   506   506   506   506 
1992 -12.1 -14.0  -9.5   0.3  12.6  12.7  19.2  15.7   7.0   3.5  -7.4 -13.1   506   506   506   506   506   506   506   506   506   506   506   506 
1993 -13.9 -14.3  -7.7   1.6   9.2  18.0  20.0  17.7   8.1   3.1 -16.1 -15.4   506   506   506   506   506   506   506   506   506   506   506   506 
1994 -15.9 -21.7  -9.5   1.8  12.4  20.3  19.1  16.1  10.1   5.0  -6.3 -16.6   506   506   506   506   506   506   506   506   506   506   506   506 
1995 -17.1 -10.1  -6.4   7.9  12.6  14.7  20.8  17.3  11.1   3.9  -3.7 -13.2   506   506   506   506   506   506   506   506   506   506   506   506 
1996 -21.8 -18.6 -10.6  -0.1  11.2  17.9  20.5  13.2   7.8   0.5  -6.4 -13.8   506   506   506   506   506   506   506   506   506   506   506   506 
1997 -15.3 -13.5  -3.2   8.7  13.3  15.7  17.1  16.3  11.1   6.5 -10.1 -18.9   506   506   506   506   506   506   506   506   506   506   506   506 
1998 -23.6 -14.0  -8.9  -0.5  11.3  18.1  22.9  20.0   8.0   3.4 -13.4  -9.5   506   506   506   506   506   506   506   506   506   506   506   506 
1999 -16.6  -9.5 -15.5   2.6  15.4  14.3  22.0  17.1   8.9   5.6  -9.1  -8.4   506   506   506   506   506   506   506   506   506   506   506   506 
2000 -18.9 -11.2  -6.5   5.6  11.3  18.6  19.3  17.1  10.1  -0.3 -12.0 -14.7   506   506   506   506   506   506   506   506   506   506   506   506 
2001 -21.4 -17.1  -4.8   4.4  16.6  16.8  16.8  17.5  10.4   1.1  -3.6 -15.8   506   506   506   506   506   506   506   506   506   506   506   506 
2002  -8.3  -8.1  -2.4   0.5  12.1  16.4  17.5  15.2  11.9   2.0  -6.0 -21.2   506   506   506   506   506   506   506   506   506   506   506   506 
2003 -15.5 -15.7  -9.4   2.0  15.0  18.5  17.6  18.6  11.2   3.4 -10.5 -11.1   506   506   506   506   506   506   506   506   506   506   506   506 
2004 -18.8 -12.4  -9.9   0.8  16.4  19.0  18.9  15.3   9.7   4.7  -3.5 -17.9   506   506   506   506   506   506   506   506   506   506   506   506 
2005 -14.6 -20.0  -5.6   4.3  12.2  19.4  19.6  16.5  10.7   4.7  -3.7 -15.3   506   506   506   506   506   506   506   506   506   506   506   506 
2006 -28.4 -16.3  -5.1   0.8  11.0  20.8  18.7  14.2  11.3   2.7  -6.5  -7.0   506   506   506   506   506   506   506   506   506   506   506   506 
2007 -10.0 -15.6  -8.2   6.7  12.0  15.2  20.4  16.6  12.1   3.4  -6.0 -12.4   506   506   506   506   506   506   506   506   506   506   506   506 
2008 -20.4 -13.6  -3.2   3.9  13.1  16.9  21.2  16.2   8.3   4.8  -0.8 -12.4   506   506   506   506   506   506   506   506   506   506   506   506 
2009 -17.3 -20.9  -6.9   4.7  12.5  14.9  17.9  16.1  10.4   3.5  -6.5 -18.7   506   506   506   506   506   506   506   506   506   506   506   506 
2010 -26.5 -22.5  -8.6   4.7   9.7  17.7  17.3  17.5  10.6   4.6  -3.4 -19.6   506   506   506   506   506   506   506   506   506   506   506   506 
2011 -22.6 -15.4  -8.0   7.1  11.1  19.5  16.9  14.8  11.9   5.7  -9.4 -15.7   506   506   506   506   506   506   506   506   506   506   506   506 
2012 -20.6 -18.9  -5.8   7.8  11.3  21.3  23.4  17.3  11.9   3.8  -7.5 -25.0   506   506   506   506   506   506   506   506   506   506   506   506 
2013 -18.4 -14.4  -7.8   4.9   9.4  15.6  19.1  17.2  10.0   2.2  -0.5  -9.3   506   506   506   506   506   506   506   506   506   506   506   506 
2014 -17.3 -20.5  -4.6   4.5  11.5  17.7  17.4  18.8   8.2  -0.4  -9.1 -11.9   506   506   506   506   506   506   506   506   506   506   506   506 
2015 -14.6 -12.7  -6.3   5.4  13.2  20.0  18.7  15.2   9.3   1.9  -9.3  -7.8   506   506   506   506   506   506   506   506   506   506   506   506 
2016 -22.3  -8.4  -4.0   8.1  12.3  18.1  19.9  18.5  13.1  -1.5 -12.8 -16.1   506   506   506   506   506   506   506   506   506   506   506   506 
2017 -16.5 -15.0  -5.8 -99.0 -99.0 -99.0 -99.0 -99.0 -99.0 -99.0 -99.0 -99.0   506   506   506   -99   -99   -99   -99   -99   -99   -99   -99   -99 
