Number= 298020
Name= MIKHAILOVKA
Country= KAZAKHSTAN
Lat=   53.0
Long=  -76.0
Height= 112
Start year= 1991
End year= 2012
First Good year= 1991
Source ID= 98
Source file= Jones
Jones data to= 2012
Normals source start year= 1991
Normals source end year= 1990
Normals= -99.0 -99.0 -99.0 -99.0 -99.0 -99.0 -99.0 -99.0 -99.0 -99.0 -99.0 -99.0 
Standard deviations source= Data
Standard deviations source start year= 1991
Standard deviations source end year= 1990
Obs:
1991 -13.2 -16.5 -13.1   6.7  15.2  21.5  20.8  15.1  13.0   5.7  -7.2 -16.4   506   506   506   506   506   506   506   506   506   506   506   506 
1992 -11.5 -14.1 -11.0   2.1  13.7  15.3  20.5  16.4   7.3   3.6  -6.0 -12.5   506   506   506   506   506   506   506   506   506   506   506   506 
1993 -13.7 -14.4  -8.3   2.4  10.1  18.5  20.4  18.7   8.9   4.1 -16.7 -16.0   506   506   506   506   506   506   506   506   506   506   506   506 
1994 -15.8 -21.2 -10.0   3.3  13.0  21.6  20.5  17.2  10.9   5.0  -4.9 -15.2   506   506   506   506   506   506   506   506   506   506   506   506 
1995 -17.0 -11.3  -7.3   8.3  13.3  16.6  21.3  18.3  11.6   4.6  -3.0 -13.0   506   506   506   506   506   506   506   506   506   506   506   506 
1996 -21.8 -18.7 -12.2   0.4  12.3  19.2  21.1  14.7   9.5   0.8  -6.7 -13.8   506   506   506   506   506   506   506   506   506   506   506   506 
1997 -13.9 -13.4  -4.9   9.3  14.3  17.2  19.2  17.6  12.2   7.6  -9.8 -17.3   506   506   506   506   506   506   506   506   506   506   506   506 
1998 -24.0 -13.9  -9.9   0.7  12.5  19.4  23.2  21.4   9.4   4.3 -12.3 -10.1   506   506   506   506   506   506   506   506   506   506   506   506 
1999 -16.3 -10.5 -16.6   3.9  16.5  15.7  23.1  18.5  10.3   6.3  -8.6  -9.1   506   506   506   506   506   506   506   506   506   506   506   506 
2000 -18.3 -11.5  -7.8   6.7  11.8  19.1  20.4  18.3  10.9  -0.1 -12.4 -13.4   506   506   506   506   506   506   506   506   506   506   506   506 
2001 -19.6 -16.8  -4.8   5.2  17.4  18.2  17.6  18.6  11.3   2.1  -3.0 -15.4   506   506   506   506   506   506   506   506   506   506   506   506 
2002  -7.1  -8.0  -0.7   2.7  13.1  17.5  18.2  17.0  13.1   2.6  -4.5 -20.3   506   506   506   506   506   506   506   506   506   506   506   506 
2003 -15.8 -16.1 -10.2   1.6  15.4  19.9  19.2  19.9  12.8   4.0  -9.9 -11.1   506   506   506   506   506   506   506   506   506   506   506   506 
2004 -19.3 -12.1  -9.5   2.6  16.8  20.3  20.4  16.8  11.5   5.5  -2.9 -16.7   506   506   506   506   506   506   506   506   506   506   506   506 
2005 -15.7 -21.7  -5.7   5.3  12.8  20.5  20.7  17.8  11.8   5.0  -3.9 -15.1   506   506   506   506   506   506   506   506   506   506   506   506 
2006 -26.9 -16.6  -5.0   2.5  12.1  21.9  19.8  16.0  12.3   3.5  -5.6  -6.8   506   506   506   506   506   506   506   506   506   506   506   506 
2007  -9.9 -14.0  -9.9   7.5  13.7  16.6  20.8  17.5  13.3   3.7  -5.7 -12.4   506   506   506   506   506   506   506   506   506   506   506   506 
2008 -22.0 -14.3  -2.8   5.4  14.3  18.9  22.8  18.0   8.7   4.9  -0.7 -13.1   506   506   506   506   506   506   506   506   506   506   506   506 
2009 -16.9 -20.9  -8.2   5.6  13.7  16.1  18.5  16.9  11.0   3.8  -6.4 -17.8   506   506   506   506   506   506   506   506   506   506   506   506 
2010 -26.5 -23.3  -8.9   4.7  10.9  18.9  18.2  19.1  11.9   4.5  -1.8 -18.7   506   506   506   506   506   506   506   506   506   506   506   506 
2011 -23.8 -16.1  -8.8   9.3  12.4  20.9  19.0  16.5  13.4   6.2  -9.5 -15.7   506   506   506   506   506   506   506   506   506   506   506   506 
2012 -22.1 -21.8  -6.5   8.9  12.3  21.6  24.2  19.0  12.9   4.3  -7.0 -25.8   506   506   506   506   506   506   506   506   506   506   506   506 
