Number= 467060
Name= SUAO
Country= TAIWAN
Lat=   24.6
Long= -121.9
Height= 24
Start year= 1982
End year= 2017
First Good year= 1982
Source ID= 83
Source file= Jones
Jones data to= 2017
Normals source start year= 1982
Normals source end year= 1990
Normals= -99.0 -99.0 -99.0 -99.0 -99.0 -99.0 -99.0 -99.0 -99.0 -99.0 -99.0 -99.0 
Standard deviations source= Data
Standard deviations source start year= 1982
Standard deviations source end year= 1990
Obs:
1982  16.0  16.7  19.7  19.8  24.6  25.5  27.9  27.4  26.2  24.1  21.7  17.1   506   506   506   506   506   506   506   506   506   506   506   506 
1983  16.0  16.1  18.2  23.1  24.7  27.1  29.2  28.5  27.9  25.3  20.1  15.8   506   506   506   506   506   506   506   506   506   506   506   506 
1984  14.6  14.9  17.5  20.9  23.5  27.3  28.4  27.7  26.6  23.8  21.2  17.0   506   506   506   506   506   506   506   506   506   506   506   506 
1985  16.1  17.3  18.2  20.4  25.2  25.8  27.8  27.6  26.6  24.7  19.9  16.6   506   506   506   506   506   506   506   506   506   506   506   506 
1986  14.9  14.3  17.1  21.6  24.0  26.5  28.3  28.0  25.6  22.3  20.2  17.2   506   506   506   506   506   506   506   506   506   506   506   506 
1987  16.1  16.9  19.2  21.2  23.7  25.7  28.0  28.2  25.2  24.7  21.6  17.3   506   506   506   506   506   506   506   506   506   506   506   506 
1988  17.3  16.6  17.9  20.2  24.9  27.5  28.9  28.1  26.1  24.0  19.2  17.0   506   506   506   506   506   506   506   506   506   506   506   506 
1989  17.0  16.9  17.6  21.5  23.8  26.5  28.4  28.0  26.7  22.6  19.6  17.2   506   506   506   506   506   506   506   506   506   506   506   506 
1990  17.0  18.5  18.2  20.5  24.0  27.4  28.4  28.0  25.9  22.3  21.1  17.7   506   506   506   506   506   506   506   506   506   506   506   506 
1991  16.0  15.9  19.7  21.3  24.8  28.1  28.9  28.1  26.7  22.1  19.6  18.2   506   506   506   506   506   506   506   506   506   506   506   506 
1992  16.2  16.0  19.0  21.5  23.5  26.1  28.5  28.1  26.6  22.4  20.0  18.7   506   506   506   506   506   506   506   506   506   506   506   506 
1993  15.8  17.1  17.8  21.0  24.4  27.0  28.9  28.6  26.6  22.8  21.8  17.3   506   506   506   506   506   506   506   506   506   506   506   506 
1994  16.5  17.2  17.8  23.4  24.6  27.6  28.6  28.2  25.8  23.5  21.8  20.0   506   506   506   506   506   506   506   506   506   506   506   506 
1995  16.2  15.1  17.9  22.5  23.9  26.8  28.2  28.1  26.3  24.3  19.9  16.6   506   506   506   506   506   506   506   506   506   506   506   506 
1996  16.2  15.7  19.4  19.2  22.8  28.4  29.0  28.2  27.1  24.1  21.7  17.4   506   506   506   506   506   506   506   506   506   506   506   506 
1997  16.2  16.5  19.9  22.0  25.0  25.8  28.2  28.6  25.4  23.6  21.8  18.8   506   506   506   506   506   506   506   506   506   506   506   506 
1998  17.0  17.7  19.9  24.1  25.6  27.3  29.3  29.4  26.7  25.1  22.1  19.2   506   506   506   506   506   506   506   506   506   506   506   506 
1999  17.5  17.1  20.6  21.9  23.2  27.1  28.1  27.7  26.9  24.2  20.4  17.1   506   506   506   506   506   506   506   506   506   506   506   506 
2000  17.3  16.2  19.1  21.3  24.3  27.2  28.1  27.9  26.3  25.0 -99.0 -99.0   506   506   506   506   506   506   506   506   506   506   -99   -99 
2001 -99.0 -99.0 -99.0 -99.0 -99.0 -99.0 -99.0 -99.0 -99.0 -99.0 -99.0 -99.0   -99   -99   -99   -99   -99   -99   -99   -99   -99   -99   -99   -99 
2002 -99.0 -99.0 -99.0 -99.0 -99.0 -99.0 -99.0 -99.0 -99.0 -99.0 -99.0 -99.0   -99   -99   -99   -99   -99   -99   -99   -99   -99   -99   -99   -99 
2003 -99.0 -99.0 -99.0 -99.0 -99.0 -99.0 -99.0 -99.0 -99.0 -99.0 -99.0 -99.0   -99   -99   -99   -99   -99   -99   -99   -99   -99   -99   -99   -99 
2004 -99.0 -99.0 -99.0 -99.0 -99.0 -99.0 -99.0 -99.0 -99.0 -99.0 -99.0 -99.0   -99   -99   -99   -99   -99   -99   -99   -99   -99   -99   -99   -99 
2005 -99.0 -99.0 -99.0 -99.0 -99.0 -99.0 -99.0 -99.0 -99.0 -99.0 -99.0 -99.0   -99   -99   -99   -99   -99   -99   -99   -99   -99   -99   -99   -99 
2006  17.6  17.9  18.7  22.4  24.7  26.7  28.9  28.1  26.0  24.4  21.9  18.1   506   506   506   506   506   506   506   506   506   506   506   506 
2007  17.0  18.9  19.8  20.8  24.7  27.5  29.7  28.0  26.7  23.9  20.1  19.1   506   506   506   506   506   506   506   506   506   506   506   506 
2008  17.1  15.0  19.2  22.0  24.1  27.0  28.5  28.6  27.0  25.1  21.2  18.3   506   506   506   506   506   506   506   506   506   506   506   506 
2009  16.2  20.0  19.2  20.5  23.8  27.1  28.7  28.7  27.5  23.9  21.1  17.2   506   506   506   506   506   506   506   506   506   506   506   506 
2010  16.9  18.3  19.8  20.7  24.9  25.8  28.8  28.7  27.6  23.9  20.3  17.2   506   506   506   506   506   506   506   506   506   506   506   506 
2011  13.9  17.2  16.2  20.7  24.0  28.1  28.4  28.7  26.4  23.4  22.2  16.6   506   506   506   506   506   506   506   506   506   506   506   506 
2012  16.0  16.2  19.4  22.3  24.6  26.8  28.9  28.2  26.4  23.6  20.4  17.5   506   506   506   506   506   506   506   506   506   506   506   506 
2013  16.7  19.1  20.0  20.8  24.7  27.7  29.0  28.9  27.0  24.2  20.8  16.5   506   506   506   506   506   506   506   506   506   506   506   506 
2014  16.8  16.9  18.6  21.7  24.2  27.4  29.6  29.1  28.3  24.1  21.4  16.3   506   506   506   506   506   506   506   506   506   506   506   506 
2015  16.5  17.1  18.9  22.1  25.2  28.9  29.1  27.5  26.6  24.6  22.7  18.8   506   506   506   506   506   506   506   506   506   506   506   506 
2016  16.9  16.4  18.1  23.4  26.1  28.4  29.3  28.9  27.2  26.3  21.9  19.3   506   506   506   506   506   506   506   506   506   506   506   506 
2017  17.8  16.8  18.4 -99.0 -99.0 -99.0 -99.0 -99.0 -99.0 -99.0 -99.0 -99.0   506   506   506   -99   -99   -99   -99   -99   -99   -99   -99   -99 
