Number= 931190
Name= AUCKLAND AERO
Country= NEW ZEALAND
Lat=  -37.0
Long= -174.8
Height= 33
Start year= 1853
End year= 2016
First Good year= 1853
Source ID= 88
Source file= Jones
Jones data to= 2016
Normals source= Data
Normals source start year= 1961
Normals source end year= 1990
Normals=  19.4  19.7  18.7  16.2  13.6  11.6  10.6  11.4  12.7  14.3  16.1  18.0 
Standard deviations source= Data
Standard deviations source start year= 1941
Standard deviations source end year= 1990
Standard deviations=   1.0   1.0   0.9   0.8   0.9   0.9   0.8   0.7   0.7   0.8   0.8   1.1 
Obs:
1853 -99.0 -99.0 -99.0 -99.0 -99.0   9.8  10.5  11.7  12.1  13.9  15.1  17.0   -99   -99   -99   -99   -99   506   506   506   506   506   506   506 
1854 -99.0 -99.0 -99.0 -99.0 -99.0 -99.0 -99.0  11.6  12.7  13.5  15.2  17.0   -99   -99   -99   -99   -99   -99   -99   506   506   506   506   506 
1855  18.9  19.4  18.7  17.0  14.1  11.9  11.2  11.2  12.1  15.8  16.0  18.1   506   506   506   506   506   506   506   506   506   506   506   506 
1856  18.1  18.0  17.7  15.8  12.4  10.7   9.5  10.7  12.3  13.1  14.1  19.7   506   506   506   506   506   506   506   506   506   506   506   506 
1857  19.4  18.7  17.7  15.2  11.3  10.7  10.9  11.4  12.6  13.4  14.7  16.7   506   506   506   506   506   506   506   506   506   506   506   506 
1858  17.4  18.9  18.0  14.2  11.9  11.0   9.7  11.5  12.8  13.7  15.1  18.9   506   506   506   506   506   506   506   506   506   506   506   506 
1859  20.1  20.4  18.2  16.6  13.6  11.5  11.0  11.0  12.0  15.4  16.1  18.2   506   506   506   506   506   506   506   506   506   506   506   506 
1860  20.8  20.8  19.0  17.6  14.4  14.3  10.8  10.6  12.3  14.5  17.5  21.2   506   506   506   506   506   506   506   506   506   506   506   506 
1861  20.2  23.0  20.2  18.3  15.9  14.1  12.3  11.4  14.0  16.5  17.8  20.2   506   506   506   506   506   506   506   506   506   506   506   506 
1862  20.3  22.8  20.5  17.8  14.0  14.9  12.4  12.4  14.7  14.9  17.9  19.2   506   506   506   506   506   506   506   506   506   506   506   506 
1863  21.0  19.3  18.7  15.0  13.3  11.3  10.5  10.2  11.5  13.8  13.7  17.1   506   506   506   506   506   506   506   506   506   506   506   506 
1864  16.9  17.7  16.7  17.4  12.8  10.9  12.4  11.6  13.9  15.8  16.9  20.9   506   506   506   506   506   506   506   506   506   506   506   506 
1865  20.7  21.4  19.3  16.3  13.0  10.8  10.0  10.3  11.8  10.2  15.3  17.3   506   506   506   506   506   506   506   506   506   506   506   506 
1866  18.8  20.7  18.4  15.7  12.7  10.8  11.1  10.9  12.2  14.7  16.6  18.9   506   506   506   506   506   506   506   506   506   506   506   506 
1867  21.4  19.9  18.0  16.8  13.3  10.4  11.7  10.9  12.8  14.1  13.9  18.2   506   506   506   506   506   506   506   506   506   506   506   506 
1868  18.5  17.7  17.0  15.0  12.9  11.0  10.6  10.4  11.6  13.0  14.6  16.6   506   506   506   506   506   506   506   506   506   506   506   506 
1869  18.7  18.4  17.2  15.4  12.8  11.3   9.3  10.7  11.4  13.3  15.4  17.6   506   506   506   506   506   506   506   506   506   506   506   506 
1870  19.1  19.2  18.3  15.1  13.3  12.1  10.4  10.8  11.5  14.1  16.6  15.7   506   506   506   506   506   506   506   506   506   506   506   506 
1871  17.8  18.4  17.2  14.9  13.9  11.6  10.9  10.2  10.9  13.1  14.9  17.1   506   506   506   506   506   506   506   506   506   506   506   506 
1872  20.6  21.0  17.8  16.2  14.3  11.6  10.9  10.1  12.3  12.7  15.8  19.4   506   506   506   506   506   506   506   506   506   506   506   506 
1873  18.9  18.6  17.9  15.0  13.8  11.9  10.2  10.9  11.8  13.3  15.4  18.6   506   506   506   506   506   506   506   506   506   506   506   506 
1874  20.2  19.9  18.8  16.1  13.9  11.3  10.0  11.2  12.2  12.6  15.2  17.4   506   506   506   506   506   506   506   506   506   506   506   506 
1875  19.1  20.2  18.0  17.4  13.9  11.9  11.4  10.4  11.2  13.4  14.2  18.1   506   506   506   506   506   506   506   506   506   506   506   506 
1876  19.3  19.6  18.3  16.6  13.6  11.3  11.1  10.9  11.9  14.9  16.3  17.1   506   506   506   506   506   506   506   506   506   506   506   506 
1877  18.4  18.7  18.1  15.2  12.8  10.9   9.3  10.4  11.3  13.7  15.6  17.4   506   506   506   506   506   506   506   506   506   506   506   506 
1878  17.6  17.2  17.4  16.3  12.2  11.8   9.8   9.6  12.7  13.2  15.9  19.1   506   506   506   506   506   506   506   506   506   506   506   506 
1879  18.9  17.8  18.0  14.5  14.1  11.3  10.1  10.3  12.8  13.5  16.2  17.9   506   506   506   506   506   506   506   506   506   506   506   506 
1880  19.2  20.6  18.9  17.0  14.2  11.2  10.7  10.6  12.9  13.5  15.7  17.1   506   506   506   506   506   506   506   506   506   506   506   506 
1881  17.6  19.7  18.3  16.6  13.5  12.3  10.9  11.1  12.2  13.7  15.5  16.7   506   506   506   506   506   506   506   506   506   506   506   506 
1882  18.3  17.9  18.8  16.8  12.8  12.2  10.5  10.6  12.6  12.9  14.6  18.1   506   506   506   506   506   506   506   506   506   506   506   506 
1883  20.5  20.4  19.1  15.1  13.3  11.5  10.7  10.1  11.7  12.8  14.4  16.1   506   506   506   506   506   506   506   506   506   506   506   506 
1884  16.2  16.7  16.5  14.7  12.0  11.2  10.4  11.2  12.0  13.3  14.1  16.3   506   506   506   506   506   506   506   506   506   506   506   506 
1885  17.5  18.4  16.9  14.8  12.9  11.7  11.2  10.2  11.8  12.8  14.6  17.1   506   506   506   506   506   506   506   506   506   506   506   506 
1886  19.7  20.1  18.0  16.6  13.2  10.4   9.4  10.7  11.2  13.2  15.6  16.7   506   506   506   506   506   506   506   506   506   506   506   506 
1887  21.1  20.5  19.1  16.8  13.5  12.1  10.6   9.3  11.4  12.9  14.3  16.5   506   506   506   506   506   506   506   506   506   506   506   506 
1888  18.0  17.1  16.9  14.3  13.2  10.7  10.5  11.5  11.5  12.8  13.3  14.8   506   506   506   506   506   506   506   506   506   506   506   506 
1889  19.4  19.1  17.4  15.3  13.3  11.9  10.7  10.7  13.2  14.1  15.2  17.7   506   506   506   506   506   506   506   506   506   506   506   506 
1890  17.4  19.7  17.9  16.7  13.5  12.7  11.7  11.3  12.8  14.6  15.1  17.8   506   506   506   506   506   506   506   506   506   506   506   506 
1891  18.3  19.3  17.8  14.9  12.7  10.0  10.4  11.3  12.7  13.9  15.7  18.9   506   506   506   506   506   506   506   506   506   506   506   506 
1892  18.8  18.7  19.2  16.8  13.4  11.8  10.7  12.1  12.4  14.2  17.2  16.8   506   506   506   506   506   506   506   506   506   506   506   506 
1893  19.1  19.2  16.3  16.3  14.7  11.8  11.4  12.4  13.0  14.9  17.9  17.4   506   506   506   506   506   506   506   506   506   506   506   506 
1894  19.9  19.5  17.6  14.9  13.3  12.0  10.9  10.8  11.7  14.1  15.4  18.9   506   506   506   506   506   506   506   506   506   506   506   506 
1895  19.7  19.4  17.4  14.5  13.1  11.4   8.7   9.6  12.3  13.1  13.7  18.0   506   506   506   506   506   506   506   506   506   506   506   506 
1896  18.9  18.8  17.9  16.0  13.4  12.2  10.9  10.5  12.9  12.6  14.2  18.9   506   506   506   506   506   506   506   506   506   506   506   506 
1897  18.8  20.0  17.4  15.2  13.3  11.2  10.7  10.8  12.0  12.7  14.5  16.7   506   506   506   506   506   506   506   506   506   506   506   506 
1898  18.4  17.1  16.2  15.7  13.6  11.4  10.9  10.9  11.9  12.9  15.7  17.7   506   506   506   506   506   506   506   506   506   506   506   506 
1899  18.6  18.8  17.4  16.6  12.3  11.6   9.2  10.6  12.3  13.4  14.6  17.3   506   506   506   506   506   506   506   506   506   506   506   506 
1900  18.1  18.5  18.5  17.8  13.7  11.8  10.8  12.1  12.3  14.0  14.7  16.3   506   506   506   506   506   506   506   506   506   506   506   506 
1901  17.5  17.4  16.5  15.4  12.4  12.7  10.2  11.1  12.7  13.4  14.1  16.0   506   506   506   506   506   506   506   506   506   506   506   506 
1902  17.6  18.3  17.6  15.3  12.2  11.2   9.3   9.8  10.2  11.9  14.1  15.6   506   506   506   506   506   506   506   506   506   506   506   506 
1903  16.7  18.0  16.8  14.2  12.8  11.1  10.1  10.3  11.9  15.1  16.1  18.1   506   506   506   506   506   506   506   506   506   506   506   506 
1904  18.7  18.4  17.4  15.2  12.9  10.9  11.3  10.1  11.6  12.6  13.7  14.4   506   506   506   506   506   506   506   506   506   506   506   506 
1905  15.9  18.3  17.6  14.7  13.0  11.3   9.6  10.3  11.8  12.4  14.7  16.1   506   506   506   506   506   506   506   506   506   506   506   506 
1906  16.6  16.7  16.2  14.4  12.5  10.6  10.4  10.7  12.3  13.5  15.0  17.0   506   506   506   506   506   506   506   506   506   506   506   506 
1907  19.2  18.9  18.9  16.9  12.6  10.8  10.2  10.8  11.4  13.2  16.5  18.8   506   506   506   506   506   506   506   506   506   506   506   506 
1908  19.2  19.3  18.1  15.8  14.0  11.3   9.4   9.9  12.1  12.8  15.0  16.2   506   506   506   506   506   506   506   506   506   506   506   506 
1909 -99.0 -99.0 -99.0 -99.0 -99.0 -99.0 -99.0 -99.0 -99.0 -99.0 -99.0 -99.0   -99   -99   -99   -99   -99   -99   -99   -99   -99   -99   -99   -99 
1910  19.7  20.8  18.9  14.7  13.6  12.0  10.6  10.9  11.9  13.9  16.0  16.9   506   506   506   506   506   506   506   506   506   506   506   506 
1911  18.4  18.2  18.5  18.0  13.7  11.2  10.1  10.7  11.7  12.8  14.1  14.8   506   506   506   506   506   506   506   506   506   506   506   506 
1912  17.0  17.5  16.0  15.2  12.0  10.7   9.6   9.5  12.2  12.7  13.8  16.5   506   506   506   506   506   506   506   506   506   506   506   506 
1913  18.0  18.0  17.8  13.9  10.7   9.8  10.3  11.1  12.0  13.6  15.0  15.1   506   506   506   506   506   506   506   506   506   506   506   506 
1914  19.0  18.5  17.6  15.3  11.6  10.1   9.5   9.8  11.2  12.5  14.1  15.2   506   506   506   506   506   506   506   506   506   506   506   506 
1915  18.4  17.8  15.9  14.3  12.8  11.5  10.9  11.2  13.5  14.5  14.9  16.8   506   506   506   506   506   506   506   506   506   506   506   506 
1916  18.0  20.1  19.3  15.9  14.2  13.1  11.4  11.2  12.3  13.8  15.9  18.2   506   506   506   506   506   506   506   506   506   506   506   506 
1917  19.1  18.0  17.2  16.3  14.1  12.2  11.6  10.6  12.3  14.2  16.1  16.9   506   506   506   506   506   506   506   506   506   506   506   506 
1918  18.8  19.4  18.1  16.5  13.2  11.7   9.1  10.3  11.1  13.3  14.3  15.1   506   506   506   506   506   506   506   506   506   506   506   506 
1919  16.5  19.2  16.8  14.1  12.2  10.8  10.2   9.8  10.5  12.5  13.1  15.7   506   506   506   506   506   506   506   506   506   506   506   506 
1920  17.1  18.8  17.2  15.1  12.0  11.5   9.8  10.3  11.6  13.5  14.5  16.6   506   506   506   506   506   506   506   506   506   506   506   506 
1921  18.0  18.0  17.3  14.5  12.8  12.1  10.3  10.8  12.3  14.0  14.7  16.7   506   506   506   506   506   506   506   506   506   506   506   506 
1922  19.3  18.9  17.3  15.7  13.6  10.5  10.1  11.0  11.8  14.3  15.3  17.2   506   506   506   506   506   506   506   506   506   506   506   506 
1923  18.1  17.3  16.2  13.8  13.8  11.4   9.5   9.5  12.0  13.5  16.0  18.5   506   506   506   506   506   506   506   506   506   506   506   506 
1924  19.2  19.8  19.0  18.1  13.7  11.2  10.0  10.7  12.5  13.8  15.6  16.2   506   506   506   506   506   506   506   506   506   506   506   506 
1925  18.7  18.2  17.0  15.0  13.5  11.0  10.3  10.0  11.3  13.3  14.0  16.6   506   506   506   506   506   506   506   506   506   506   506   506 
1926  18.5  16.6  16.8  16.1  13.6  10.7  10.6  10.8  11.6  14.0  14.0  16.6   506   506   506   506   506   506   506   506   506   506   506   506 
1927  18.7  19.2  17.2  14.8  12.7  10.0  10.7  10.1  11.8  12.9  14.8  16.3   506   506   506   506   506   506   506   506   506   506   506   506 
1928  18.1  20.5  18.4  17.5  15.0  11.6  10.8  10.9  12.5  13.7  16.5  17.2   506   506   506   506   506   506   506   506   506   506   506   506 
1929  18.9  18.5  18.7  16.0  13.4  12.1  10.0  10.6  11.2  13.8  16.0  17.4   506   506   506   506   506   506   506   506   506   506   506   506 
1930  18.6  18.2  17.2  14.7  12.2  10.7   9.6  11.5  11.3  12.3  13.9  18.0   506   506   506   506   506   506   506   506   506   506   506   506 
1931  18.6  16.6  16.4  15.5  12.2  10.9  11.1  10.0  11.1  13.0  16.6  17.0   506   506   506   506   506   506   506   506   506   506   506   506 
1932  17.8  18.7  17.9  16.0  12.6  10.4   9.0   9.6  12.0  14.6  15.3  17.4   506   506   506   506   506   506   506   506   506   506   506   506 
1933  19.4  19.9  18.5  16.0  13.5   9.7  10.4  10.5  12.1  13.4  15.2  17.5   506   506   506   506   506   506   506   506   506   506   506   506 
1934  17.4  18.2  17.0  16.1  12.6  11.0   9.6  10.8  12.4  13.8  16.9  19.8   506   506   506   506   506   506   506   506   506   506   506   506 
1935  20.9  20.7  18.7  16.9  12.4  11.8  10.1  10.6  10.9  13.8  13.9  18.2   506   506   506   506   506   506   506   506   506   506   506   506 
1936  19.0  18.6  16.8  16.2  11.6  10.5   9.7  11.2  11.4  14.6  15.2  16.5   506   506   506   506   506   506   506   506   506   506   506   506 
1937  17.5  17.3  17.6  15.6  13.2  10.2   9.3  10.6  11.8  13.2  15.6  18.9   506   506   506   506   506   506   506   506   506   506   506   506 
1938  20.6  21.1  20.1  19.6  14.3  11.1  10.1  10.8  12.2  13.9  16.7  16.6   506   506   506   506   506   506   506   506   506   506   506   506 
1939  16.8  17.4  18.4  15.8  13.4  12.4   9.1  10.6  12.0  12.8  15.1  17.1   506   506   506   506   506   506   506   506   506   506   506   506 
1940  18.9  17.8  16.6  13.7  11.9  10.7   9.5  11.1  12.3  13.5  14.4  18.4   506   506   506   506   506   506   506   506   506   506   506   506 
1941  19.3  19.2  18.4  14.7  13.5  10.3  10.0  10.1  12.1  12.7  14.7  17.1   506   506   506   506   506   506   506   506   506   506   506   506 
1942  17.6  18.2  18.3  16.0  13.2  10.7  10.8  11.7  12.6  14.8  15.6  17.0   506   506   506   506   506   506   506   506   506   506   506   506 
1943  18.9  19.0  17.5  15.8  12.2  11.1   9.7   9.6  11.6  12.8  15.8  18.3   506   506   506   506   506   506   506   506   506   506   506   506 
1944  19.4  19.3  17.8  15.9  12.2   9.9  10.0  10.3  11.2  13.5  15.0  15.8   506   506   506   506   506   506   506   506   506   506   506   506 
1945  18.5  18.7  16.9  15.6  11.7   9.0   9.2  12.0  12.1  12.5  15.5  15.5   506   506   506   506   506   506   506   506   506   506   506   506 
1946  18.0  19.7  18.1  16.5  14.4  12.1  11.6  11.2  12.4  13.3  13.5  15.6   506   506   506   506   506   506   506   506   506   506   506   506 
1947  16.9  17.9  18.0  15.8  13.4  11.4  10.8  10.7  12.1  13.4  15.1  18.0   506   506   506   506   506   506   506   506   506   506   506   506 
1948  19.6  19.3  19.1  15.9  13.6  10.7  11.4  10.6  12.5  14.0  15.5  16.8   506   506   506   506   506   506   506   506   506   506   506   506 
1949  17.9  19.2  17.1  13.9  13.0  12.2  11.3  10.8  12.2  14.9  15.8  16.7   506   506   506   506   506   506   506   506   506   506   506   506 
1950  19.1  18.9  17.7  15.6  15.5  12.0  10.1  10.7  12.5  14.7  16.8  18.4   506   506   506   506   506   506   506   506   506   506   506   506 
1951  19.1  18.9  18.8  16.3  12.6  10.2  10.8  10.1  12.4  14.0  15.6  16.0   506   506   506   506   506   506   506   506   506   506   506   506 
1952  17.3  20.1  17.5  15.8  13.1  11.9   9.7  11.8  12.5  14.4  15.5  17.1   506   506   506   506   506   506   506   506   506   506   506   506 
1953  17.9  18.1  18.3  16.0  14.1  12.3  10.5  11.5  12.8  13.9  16.3  18.2   506   506   506   506   506   506   506   506   506   506   506   506 
1954  19.4  20.5  18.6  15.1  14.2  12.2  11.0  10.7  11.8  13.5  17.0  18.4   506   506   506   506   506   506   506   506   506   506   506   506 
1955  19.4  21.7  19.4  17.3  15.1  10.8  10.0  11.8  12.6  14.5  15.6  18.2   506   506   506   506   506   506   506   506   506   506   506   506 
1956  20.4  20.1  18.0  18.7  14.3  12.5  10.8  11.3  12.8  14.7  16.1  17.5   506   506   506   506   506   506   506   506   506   506   506   506 
1957  19.2  20.6  19.2  16.8  14.4  11.2   9.4  11.4  12.4  12.9  15.5  16.0   506   506   506   506   506   506   506   506   506   506   506   506 
1958  18.3  20.9  19.1  15.0  13.4  11.5  10.1  11.3  12.2  15.1  16.5  18.4   506   506   506   506   506   506   506   506   506   506   506   506 
1959  19.7  19.2  18.7  15.8  11.5  10.1  10.3  11.4  12.9  13.8  15.9  18.5   506   506   506   506   506   506   506   506   506   506   506   506 
1960  19.2  19.3  17.1  15.3  14.1  11.8  10.4  10.9  12.7  14.5  15.7  16.2   506   506   506   506   506   506   506   506   506   506   506   506 
1961  18.4  18.8  17.7  15.9  13.5  11.5  10.0  10.3  12.2  14.9  16.0  19.2   506   506   506   506   506   506   506   506   506   506   506   506 
1962  20.9  20.2  18.4  16.7  15.1  12.3  10.9  11.5  12.5  15.3  16.0  17.4   506   506   506   506   506   506   506   506   506   506   506   506 
1963  19.1  20.0  18.1  15.2  13.3  11.1  10.9  10.6  12.7  14.3  15.0  16.9   506   506   506   506   506   506   506   506   506   506   506   506 
1964  17.6  19.6  18.1  15.8  12.4  11.4  11.4  11.0  11.7  13.6  15.1  17.8   506   506   506   506   506   506   506   506   506   506   506   506 
1965  19.5  18.0  17.3  16.0  13.1  10.7   9.2  10.3  12.4  13.0  14.9  17.1   506   506   506   506   506   506   506   506   506   506   506   506 
1966  19.0  21.0  19.3  16.1  12.4  10.8  10.2   9.9  12.1  13.6  15.2  16.7   506   506   506   506   506   506   506   506   506   506   506   506 
1967  17.7  18.6  18.6  16.4  13.9  10.4  10.6  12.6  12.5  15.6  16.1  17.9   506   506   506   506   506   506   506   506   506   506   506   506 
1968  18.6  19.0  20.6  15.9  14.0  11.9  10.4  11.3  11.7  13.1  14.4  16.7   506   506   506   506   506   506   506   506   506   506   506   506 
1969  18.3  18.6  17.5  15.4  13.6  10.9   9.3  11.1  13.3  13.1  16.5  19.3   506   506   506   506   506   506   506   506   506   506   506   506 
1970  21.0  20.0  19.6  16.9  13.1  11.7  11.4  11.8  13.3  14.8  16.5  19.0   506   506   506   506   506   506   506   506   506   506   506   506 
1971  20.9  21.0  18.7  16.8  14.5  13.6  10.6  12.5  12.9  14.2  16.2  18.5   506   506   506   506   506   506   506   506   506   506   506   506 
1972  18.5  19.0  19.6  16.4  13.8  10.3  11.2  10.5  13.1  14.4  17.6  16.9   506   506   506   506   506   506   506   506   506   506   506   506 
1973  19.3  19.6  19.1  16.2  14.4  12.5  10.6  11.9  13.3  14.8  16.8  18.5   506   506   506   506   506   506   506   506   506   506   506   506 
1974  19.5  22.1  18.1  17.0  14.4  12.0  12.0  12.0  13.7  14.9  17.2  19.5   506   506   506   506   506   506   506   506   506   506   506   506 
1975  21.1  20.7  19.7  16.8  15.2  10.9  10.3  12.0  12.8  14.9  15.7  17.0   506   506   506   506   506   506   506   506   506   506   506   506 
1976  19.2  17.1  18.9  16.1  12.7  10.5  10.5  12.2  12.4  13.8  14.9  17.5   506   506   506   506   506   506   506   506   506   506   506   506 
1977  18.5  19.4  19.0  16.3  11.6  11.7  10.9  10.9  10.6  13.5  14.7  16.5   506   506   506   506   506   506   506   506   506   506   506   506 
1978  19.5  20.8  18.9  17.6  13.2  11.1  10.8  11.3  12.7  13.0  16.1  17.9   506   506   506   506   506   506   506   506   506   506   506   506 
1979  20.2  19.3  19.7  15.9  13.4  12.6  10.7  11.8  13.2  14.5  16.5  18.0   506   506   506   506   506   506   506   506   506   506   506   506 
1980  19.4  19.4  17.3  14.8  13.3  11.6  10.6  10.7  13.4  14.9  15.4  17.3   506   506   506   506   506   506   506   506   506   506   506   506 
1981  20.4  20.4  20.2  17.1  13.2  12.5  10.3  11.3  12.5  13.8  16.0  19.3   506   506   506   506   506   506   506   506   506   506   506   506 
1982  19.7  20.2  17.5  14.3  13.6   9.6   9.3  11.1  12.3  13.1  16.8  17.1   506   506   506   506   506   506   506   506   506   506   506   506 
1983  18.3  18.3  18.7  16.1  13.6  12.0   8.5  11.2  13.5  15.1  15.7  17.3   506   506   506   506   506   506   506   506   506   506   506   506 
1984  17.7  18.9  19.1  15.4  13.3  12.0  11.4  12.6  12.2  14.0  17.4  19.6   506   506   506   506   506   506   506   506   506   506   506   506 
1985  20.6  19.2  18.3  16.1  12.4  12.3  12.4  10.7  13.4  13.6  16.0  19.2   506   506   506   506   506   506   506   506   506   506   506   506 
1986  20.8  20.0  18.3  16.9  13.9  11.6   9.8  10.8  13.0  14.8  16.4  17.9   506   506   506   506   506   506   506   506   506   506   506   506 
1987  20.1  19.2  17.4  16.1  13.7  12.0  11.3  12.1  13.2  15.1  16.5  18.4   506   506   506   506   506   506   506   506   506   506   506   506 
1988  19.1  20.7  18.1  15.6  14.5  12.2  12.0  12.5  14.1  15.2  17.2  19.0   506   506   506   506   506   506   506   506   506   506   506   506 
1989  20.1  19.4  19.0  16.4  13.7  11.7   9.9  11.5  14.0  15.6  16.8  17.8   506   506   506   506   506   506   506   506   506   506   506   506 
1990  19.7  21.4  19.8  17.4  14.4  11.1  11.6  11.9  11.7  15.2  16.7  18.6   506   506   506   506   506   506   506   506   506   506   506   506 
1991  19.3  19.8  17.9  15.9  13.2  11.6  10.2  12.3  13.5  14.0  14.7  17.6   506   506   506   506   506   506   506   506   506   506   506   506 
1992  19.3  19.8  16.8  13.5  12.3  10.5  11.5  11.0  11.6  13.1  16.8  18.2   506   506   506   506   506   506   506   506   506   506   506   506 
1993  18.9  18.5  17.3  15.2  13.7  12.9  10.7  11.0  11.2  14.4  14.9  17.5   506   506   506   506   506   506   506   506   506   506   506   506 
1994  20.6  20.4  17.4  16.0  14.4  11.4  10.5  11.1  12.3  13.5  15.7  18.5   506   506   506   506   506   506   506   506   506   506   506   506 
1995  19.8  20.7  19.2  18.4  14.4  12.3  10.9  11.0  12.8  14.4  15.7  19.2   506   506   506   506   506   506   506   506   506   506   506   506 
1996  20.3  21.0  17.7  17.2  13.3  10.8  11.0  11.6  14.0  14.8  15.7  17.6   506   506   506   506   506   506   506   506   506   506   506   506 
1997  18.4  20.0  18.3  15.6  14.5  10.9  10.3  11.0  12.6  14.4  16.4  18.1   506   506   506   506   506   506   506   506   506   506   506   506 
1998  19.9  22.3  20.0  17.3  14.8  13.3  13.4  12.1  13.7  15.8  16.9  19.0   506   506   506   506   506   506   506   506   506   506   506   506 
1999  22.1  20.9  20.4  17.0  14.7  12.1  11.3  11.1  13.0  15.2  17.0  17.6   506   506   506   506   506   506   506   506   506   506   506   506 
2000  19.4  19.9  18.7  16.8  14.9  12.4  13.0  11.7  13.1  14.8  15.1  19.3   506   506   506   506   506   506   506   506   506   506   506   506 
2001  19.0  21.1  18.9  16.6  15.0  11.2  10.0  12.0  13.4  16.2  16.6  19.4   506   506   506   506   506   506   506   506   506   506   506   506 
2002  19.5  19.6  19.3  15.8  14.6  13.8  11.2  11.6  13.3  13.4  15.0  18.1   506   506   506   506   506   506   506   506   506   506   506   506 
2003  19.0  19.5  19.1  16.4  14.5  13.2  10.0  11.6  13.6  13.8  15.9  19.0   506   506   506   506   506   506   506   506   506   506   506   506 
2004  20.6  19.3  17.0  15.3  14.4  12.7  10.4  10.5  12.3  14.4  16.2  16.0   506   506   506   506   506   506   506   506   506   506   506   506 
2005  19.3  21.2  19.8  16.4  15.2  12.0  12.2  11.9  13.9  15.0  16.3  19.6   506   506   506   506   506   506   506   506   506   506   506   506 
2006  20.3  20.5  18.7  17.5  14.2  10.1  10.4  11.5  13.8  14.3  16.3  15.9   506   506   506   506   506   506   506   506   506   506   506   506 
2007  19.5  19.8  19.7  15.9  15.1  11.9  11.5  12.2  13.3  14.3  15.7  18.8   506   506   506   506   506   506   506   506   506   506   506   506 
2008  21.2  20.4  19.6  17.0  12.7  12.4  11.3  11.7  13.1  14.4  16.4  18.3   506   506   506   506   506   506   506   506   506   506   506   506 
2009  19.7  20.9  18.1  16.4  12.2  10.0  10.4  12.9  13.4  13.4  16.0  18.3   506   506   506   506   506   506   506   506   506   506   506   506 
2010  19.9  21.6  19.1  16.9  14.3  12.1  10.6  12.4  13.6  14.2  16.8  20.3   506   506   506   506   506   506   506   506   506   506   506   506 
2011  20.6  21.1  18.8  16.4  15.4  13.4  11.5  10.7  12.3  15.3  16.2  18.4   506   506   506   506   506   506   506   506   506   506   506   506 
2012  19.0  19.8  17.8  16.8  13.4  11.8  11.2  12.6  13.2  14.3  15.6  19.6   506   506   506   506   506   506   506   506   506   506   506   506 
2013  20.3  20.2  19.8  17.7  14.1  12.1  11.4  12.6  13.6  15.1  17.6  18.6   506   506   506   506   506   506   506   506   506   506   506   506 
2014  19.1  20.4  18.4  18.0  14.0  13.2  10.9  11.8  13.6  14.6  15.5  18.4   506   506   506   506   506   506   506   506   506   506   506   506 
2015  21.0  20.2  20.1  17.0  13.8  12.4  10.7  11.5  12.8  14.7  16.2  18.4   506   506   506   506   506   506   506   506   506   506   506   506 
2016  20.9  21.9  20.1  17.4  16.3  12.8  11.7  11.4  13.8  15.1  16.5  18.0   506   506   506   506   506   506   506   506   506   506   506   506 
