Number= 939450
Name= CAMPBELL ISLAND AWS
Country= NEW ZEALAND
Lat=  -52.6
Long= -169.2
Height= 19
Start year= 2001
End year= 2012
First Good year= 2001
Source ID= 98
Source file= Jones
Jones data to= 2012
Normals source start year= 2001
Normals source end year= 1990
Normals= -99.0 -99.0 -99.0 -99.0 -99.0 -99.0 -99.0 -99.0 -99.0 -99.0 -99.0 -99.0 
Standard deviations source= Data
Standard deviations source start year= 2001
Standard deviations source end year= 1990
Obs:
2001   9.0   8.7   9.0   8.1   5.2   5.7   5.2   5.8   6.3   7.1   7.6   9.6   506   506   506   506   506   506   506   506   506   506   506   506 
2002  10.1  10.3   7.9   7.6   5.1   4.7   4.8   5.2   6.1   6.7   7.6   9.2   506   506   506   506   506   506   506   506   506   506   506   506 
2003   9.6   8.8   9.2   7.6   5.9   5.2   4.7   5.9   5.6   6.3   6.8   8.0   506   506   506   506   506   506   506   506   506   506   506   506 
2004  10.0   8.8   8.5   7.3   6.6   5.7   5.8   4.5   5.7   5.8   7.5   7.6   506   506   506   506   506   506   506   506   506   506   506   506 
2005   9.3  10.3   8.6   7.4   5.8   5.1   5.8   6.5   5.7   6.8   7.5  10.9   506   506   506   506   506   506   506   506   506   506   506   506 
2006   8.9   9.6   7.8   8.7   6.8   5.2   4.8   5.0   5.6   5.5   6.1   7.8   506   506   506   506   506   506   506   506   506   506   506   506 
2007   9.1   8.9   8.7   6.4   6.5   3.7   3.5   5.3   6.2   5.9   6.9   9.2   506   506   506   506   506   506   506   506   506   506   506   506 
2008   9.9   9.9   8.8   7.6   6.3   5.4   4.9   4.5   6.3   5.6   6.4   8.4   506   506   506   506   506   506   506   506   506   506   506   506 
2009   9.9   7.8   8.9   8.7   5.7   4.6   3.9   6.5   6.4   5.6   5.9   8.1   506   506   506   506   506   506   506   506   506   506   506   506 
2010   9.6   9.4   8.0   7.1   6.4   5.6   5.3   5.3   4.7   7.1   8.2   8.7   506   506   506   506   506   506   506   506   506   506   506   506 
2011   8.9   9.3   8.6   7.3   6.5   5.4   4.1   4.9   5.2   6.6   6.8   9.3   506   506   506   506   506   506   506   506   506   506   506   506 
2012   8.9   9.7   8.8   8.8   6.7   3.8   5.9   6.3   6.6   5.4   7.3   9.5   506   506   506   506   506   506   506   506   506   506   506   506 
