Number= 941860
Name= LOCKHART_RIVER_AIRPO
Country= AUSTRALIA
Lat=  -12.8
Long= -143.3
Height= 18
Start year= 1965
End year= 2011
First Good year= 1965
Source ID= 60
Source file= Jones
Jones data to= 2011
Normals source= Data
Normals source start year= 1965
Normals source end year= 1990
Normals=  27.5  27.4  26.9  26.2  25.3  23.6  23.2  23.5  24.6  26.0  27.3  27.7 
Standard deviations source= Data
Standard deviations source start year= 1965
Standard deviations source end year= 1990
Standard deviations=   0.5   0.5   0.3   0.6   0.6   0.8   1.1   1.0   1.0   0.9   0.7   0.6 
Obs:
1965  26.7 -99.0  26.7  25.6  24.8  22.3  20.2  21.8  22.8 -99.0  26.5  27.1   506   -99   506   506   506   506   506   506   506   -99   506   506 
1966  26.9  27.4  26.8  25.2  24.8  23.8  22.7  23.5  23.5  24.2  26.8  27.1   506   506   506   506   506   506   506   506   506   506   506   506 
1967  27.9  26.5  27.0  25.4  24.7  23.7  22.7  23.4  23.5  25.4  27.0  28.0   506   506   506   506   506   506   506   506   506   506   506   506 
1968  27.2 -99.0  27.0  25.7 -99.0 -99.0  23.5  23.1 -99.0 -99.0 -99.0 -99.0   506   -99   506   506   -99   -99   506   506   -99   -99   -99   -99 
1969 -99.0 -99.0 -99.0 -99.0 -99.0 -99.0 -99.0 -99.0 -99.0 -99.0 -99.0  27.9   -99   -99   -99   -99   -99   -99   -99   -99   -99   -99   -99   506 
1970 -99.0 -99.0 -99.0 -99.0 -99.0 -99.0 -99.0 -99.0 -99.0  27.1  27.3  27.9   -99   -99   -99   -99   -99   -99   -99   -99   -99   506   506   506 
1971  27.8  27.2  26.2 -99.0  24.6  23.2  22.8  24.6  25.7  27.0 -99.0  28.5   506   506   506   -99   506   506   506   506   506   506   -99   506 
1972  27.6  26.5  26.6  25.4  24.0 -99.0  22.4  22.1  22.9  24.2  26.7  27.1   506   506   506   506   506   -99   506   506   506   506   506   506 
1973  28.1  28.0  26.8  27.0  26.0  25.8  23.4  25.3  26.0  26.9  27.3  27.2   506   506   506   506   506   506   506   506   506   506   506   506 
1974  27.6 -99.0  27.1 -99.0  25.0  22.3  23.4 -99.0  25.8  26.3 -99.0  26.6   506   -99   506   -99   506   506   506   -99   506   506   -99   506 
1975 -99.0  26.8  26.9  26.6  25.8  23.1  24.7  24.5  26.0  26.9  26.6  26.7   -99   506   506   506   506   506   506   506   506   506   506   506 
1976  26.9  26.6  26.8  25.6  24.8  23.3  23.1  22.2  23.1  26.4  27.8  27.9   506   506   506   506   506   506   506   506   506   506   506   506 
1977  27.1  27.3  26.7  26.2  24.7  22.7  22.7  23.3  24.5  25.9  26.4  27.5   506   506   506   506   506   506   506   506   506   506   506   506 
1978  27.9  28.0  27.5  26.7  25.9  24.3  24.0  24.6  25.3  25.8  27.5  27.4   506   506   506   506   506   506   506   506   506   506   506   506 
1979  27.5  27.2  27.1  25.9  25.2  24.1  22.8  22.8  25.4  25.5  27.2  27.6   506   506   506   506   506   506   506   506   506   506   506   506 
1980 -99.0  27.9 -99.0 -99.0 -99.0  24.1  22.4  24.3  23.5  25.6  27.1  27.7   -99   506   -99   -99   -99   506   506   506   506   506   506   506 
1981  27.0  27.8  27.7  26.6  25.5  24.0  24.9  23.3  24.7  26.6  28.4  28.0   506   506   506   506   506   506   506   506   506   506   506   506 
1982  27.6  27.3  27.1  26.1  24.9  22.1  21.4  22.4  23.2  24.1  25.6  27.8   506   506   506   506   506   506   506   506   506   506   506   506 
1983  28.6  28.0  27.7  27.6  26.3  23.8  23.0  23.9  25.2  26.6  27.5  27.7   506   506   506   506   506   506   506   506   506   506   506   506 
1984  27.3  27.0  26.7  26.4  25.4  23.3  22.8  23.7  25.3  25.7  27.5  28.4   506   506   506   506   506   506   506   506   506   506   506   506 
1985  27.5  27.6  26.8  26.7  25.3  23.5  22.3  24.2  23.9  26.1  27.9  27.9   506   506   506   506   506   506   506   506   506   506   506   506 
1986  27.1  27.7  27.1  26.4  25.4  24.2  24.4  23.9  24.9  26.7  27.7  27.9   506   506   506   506   506   506   506   506   506   506   506   506 
1987  28.1  27.1  27.0  26.2  25.7  24.6  22.9  23.6  25.2  25.4  28.0  28.5   506   506   506   506   506   506   506   506   506   506   506   506 
1988  28.2  27.7 -99.0  27.3  26.1  23.8  25.0  25.1  25.4  27.2  28.2  27.9   506   506   -99   506   506   506   506   506   506   506   506   506 
1989  27.4  27.2  26.6  26.3  25.4  24.1  24.3  23.4  25.2  26.4  27.7  26.9   506   506   506   506   506   506   506   506   506   506   506   506 
1990  27.4  27.9  26.8  26.3  26.5  24.1  24.1  22.2  23.9  25.3  27.7  29.5   506   506   506   506   506   506   506   506   506   506   506   506 
1991  28.1  27.5  26.3  26.3  24.5  23.1  22.8  23.3  23.6  25.4  26.6  28.1   506   506   506   506   506   506   506   506   506   506   506   506 
1992  27.6  28.1  27.4  26.3  26.1  22.9  23.5  24.0  25.2  25.8  27.3  27.2   506   506   506   506   506   506   506   506   506   506   506   506 
1993  26.9  27.3  27.0  26.2  25.0  24.1  23.6  22.5  24.6  25.3  27.2  27.7   506   506   506   506   506   506   506   506   506   506   506   506 
1994  28.2  27.4  27.2  25.8  25.4  23.0  22.3  23.1  22.6  25.8  26.7  27.8   506   506   506   506   506   506   506   506   506   506   506   506 
1995  27.7  27.5  26.8  26.0  25.8  24.0  23.2  24.1  24.7  26.8  28.8  28.5   506   506   506   506   506   506   506   506   506   506   506   506 
1996  27.8  27.0  26.5  27.1  25.6  24.2 -99.0  23.6  24.8  26.7  26.6  27.3   506   506   506   506   506   506   -99   506   506   506   506   506 
1997  27.0  26.8  26.9  25.0  24.0  23.3  23.1  21.8  23.8  24.8  26.3  28.0   506   506   506   506   506   506   506   506   506   506   506   506 
1998  28.5  27.8  26.8  27.6  26.5  24.5  24.7  25.3  26.8  27.9  27.6  27.6   506   506   506   506   506   506   506   506   506   506   506   506 
1999  27.6  27.3  27.3  26.4  25.1  24.5  22.4  23.1  24.6  26.7  27.0  27.3   506   506   506   506   506   506   506   506   506   506   506   506 
2000  27.3  27.6  26.9  27.0  25.4  23.4  22.4  23.1  24.6  26.7  27.2  27.2   506   506   506   506   506   506   506   506   506   506   506   506 
2001  27.8  27.3  27.3  26.8  24.1  24.8  23.4 -99.0  26.4  26.5 -99.0 -99.0   506   506   506   506   506   506   506   -99   506   506   -99   -99 
2002 -99.0 -99.0 -99.0  26.7  24.7  24.4  23.0  23.5  24.2  25.8  28.2  28.9   -99   -99   -99   506   506   506   506   506   506   506   506   506 
2003  27.5  27.9  27.1  26.8  25.6  24.7  24.2  23.4  24.9  26.3  27.8  28.2   506   506   506   506   506   506   506   506   506   506   506   506 
2004  28.1  28.0  27.3  26.5  26.1  23.1  22.7  21.6  25.1  25.4  27.3  28.0   506   506   506   506   506   506   506   506   506   506   506   506 
2005  27.9  28.0  27.3  26.5  24.7  24.8  24.0  23.5  24.7  26.9  28.1  29.3   506   506   506   506   506   506   506   506   506   506   506   506 
2006  27.7  27.7  27.1 -99.0 -99.0 -99.0 -99.0  22.5  25.0  25.8  27.2  28.5   506   506   506   -99   -99   -99   -99   506   506   506   506   506 
2007 -99.0  28.1  27.2  26.4  26.1  24.2 -99.0  24.1  24.1 -99.0 -99.0 -99.0   -99   506   506   506   506   506   -99   506   506   -99   -99   -99 
2008 -99.0  28.1  27.0  25.8  24.4  24.9  23.8  23.8 -99.0 -99.0  29.2  28.4   -99   506   506   506   506   506   506   506   -99   -99   506   506 
2009  27.7  27.9  27.1  26.6  25.1 -99.0  23.2 -99.0  25.5  26.3  28.0  28.3   506   506   506   506   506   -99   506   -99   506   506   506   506 
2010  28.0 -99.0  27.4  27.2  26.3  25.4  25.5  25.6  27.2  27.7  27.3  27.9   506   -99   506   506   506   506   506   506   506   506   506   506 
2011 -99.0 -99.0 -99.0 -99.0 -99.0 -99.0 -99.0 -99.0 -99.0 -99.0 -99.0 -99.0   -99   -99   -99   -99   -99   -99   -99   -99   -99   -99   -99   -99 
