Number= 942550
Name= CAMOOWEAL
Country= AUSTRALIA
Lat=  -19.9
Long= -138.1
Height= 231
Start year= 1907
End year= 2016
First Good year= 1907
Source ID= 57
Source file= Jones
Jones data to= 2016
Normals source= Data
Normals source start year= 1961
Normals source end year= 1990
Normals=  31.5  30.5  28.7  25.9  21.7  18.0  17.2  20.0  23.6  27.9  30.4  31.6 
Standard deviations source= Data
Standard deviations source start year= 1941
Standard deviations source end year= 1990
Standard deviations=   1.8   1.7   1.4   1.5   1.5   1.7   1.2   1.6   1.5   1.3   1.0   1.0 
Obs:
1907  28.9  27.8  26.5  23.6  21.6  18.8  16.6  18.9  21.8  27.9  28.6  28.9   506   506   506   506   506   506   506   506   506   506   506   506 
1908  28.8  28.2  26.5  25.1  19.7  14.7  16.7  18.1  19.9  23.9  28.9  30.5   506   506   506   506   506   506   506   506   506   506   506   506 
1909  30.9  29.8  28.2  23.5  19.1  17.7  14.6  20.4  21.7  28.7  29.0  28.9   506   506   506   506   506   506   506   506   506   506   506   506 
1910  29.4  28.8  25.1  24.2 -99.0  18.1  19.0  20.2  24.5  26.5  28.0  30.5   506   506   506   506   -99   506   506   506   506   506   506   506 
1911  29.5  29.3  27.5  23.5  19.2  15.8  17.0  19.4  21.6  25.7  27.7  29.9   506   506   506   506   506   506   506   506   506   506   506   506 
1912  31.2  29.4  28.8  24.3  20.8  16.3  16.1  19.3  24.4  26.5  27.8  30.3   506   506   506   506   506   506   506   506   506   506   506   506 
1913  31.4  27.9  26.2  24.8  17.4  14.2  16.5  18.4  20.9  26.3  29.5  31.4   506   506   506   506   506   506   506   506   506   506   506   506 
1914  30.2  31.5  29.1  27.3  22.9  17.1  14.9  19.9  22.1  25.3  30.3  31.4   506   506   506   506   506   506   506   506   506   506   506   506 
1915  29.9  31.0  30.3  26.4  19.4  18.9  19.5  18.5  26.2  26.0  29.7  29.6   506   506   506   506   506   506   506   506   506   506   506   506 
1916  29.0  27.1  28.1  23.1  21.6  19.4  16.6  19.4  21.6  25.7  26.2  27.6   506   506   506   506   506   506   506   506   506   506   506   506 
1917  28.1  25.2  25.7  23.0  17.0  15.3  17.9  18.4  22.5  26.0  27.1  29.8   506   506   506   506   506   506   506   506   506   506   506   506 
1918  27.4  26.6  24.4  23.0  19.4  17.6  14.0  18.7  20.8  25.4  28.3  31.4   506   506   506   506   506   506   506   506   506   506   506   506 
1919  29.1  27.6  26.5  25.8  19.5  17.6  14.8  18.7  21.4  25.1  29.9  32.0   506   506   506   506   506   506   506   506   506   506   506   506 
1920  28.6  27.8  27.0  24.3  21.0  19.2  18.4  20.9  23.0  26.2  28.6  27.5   506   506   506   506   506   506   506   506   506   506   506   506 
1921  27.6  27.5  25.7  22.6  22.7  19.3  16.6  16.9  22.8  25.4  29.5  30.3   506   506   506   506   506   506   506   506   506   506   506   506 
1922  31.1  28.9  28.0  27.0  20.7  17.1  13.3  16.6  22.5  25.9  28.7  30.1   506   506   506   506   506   506   506   506   506   506   506   506 
1923  31.0  30.8  29.4  25.6  21.7  16.8  14.5  16.3  20.8  25.8  29.2  29.7   506   506   506   506   506   506   506   506   506   506   506   506 
1924  29.2  27.9  27.0  21.9  21.1  16.5  17.7  18.5  23.7  27.0  29.2  28.7   506   506   506   506   506   506   506   506   506   506   506   506 
1925  28.6  29.1  27.0  23.8  19.6  16.2  14.3  17.1  19.7  25.8  28.3  32.1   506   506   506   506   506   506   506   506   506   506   506   506 
1926  31.9  32.3  28.5  26.4  18.7  16.2  17.6  20.5  22.5  27.4  29.7  30.4   506   506   506   506   506   506   506   506   506   506   506   506 
1927  30.9  26.9  28.6  22.3  18.8  19.5  15.5  18.4  22.6  27.0  29.3  30.2   506   506   506   506   506   506   506   506   506   506   506   506 
1928  31.2  30.8  27.8  26.9  19.9  15.6  17.6  20.1  24.7  28.7  29.8  32.1   506   506   506   506   506   506   506   506   506   506   506   506 
1929  29.5  31.2  27.9  22.5  18.8  16.6  14.4  19.8  21.1  26.0  31.7  29.2   506   506   506   506   506   506   506   506   506   506   506   506 
1930  30.4  28.6  26.8  25.2  20.0  16.2  18.5  18.4  21.8  24.9  28.6  29.0   506   506   506   506   506   506   506   506   506   506   506   506 
1931  31.3  32.4  29.1  24.6  22.4  20.8  17.5  19.5  23.6  24.9  28.2  28.6   506   506   506   506   506   506   506   506   506   506   506   506 
1932  31.9  30.9  28.9  24.5  21.4  17.2  15.6  18.6  22.4  27.3  29.4  32.8   506   506   506   506   506   506   506   506   506   506   506   506 
1933  32.1  27.9  30.0  26.5  21.8  17.1  15.1  18.4  22.3  26.3  27.6  29.8   506   506   506   506   506   506   506   506   506   506   506   506 
1934  31.1  29.5  29.3  25.8  21.9  18.4  16.9  18.0  24.0  26.8  29.9  31.1   506   506   506   506   506   506   506   506   506   506   506   506 
1935  29.9  30.6  29.5  23.7  18.9  17.1  17.3  20.6  24.6  28.0  31.2  32.1   506   506   506   506   506   506   506   506   506   506   506   506 
1936  31.6  30.8  26.2  22.7  20.8  16.1  18.4  22.1  22.1  28.2  29.4  30.7   506   506   506   506   506   506   506   506   506   506   506   506 
1937  30.5  31.3  28.0  23.9  21.4  15.9  16.4  19.4  22.5  27.3  30.5  31.7   506   506   506   506   506   506   506   506   506   506   506   506 
1938  32.6  27.2  28.2  25.1  22.4  18.9  17.0  19.0  22.5  26.7  30.4  33.3   506   506   506   506   506   506   506   506   506   506   506   506 
1939 -99.0 -99.0 -99.0 -99.0 -99.0  17.2  15.7  17.6  20.7  25.1  29.0  31.4   -99   -99   -99   -99   -99   506   506   506   506   506   506   506 
1940 -99.0  28.2  27.9  23.6  19.1  19.3  15.7  18.9  22.4  28.1  30.2  32.3   -99   506   506   506   506   506   506   506   506   506   506   506 
1941  28.2  29.6 -99.0  24.1  20.1  15.8  15.5  16.7  22.3  27.8  28.7  30.5   506   506   -99   506   506   506   506   506   506   506   506   506 
1942  32.1  31.1  31.0  26.4  23.1  19.8  18.3  21.3  25.4  27.0  29.9  30.9   506   506   506   506   506   506   506   506   506   506   506   506 
1943  32.8  29.0  29.3  26.0 -99.0  14.8  17.6  19.3  23.8  28.0  29.5  31.2   506   506   506   506   -99   506   506   506   506   506   506   506 
1944  32.8  27.7  28.2  24.9  18.5  17.8  16.5  18.8  24.2  25.5  30.2  30.1   506   506   506   506   506   506   506   506   506   506   506   506 
1945  31.2  30.2  29.1  25.7  20.5  19.5  16.5  22.9  23.9  25.1  28.7  29.7   506   506   506   506   506   506   506   506   506   506   506   506 
1946  30.4  29.0  26.9  22.7  22.5  15.4  17.2  18.1  23.0  25.4  30.7  31.4   506   506   506   506   506   506   506   506   506   506   506   506 
1947  33.3  30.6  29.5  22.5  21.3  18.6  17.9  20.7  22.1  26.9  30.0  30.4   506   506   506   506   506   506   506   506   506   506   506   506 
1948  30.5  31.7  27.6  24.9  20.7  17.1  16.9  19.0  21.4  28.2  31.5  31.4   506   506   506   506   506   506   506   506   506   506   506   506 
1949  30.3  28.9  26.0  22.6  20.2  12.9  16.3  18.9  22.2  28.2  29.0  30.6   506   506   506   506   506   506   506   506   506   506   506   506 
1950  30.3  28.3  26.1  23.0  20.8  15.9  15.9  17.5  22.7  25.1  29.6 -99.0   506   506   506   506   506   506   506   506   506   506   506   -99 
1951 -99.0  28.7  29.3  23.9  19.1  18.1  16.0  18.1  22.8  27.1  30.4  31.7   -99   506   506   506   506   506   506   506   506   506   506   506 
1952  32.2  31.4  29.5 -99.0 -99.0 -99.0 -99.0  18.3  24.1  28.2  29.9  32.0   506   506   506   -99   -99   -99   -99   506   506   506   506   506 
1953  29.5  25.7  28.4  27.1  18.7  17.9  16.8  17.5  22.7  28.0  31.2  31.8   506   506   506   506   506   506   506   506   506   506   506   506 
1954  30.4  30.0  28.3  27.0  21.7  16.8  18.4  19.9  21.9  27.6  30.8  30.4   506   506   506   506   506   506   506   506   506   506   506   506 
1955  32.1  29.9  28.8  25.8  20.1  19.9  17.6  21.7  24.8  29.1  29.3  31.8   506   506   506   506   506   506   506   506   506   506   506   506 
1956  30.3  29.0  26.8  24.2  20.5  16.2  17.8  16.5  20.1  26.6  29.3  30.1   506   506   506   506   506   506   506   506   506   506   506   506 
1957  29.0  30.8  26.7  27.6  20.6  20.3  15.0  18.9  21.5  28.1  29.8  32.1   506   506   506   506   506   506   506   506   506   506   506   506 
1958  31.5  31.5  30.9  26.3  24.6  17.6  19.0  20.6  20.6  27.0  30.1  31.0   506   506   506   506   506   506   506   506   506   506   506   506 
1959  31.1  31.7  29.4  26.6 -99.0  18.2  17.8  19.8  23.9  28.0  32.1  32.2   506   506   506   506   -99   506   506   506   506   506   506   506 
1960 -99.0  31.0  29.2  26.5  18.2  16.8  18.2  17.2  23.7  27.8  29.0  30.0   -99   506   506   506   506   506   506   506   506   506   506   506 
1961  30.5  31.3  29.2  28.6  20.8  17.9  16.5  17.4  24.6  28.7  30.5  31.9   506   506   506   506   506   506   506   506   506   506   506   506 
1962  31.6  31.4  28.1  24.4  19.4  19.9  18.4  18.6  22.8  29.1  31.4  31.6   506   506   506   506   506   506   506   506   506   506   506   506 
1963  32.2  31.2  30.8  25.2  21.6  18.0  17.0  19.7  23.0  27.2  30.5  32.3   506   506   506   506   506   506   506   506   506   506   506   506 
1964  31.0  30.0  29.4  27.4  22.3  18.0  19.0  20.6 -99.0  27.3  29.5  31.0   506   506   506   506   506   506   506   506   -99   506   506   506 
1965  32.5  32.6  27.6  24.8  22.6  18.9  15.4  20.8  25.3  28.1  31.2  30.4   506   506   506   506   506   506   506   506   506   506   506   506 
1966  30.8  29.2  28.8  27.4  20.4  19.1  16.8  18.1  23.5  25.3  29.7  30.1   506   506   506   506   506   506   506   506   506   506   506   506 
1967  33.2  28.9  27.2  25.5  21.4  17.0  16.5  17.7  22.6  29.2  31.0  31.8   506   506   506   506   506   506   506   506   506   506   506   506 
1968  31.6  29.0  29.4  27.4  19.8  19.5  16.3  18.4  23.3  26.9  31.0  30.2   506   506   506   506   506   506   506   506   506   506   506   506 
1969  32.9  31.4  28.9  24.3  21.3  17.0  19.6  20.4  20.9  28.2  30.2  30.8   506   506   506   506   506   506   506   506   506   506   506   506 
1970  32.3  31.1  28.8  25.9  21.9  19.2  16.6  19.1  23.8  28.4  30.5  32.8   506   506   506   506   506   506   506   506   506   506   506   506 
1971  34.7  32.5  27.2 -99.0 -99.0  14.8  15.6  21.5  24.3  29.1  29.9  31.8   506   506   506   -99   -99   506   506   506   506   506   506   506 
1972  32.2  30.3  27.4  25.5  21.3  19.9  17.2  22.7  24.6  27.3  30.1  33.2   506   506   506   506   506   506   506   506   506   506   506   506 
1973  32.6  28.8  29.5 -99.0  23.3  21.0  20.0  21.2  23.0  28.3  29.5  29.7   506   506   506   -99   506   506   506   506   506   506   506   506 
1974  26.8  27.7  27.4  24.3  19.8  15.4  17.1  19.8  22.0  25.9  28.3  30.8   506   506   506   506   506   506   506   506   506   506   506   506 
1975  29.8  27.7  27.0  24.4  20.8  18.6  19.4  19.9  25.2 -99.0 -99.0 -99.0   506   506   506   506   506   506   506   506   506   -99   -99   -99 
1976  26.1 -99.0 -99.0 -99.0 -99.0 -99.0 -99.0 -99.0 -99.0  26.1 -99.0 -99.0   506   -99   -99   -99   -99   -99   -99   -99   -99   506   -99   -99 
1977 -99.0 -99.0 -99.0 -99.0 -99.0 -99.0 -99.0  19.3 -99.0  27.1 -99.0 -99.0   -99   -99   -99   -99   -99   -99   -99   506   -99   506   -99   -99 
1978 -99.0 -99.0 -99.0 -99.0 -99.0  17.1  16.7  18.4  20.6 -99.0 -99.0 -99.0   -99   -99   -99   -99   -99   506   506   506   506   -99   -99   -99 
1979  30.2  26.9  27.2  25.9  20.0  18.6  16.2  20.0  24.5  27.1  31.3  32.7   506   506   506   506   506   506   506   506   506   506   506   506 
1980  31.3  31.8  30.0  27.4  23.1  19.1  16.7  21.0  25.3  28.9  31.7  32.3   506   506   506   506   506   506   506   506   506   506   506   506 
1981  29.6  29.1  27.7  26.8  21.7  18.3  18.9  22.2  24.6  26.1  29.3  33.0   506   506   506   506   506   506   506   506   506   506   506   506 
1982  32.9  29.9  27.9  25.6  20.3  15.9  14.7  20.8  22.3  25.5  30.5  32.2   506   506   506   506   506   506   506   506   506   506   506   506 
1983  32.4  34.2  28.2  23.3  20.7  17.3  15.6  21.1  26.3  29.0  31.4  31.5   506   506   506   506   506   506   506   506   506   506   506   506 
1984  28.3  29.0  27.8  25.4  22.3  18.1  15.8  20.5  20.7  27.7  30.2  31.8   506   506   506   506   506   506   506   506   506   506   506   506 
1985  32.4  31.8  30.4  25.2  22.4  15.7  17.0  22.4  22.0  27.6  30.2  32.3   506   506   506   506   506   506   506   506   506   506   506   506 
1986  33.1  33.8  31.3  27.9  23.1 -99.0  17.4  18.9  25.3  27.8  29.8  31.5   506   506   506   506   506   -99   506   506   506   506   506   506 
1987  32.4  29.7  28.0  27.3  22.4  19.0  17.2  19.4  23.3  30.2  31.6  29.8   506   506   506   506   506   506   506   506   506   506   506   506 
1988  32.9  31.0  30.8  25.7  24.1  19.7  18.0  21.0  25.6  30.8  31.2  31.9   506   506   506   506   506   506   506   506   506   506   506   506 
1989  32.7  32.3  28.4  27.8  23.6  16.6  17.3  18.2  24.8  29.4  27.8  31.7   506   506   506   506   506   506   506   506   506   506   506   506 
1990  33.9  31.3  31.0  25.3  23.3  17.6  19.0  20.1  23.0  29.3  33.1  33.6   506   506   506   506   506   506   506   506   506   506   506   506 
1991  30.3  28.9  29.3  25.8  21.1  20.3  17.2  19.3  24.7  28.5  31.1  30.9   506   506   506   506   506   506   506   506   506   506   506   506 
1992  31.8  30.4  28.9  27.3  22.3  17.6  17.1  21.0  25.6  26.9  29.3  31.7   506   506   506   506   506   506   506   506   506   506   506   506 
1993  30.3  28.0  28.2  26.8  23.1  19.4  19.0  21.0 -99.0  27.1 -99.0 -99.0   506   506   506   506   506   506   506   506   -99   506   -99   -99 
1994  33.5 -99.0 -99.0 -99.0  20.9  17.7  17.3  18.4  23.3  28.1  30.0  30.3   506   -99   -99   -99   506   506   506   506   506   506   506   506 
1995  30.9 -99.0 -99.0 -99.0  20.8  19.2 -99.0  20.7  26.3 -99.0  31.1 -99.0   506   -99   -99   -99   506   506   -99   506   506   -99   506   -99 
1996  31.4  30.7 -99.0 -99.0  21.7 -99.0  18.4  20.3  24.5  27.7  29.9  31.8   506   506   -99   -99   506   -99   506   506   506   506   506   506 
1997  30.3  29.2  26.4  24.7  20.7  17.1  16.6  20.1  26.5 -99.0 -99.0 -99.0   506   506   506   506   506   506   506   506   506   -99   -99   -99 
1998 -99.0 -99.0 -99.0 -99.0 -99.0 -99.0  19.4  21.4  25.7  30.0 -99.0 -99.0   -99   -99   -99   -99   -99   -99   506   506   506   506   -99   -99 
1999  31.0  31.4  29.6  25.5  22.3  18.3  17.9  21.0  25.7 -99.0 -99.0  29.7   506   506   506   506   506   506   506   506   506   -99   -99   506 
2000  32.0  29.9  28.6  26.0  19.6  16.2  18.7  20.5  25.6  27.2  28.6  27.5   506   506   506   506   506   506   506   506   506   506   506   506 
2001  29.9  29.2  29.0  25.0  19.1  19.7  17.5  18.1 -99.0  26.7  29.8  32.9   506   506   506   506   506   506   506   506   -99   506   506   506 
2002  31.1  32.1 -99.0  28.1  22.3  17.5  16.6  18.9  25.2  27.9  32.5  32.9   506   506   -99   506   506   506   506   506   506   506   506   506 
2003 -99.0 -99.0 -99.0  27.5  22.5  19.2  18.4  20.8  27.1  27.7  30.1  31.3   -99   -99   -99   506   506   506   506   506   506   506   506   506 
2004  31.1  28.5  29.8  27.3  23.0  18.3  17.7  18.9  22.3  29.2  30.4  31.4   506   506   506   506   506   506   506   506   506   506   506   506 
2005  29.9  30.4  30.7  28.8  21.7  19.8  18.7  20.1  26.5  29.7  30.9  32.9   506   506   506   506   506   506   506   506   506   506   506   506 
2006  31.2  31.4  29.4  24.8  18.7  16.4  16.4  19.2  24.3  29.2  30.7  31.4   506   506   506   506   506   506   506   506   506   506   506   506 
2007  29.8  30.2  30.5  27.1  25.0  14.9  16.8  19.2  24.7  29.2  29.2  31.6   506   506   506   506   506   506   506   506   506   506   506   506 
2008  33.5  32.1  29.8  24.8  21.2  19.6  17.9  19.3  25.5  29.8  32.2  32.4   506   506   506   506   506   506   506   506   506   506   506   506 
2009  27.2  27.5  28.0  26.0  21.1  18.3  17.5  23.1  25.3  26.2  30.9  31.7   506   506   506   506   506   506   506   506   506   506   506   506 
2010  29.8  29.9  27.4  26.7  22.0  17.6  19.3  19.8  25.5  27.1  27.8  29.6   506   506   506   506   506   506   506   506   506   506   506   506 
2011  29.8  28.5  26.9  22.9  17.9  15.3  17.0  19.2  23.2  28.1  29.3  29.3   506   506   506   506   506   506   506   506   506   506   506   506 
2012  31.3  29.9  27.8  25.3  20.7  15.8  16.9  19.1  24.7  27.1  31.4  31.8   506   506   506   506   506   506   506   506   506   506   506   506 
2013  32.9  31.5  31.0  27.0  23.1  19.5  20.1  21.7  27.9  29.5  31.1  32.2   506   506   506   506   506   506   506   506   506   506   506   506 
2014  32.2  29.3  28.7  28.2  23.9  18.6  17.5  17.9  24.8  28.9  32.8  31.8   506   506   506   506   506   506   506   506   506   506   506   506 
2015  29.9  31.6  31.2  25.4  21.5  19.7  17.6  20.2  23.5  29.4  32.5  30.4   506   506   506   506   506   506   506   506   506   506   506   506 
2016  31.4  31.8  29.6  27.9  24.6  20.3  18.1  20.4  23.7  25.5  29.8  31.1   506   506   506   506   506   506   506   506   506   506   506   506 
