Number= 943880
Name= LADY ELLIOT ISLAND
Country= AUSTRALIA
Lat=  -24.1
Long= -152.7
Height= 4
Start year= 1939
End year= 2012
First Good year= 1939
Source ID= 30
Source file= Jones
Jones data to= 2012
Normals source= Data
Normals source start year= 1961
Normals source end year= 1990
Normals=  26.7  26.7  26.0  24.4  22.2  19.7  18.8  19.5  21.1  22.9  24.6  26.1 
Standard deviations source= Data
Standard deviations source start year= 1941
Standard deviations source end year= 1990
Standard deviations=   0.7   0.7   0.5   0.7   0.8   0.7   0.7   0.7   0.6   0.7   0.6   0.7 
Obs:
1939 -99.0 -99.0 -99.0 -99.0 -99.0 -99.0  18.0  17.7  19.3  21.1  23.7  25.3   -99   -99   -99   -99   -99   -99   506   506   506   506   506   506 
1940  26.5  26.9  25.4  23.3  21.3  20.4  18.9  19.5  20.5  22.0  24.6  25.9   506   506   506   506   506   506   506   506   506   506   506   506 
1941  26.2  25.7  25.8  23.4  21.8  19.1  18.5  18.2  20.9  22.3  24.1  25.2   506   506   506   506   506   506   506   506   506   506   506   506 
1942  26.7  25.5  25.7  24.0  21.9  20.6  19.8  20.9  21.7  22.7  24.4  24.9   506   506   506   506   506   506   506   506   506   506   506   506 
1943  26.3 -99.0  25.3  24.0  21.1  18.4  18.5  18.7  21.2  22.5  23.9  25.9   506   -99   506   506   506   506   506   506   506   506   506   506 
1944  26.9  26.0  24.9  23.5  20.5  19.2  18.8  19.1  20.7  21.7  24.1  25.7   506   506   506   506   506   506   506   506   506   506   506   506 
1945  26.6  26.7  25.6  23.4  20.8  20.3  18.2  19.8  20.3  22.1  24.4  25.6   506   506   506   506   506   506   506   506   506   506   506   506 
1946  26.5  27.0  25.6  23.4  22.0  18.1  18.2  19.4  20.6  22.0  24.1  26.2   506   506   506   506   506   506   506   506   506   506   506   506 
1947  26.5  25.1  25.4  23.5  21.8  19.6  18.9  19.8  20.9  21.9  23.7  25.4   506   506   506   506   506   506   506   506   506   506   506   506 
1948  25.5  25.7  25.1  22.8  20.9  19.3  18.5  19.5  20.1  22.7  24.6  25.8   506   506   506   506   506   506   506   506   506   506   506   506 
1949  25.9  26.2  25.5  22.5  20.8  18.2  18.5  19.1  20.5  23.1  24.2  25.6   506   506   506   506   506   506   506   506   506   506   506   506 
1950  26.5  26.0  25.5  23.5  21.8  19.1  20.5  18.9  20.5  22.7  23.4  24.6   506   506   506   506   506   506   506   506   506   506   506   506 
1951  25.1  25.0  25.1  23.3  20.7  19.4  18.5  18.4  20.6  22.2  24.4  25.6   506   506   506   506   506   506   506   506   506   506   506   506 
1952  26.6  26.4  25.1  24.2  21.2  19.8  18.8  19.7  20.5  22.8  25.2  25.7   506   506   506   506   506   506   506   506   506   506   506   506 
1953  25.5  25.9  25.0  24.5  21.1  19.6  18.9  18.8  20.5  23.0  25.1  26.8   506   506   506   506   506   506   506   506   506   506   506   506 
1954  25.7  26.0 -99.0 -99.0 -99.0 -99.0  18.5  19.5  20.3  22.3  24.7  25.6   506   506   -99   -99   -99   -99   506   506   506   506   506   506 
1955  25.8  25.6  25.5  24.0  21.7  19.7  18.8  19.3  20.7  22.9  24.0  25.7   506   506   506   506   506   506   506   506   506   506   506   506 
1956  26.4  25.9  25.9  23.6 -99.0  18.4  17.6  17.7  19.3  22.3  23.6  25.9   506   506   506   506   -99   506   506   506   506   506   506   506 
1957  26.2  26.5  25.1  24.6  21.7  20.3  17.5  18.9  20.7  22.9  25.0  26.7   506   506   506   506   506   506   506   506   506   506   506   506 
1958  26.4  26.8  26.0  24.2  23.2  20.4  19.2  19.8  20.3  22.8  24.8  25.9   506   506   506   506   506   506   506   506   506   506   506   506 
1959  25.8  25.9  25.7  23.9  21.3  19.6  18.7  18.7  20.6  21.7  23.8  26.4   506   506   506   506   506   506   506   506   506   506   506   506 
1960  26.4  26.4  24.7  23.9  20.3  18.8  17.9  18.2  20.3  22.6  23.7  25.1   506   506   506   506   506   506   506   506   506   506   506   506 
1961  24.6  25.2  24.6  23.5  20.8  19.2  18.5  18.5  20.3  22.6  24.5  25.4   506   506   506   506   506   506   506   506   506   506   506   506 
1962  26.4  26.8 -99.0  22.5  21.0  20.5  18.9  18.3  20.9  22.6  24.9  24.9   506   506   -99   506   506   506   506   506   506   506   506   506 
1963  26.0  26.5  26.0  24.0  22.1  19.5  17.8  19.5  20.6  21.6  23.4  24.7   506   506   506   506   506   506   506   506   506   506   506   506 
1964  27.0  27.0  26.7  24.9  22.3  20.3  19.1  19.1  21.8  22.6 -99.0 -99.0   506   506   506   506   506   506   506   506   506   506   -99   -99 
1965  26.7  26.4  25.9  24.5  22.5  20.2  17.5  19.4  21.1  22.8  24.5  25.4   506   506   506   506   506   506   506   506   506   506   506   506 
1966  25.6  26.8  26.3  24.5  21.7  19.9  18.3 -99.0 -99.0  21.9  24.6  26.0   506   506   506   506   506   506   506   -99   -99   506   506   506 
1967  26.2  26.1  25.5  23.9  21.5  20.3  19.2  18.9  20.7  23.2  24.4  25.0   506   506   506   506   506   506   506   506   506   506   506   506 
1968  26.3  26.1  25.9  25.5  21.6  19.5  18.4  19.2  20.8  23.2  25.0  25.5   506   506   506   506   506   506   506   506   506   506   506   506 
1969  27.5  26.9  26.2  24.8  22.1  19.6  19.8  20.4  19.8  22.4  24.5  27.0   506   506   506   506   506   506   506   506   506   506   506   506 
1970  27.4  26.2  26.3  24.6 -99.0  20.1  18.7  19.7  21.1  23.0  24.4  26.0   506   506   506   506   -99   506   506   506   506   506   506   506 
1971  27.1  26.2  25.2  23.0  21.4  19.5  18.3  20.2  21.1  23.8  24.7  24.5   506   506   506   506   506   506   506   506   506   506   506   506 
1972  25.4 -99.0  25.2  23.9 -99.0  19.6  18.6  19.9  20.8  23.3  25.0  25.6   506   -99   506   506   -99   506   506   506   506   506   506   506 
1973  27.2  27.7  27.0  25.5  24.1  20.9  20.3  20.7  21.8  23.8  25.8  26.8   506   506   506   506   506   506   506   506   506   506   506   506 
1974  26.7  26.7  25.8  24.6  21.9  19.7  18.7  19.4  20.3  22.2  23.9  26.2   506   506   506   506   506   506   506   506   506   506   506   506 
1975  27.1  26.8  26.7 -99.0  22.6  19.5  20.0  20.2  21.1  22.8  24.6  26.1   506   506   506   -99   506   506   506   506   506   506   506   506 
1976  26.3  26.3  26.0  24.0  22.3  20.0  19.1  18.5  20.2  22.1  24.9  27.0   506   506   506   506   506   506   506   506   506   506   506   506 
1977 -99.0 -99.0 -99.0  25.0  23.0  19.1  18.9  20.3  20.9  23.1  25.2  26.0   -99   -99   -99   506   506   506   506   506   506   506   506   506 
1978  27.4  27.4  26.4  25.2  21.9  19.2  18.5  19.2  20.5  21.9  23.7  26.1   506   506   506   506   506   506   506   506   506   506   506   506 
1979  26.7  26.5  25.9  25.0  21.9  20.8  19.1  19.7  21.5  23.1  25.2  27.8   506   506   506   506   506   506   506   506   506   506   506   506 
1980  27.3  26.5  25.9  24.3  23.0  20.0 -99.0  20.0  22.1  24.2  25.2  25.8   506   506   506   506   506   506   -99   506   506   506   506   506 
1981  25.8  27.3  26.1  24.5  21.8  19.2 -99.0 -99.0  21.4  22.1  23.9  26.9   506   506   506   506   506   506   -99   -99   506   506   506   506 
1982  27.4  27.1  26.7  24.1  22.4  18.4  18.4  19.7  21.1  22.3  24.1  25.9   506   506   506   506   506   506   506   506   506   506   506   506 
1983  26.2  27.1  26.2  24.6  22.9  19.7  18.6  19.1  22.5  23.7 -99.0 -99.0   506   506   506   506   506   506   506   506   506   506   -99   -99 
1984  26.7 -99.0  26.3  23.9  21.9  20.0  19.0  19.6  21.1  22.1  24.6  26.5   506   -99   506   506   506   506   506   506   506   506   506   506 
1985  27.7  26.8  25.9  24.1  22.1  19.2 -99.0  19.9  21.1  22.8  24.8  26.9   506   506   506   506   506   506   -99   506   506   506   506   506 
1986  27.3  27.0  26.3  24.9  22.7  19.7  19.8  19.5  21.6  23.8  24.6  26.3   506   506   506   506   506   506   506   506   506   506   506   506 
1987  28.3  27.5  26.4  24.1  22.6  20.2  18.3  19.9  21.5  23.5  24.0  26.5   506   506   506   506   506   506   506   506   506   506   506   506 
1988  27.2  26.7  25.8  24.8  22.1  20.0  19.7  19.8  21.8  25.0  25.4  26.2   506   506   506   506   506   506   506   506   506   506   506   506 
1989  26.7  25.8  25.5  24.5  22.7  18.7  17.6  18.6 -99.0  23.6  24.5  25.6   506   506   506   506   506   506   506   506   -99   506   506   506 
1990  27.1  27.8  25.9  24.3  22.6  19.7  18.9  18.4  21.0  23.3  25.1  27.5   506   506   506   506   506   506   506   506   506   506   506   506 
1991  27.2  27.2  26.5  24.4  22.4  20.8  18.6  20.3  21.7  23.9  25.3  25.3   506   506   506   506   506   506   506   506   506   506   506   506 
1992  27.9  27.6  25.4 -99.0  21.8  18.8 -99.0  19.3  21.1  22.8  25.1  25.9   506   506   506   -99   506   506   -99   506   506   506   506   506 
1993  26.9  27.5  26.1  24.2  22.3  20.5  20.8  20.3  21.4  23.0  24.7  26.1   506   506   506   506   506   506   506   506   506   506   506   506 
1994  27.5  26.3  25.3  23.6  22.0  19.7  19.1  19.5  21.4  23.1  25.7  26.3   506   506   506   506   506   506   506   506   506   506   506   506 
1995  27.2  26.5  26.8  24.9  22.6  19.7  19.0  19.8  22.5  22.5  25.9  26.6   506   506   506   506   506   506   506   506   506   506   506   506 
1996  28.1  27.6  26.0  25.0  22.4  20.7  18.5  20.1  21.6  22.8  23.7  26.1   506   506   506   506   506   506   506   506   506   506   506   506 
1997  26.0  27.8  26.0  24.0  21.5  19.8  19.1  19.6  22.4  23.1  25.3  27.0   506   506   506   506   506   506   506   506   506   506   506   506 
1998  28.0  28.7  27.6  25.3  23.3  20.6  19.6  20.6  22.4  23.7  24.1  26.3   506   506   506   506   506   506   506   506   506   506   506   506 
1999  26.8  26.6  26.3  23.9  22.5  19.3  18.7  19.8  22.0  23.6  23.8  25.0   506   506   506   506   506   506   506   506   506   506   506   506 
2000  25.9  25.5  26.0  24.3  21.9  19.0  18.2  20.0  21.8  23.2  24.0  25.9   506   506   506   506   506   506   506   506   506   506   506   506 
2001  26.5  26.7  27.3  24.5  21.8  21.0  19.2  19.9  21.8  23.5  24.8  27.1   506   506   506   506   506   506   506   506   506   506   506   506 
2002  27.7  28.2  26.5  24.7  22.3  20.4  19.2  19.8  22.1  23.7  24.9  26.3   506   506   506   506   506   506   506   506   506   506   506   506 
2003  26.4  26.5  25.5  23.9  21.9  21.3  19.6  20.1  22.4  23.6  24.6  26.1   506   506   506   506   506   506   506   506   506   506   506   506 
2004  27.8  27.8  26.0  24.9  21.3  20.0  19.5  19.6  21.0  23.6  25.3  26.8   506   506   506   506   506   506   506   506   506   506   506   506 
2005  26.4  27.0  26.1  24.9  21.2  20.5  19.9  20.0  22.1  24.7  25.9  27.4   506   506   506   506   506   506   506   506   506   506   506   506 
2006  27.9 -99.0  26.4  25.0  21.9  20.5  19.4  19.8  21.3  22.7  24.6  25.1   506   -99   506   506   506   506   506   506   506   506   506   506 
2007  26.8  25.9  26.9  24.4  23.7  18.2  17.8  20.2  21.3  23.4  24.0  25.8   506   506   506   506   506   506   506   506   506   506   506   506 
2008  26.2  26.0 -99.0  23.0  21.1  20.4  18.7  18.0  21.6  23.2  25.4  26.7   506   506   -99   506   506   506   506   506   506   506   506   506 
2009  26.9 -99.0  25.6  24.3  21.2  19.7  19.0  21.3  22.5  23.9  25.0  26.5   506   -99   506   506   506   506   506   506   506   506   506   506 
2010  27.3  26.8  26.2  25.1  22.1 -99.0  20.6  19.6  22.3  22.8  23.7  25.7   506   506   506   506   506   -99   506   506   506   506   506   506 
2011  26.7  27.3  25.9 -99.0  20.7  18.6  18.3  19.7  20.8  22.6  25.4  25.1   506   506   506   -99   506   506   506   506   506   506   506   506 
2012 -99.0 -99.0 -99.0 -99.0 -99.0 -99.0 -99.0 -99.0 -99.0 -99.0 -99.0 -99.0   -99   -99   -99   -99   -99   -99   -99   -99   -99   -99   -99   -99 
