Number= 943870
Name= BUNDABERG
Country= AUSTRALIA
Lat=  -24.9
Long= -152.3
Height= 27
Start year= 1907
End year= 2016
First Good year= 1907
Source ID= 57
Source file= Jones
Jones data to= 2016
Normals source= Data
Normals source start year= 1961
Normals source end year= 1990
Normals=  25.5  25.3  24.5  22.5  19.8  17.0  16.1  17.1  19.2  21.6  23.5  25.0 
Standard deviations source= Data
Standard deviations source start year= 1941
Standard deviations source end year= 1990
Standard deviations=   0.8   0.7   0.6   0.6   0.9   0.9   0.9   0.9   0.7   1.0   0.8   0.8 
Obs:
1907  26.0  25.5  24.4  22.1  19.6  18.0  15.5  16.3  18.5  22.6  23.1  25.6   506   506   506   506   506   506   506   506   506   506   506   506 
1908  24.8  26.3  24.5  22.9  19.8  15.4  16.0  16.4  18.4  20.6  23.0  25.1   506   506   506   506   506   506   506   506   506   506   506   506 
1909  24.5  24.9  23.9  21.9  18.8  16.8  14.5  16.2  18.5  21.9  24.2  24.9   506   506   506   506   506   506   506   506   506   506   506   506 
1910  25.7  24.5  24.2  22.2  20.9  17.5  15.7  17.9 -99.0  19.9  22.3  26.0   506   506   506   506   506   506   506   506   -99   506   506   506 
1911  24.6  24.5  23.7  21.9  18.4  15.5  15.6  16.5  19.0  21.3 -99.0  27.2   506   506   506   506   506   506   506   506   506   506   -99   506 
1912  25.4  25.3  24.1  22.9  18.7  18.2  15.9  17.0  19.6  21.2  22.6  24.0   506   506   506   506   506   506   506   506   506   506   506   506 
1913  23.7  24.2  23.9  22.5  18.4  16.5  16.4  15.5  18.9  20.6  24.8  25.5   506   506   506   506   506   506   506   506   506   506   506   506 
1914  25.6  25.6  24.6  24.4  20.3  17.7  14.8  17.2  19.8  20.2  23.4  25.4   506   506   506   506   506   506   506   506   506   506   506   506 
1915  25.2  25.8  23.7  23.2  19.0  17.1  18.0  16.8  22.6  22.5  25.2  24.1   506   506   506   506   506   506   506   506   506   506   506   506 
1916  25.6  26.5  24.9  23.0  19.3  17.2  16.2  16.2  18.4  20.9  21.8  23.9   506   506   506   506   506   506   506   506   506   506   506   506 
1917  25.2  23.6  23.1  21.4  17.2  16.0  15.5  16.7  18.5  20.7  23.5  23.9   506   506   506   506   506   506   506   506   506   506   506   506 
1918  24.3  24.8  22.9  21.2  18.6  16.7  14.8  16.8  18.6  22.5  24.0  25.1   506   506   506   506   506   506   506   506   506   506   506   506 
1919  26.2  26.1  25.3  22.6  19.9  18.0  16.4  16.4  19.3  21.3  22.4  24.9   506   506   506   506   506   506   506   506   506   506   506   506 
1920  24.7  24.6  24.0  22.0  19.9  17.1  16.3  16.4  19.1  21.0  23.3  25.2   506   506   506   506   506   506   506   506   506   506   506   506 
1921  23.9  23.1  23.0  22.6  20.4  19.8  18.1  16.0  19.0  20.4  22.8  24.9   506   506   506   506   506   506   506   506   506   506   506   506 
1922  25.5  24.7  23.7  22.7  19.3  17.4  15.3  15.9  18.7  22.1  24.1  26.1   506   506   506   506   506   506   506   506   506   506   506   506 
1923  25.6  25.4  25.1  21.8  19.8  16.3  14.4  15.7  18.4  21.3  23.2  25.4   506   506   506   506   506   506   506   506   506   506   506   506 
1924  26.7  25.6  24.1  21.9  19.2  16.9  17.6  16.6  19.7  21.2  23.9  23.7   506   506   506   506   506   506   506   506   506   506   506   506 
1925  24.2  25.7  23.2  21.5  18.7  16.8  14.4  16.5  17.5  20.2  22.8  25.0   506   506   506   506   506   506   506   506   506   506   506   506 
1926  25.6  26.2  24.8  22.8  19.8  17.6  15.8  17.6  19.0  21.6  23.5  24.3   506   506   506   506   506   506   506   506   506   506   506   506 
1927  24.2  24.7  23.5  21.3  18.2  17.3  14.8  15.6  17.8  19.9  22.6  23.4   506   506   506   506   506   506   506   506   506   506   506   506 
1928  24.0  24.9  23.3  22.9  17.9  15.3  16.4  17.9  19.4  23.3  24.3  25.3   506   506   506   506   506   506   506   506   506   506   506   506 
1929  26.9  26.1  25.5  21.6  18.6  16.4  14.1  16.4  17.7  21.3  23.4  25.4   506   506   506   506   506   506   506   506   506   506   506   506 
1930  23.9  23.5  23.3  20.9 -99.0  16.8  16.1  16.5  18.0  20.8  23.1  24.0   506   506   506   506   -99   506   506   506   506   506   506   506 
1931  26.6  24.4  24.5  21.7  20.1  18.1  15.6  16.9  19.7  20.5  23.5  24.8   506   506   506   506   506   506   506   506   506   506   506   506 
1932  25.1  25.8  25.0  23.6  19.4  16.6  14.6  16.6  18.8  21.0  22.9  24.4   506   506   506   506   506   506   506   506   506   506   506   506 
1933  25.4  24.7  25.2  22.4  19.6  16.2  16.4  15.7  18.3  20.8  21.5  23.6   506   506   506   506   506   506   506   506   506   506   506   506 
1934  24.4  24.5  23.3  22.0  19.0  15.9  16.2  16.3  18.3  20.3  22.5  24.1   506   506   506   506   506   506   506   506   506   506   506   506 
1935  25.7  26.4  23.4  20.9  18.0  15.8  15.4  16.2  18.2  21.6  22.3  24.8   506   506   506   506   506   506   506   506   506   506   506   506 
1936  24.7  25.0  23.3  20.8  19.6  16.9  16.3  18.0  18.7  22.3  23.2  24.9   506   506   506   506   506   506   506   506   506   506   506   506 
1937  26.2  24.5  23.8  20.7  19.3  15.8  16.1  16.2  18.9  21.6  23.2  25.6   506   506   506   506   506   506   506   506   506   506   506   506 
1938  25.4  26.4  25.0  22.3  20.7  16.8  15.8  15.6  17.8  21.0  23.2  25.5   506   506   506   506   506   506   506   506   506   506   506   506 
1939  26.3  24.8  24.3  21.7  19.9  16.3  15.3  15.3  16.5  19.2  22.1  23.9   506   506   506   506   506   506   506   506   506   506   506   506 
1940  26.1  25.7  23.9  21.9  18.4  17.2  15.4  17.2  18.7  21.2  24.7  24.8   506   506   506   506   506   506   506   506   506   506   506   506 
1941  24.9  24.4  24.4  21.4  19.0  16.2  15.3  15.3  19.2  21.6  23.4  24.8   506   506   506   506   506   506   506   506   506   506   506   506 
1942  26.3  24.7  25.3  22.6  19.6  18.6  17.2  18.3  19.6  21.4  23.6  23.4   506   506   506   506   506   506   506   506   506   506   506   506 
1943  25.0  24.5  23.9  22.2  19.0  15.2  14.9  16.3  19.0  21.7  22.8  25.1   506   506   506   506   506   506   506   506   506   506   506   506 
1944  25.6 -99.0  23.6  21.5  17.7  16.9  16.9  17.1  18.9  20.1  23.9  25.5   506   -99   506   506   506   506   506   506   506   506   506   506 
1945  25.7  26.0  24.7  22.0  19.0  18.4  16.4  18.5  18.5  20.4  23.5  25.2   506   506   506   506   506   506   506   506   506   506   506   506 
1946  26.2  27.2  24.6  22.0  20.4  15.3  15.4  17.4  19.0  20.7  24.1  26.3   506   506   506   506   506   506   506   506   506   506   506   506 
1947  26.4  24.3  24.5  22.1  20.6  16.7  16.7  17.7  19.2  20.3  22.4  24.4   506   506   506   506   506   506   506   506   506   506   506   506 
1948  24.1  24.7  24.6  21.2  18.2  17.2  16.0  17.0  18.8  21.7  24.2  25.2   506   506   506   506   506   506   506   506   506   506   506   506 
1949  25.8  26.1  24.2  20.9  19.1  15.5  15.6  16.5  18.8  22.4  23.2  24.4   506   506   506   506   506   506   506   506   506   506   506   506 
1950  25.6  24.9  24.7  22.5  19.6  16.8  18.7  16.4  18.5  21.3  22.3  24.1   506   506   506   506   506   506   506   506   506   506   506   506 
1951  24.0  24.4  24.2  21.4  18.0  17.2  15.5  15.6  18.5  21.7  24.3  25.5   506   506   506   506   506   506   506   506   506   506   506   506 
1952  25.7  25.1  24.0  22.7  18.6  16.5  16.4  17.7  19.0  21.5  24.6  25.0   506   506   506   506   506   506   506   506   506   506   506   506 
1953  24.8  24.9  23.9  23.2  18.8  16.1  15.3  16.5  18.2  21.2  23.7  25.3   506   506   506   506   506   506   506   506   506   506   506   506 
1954  24.1  25.6  25.0  22.2  19.4  16.3  16.9  16.7  17.5  20.3  23.0  23.7   506   506   506   506   506   506   506   506   506   506   506   506 
1955  24.8 -99.0  24.6  22.8  19.9  17.2  15.8  16.4  19.1  22.8  23.1  25.0   506   -99   506   506   506   506   506   506   506   506   506   506 
1956  25.3  25.1  25.0  22.5  18.7  16.2  15.5  15.1  16.9  21.0  22.4  25.4   506   506   506   506   506   506   506   506   506   506   506   506 
1957  25.1  25.4  23.9  22.8  18.7  18.2  14.5  17.2  18.5  22.3  24.4  25.6   506   506   506   506   506   506   506   506   506   506   506   506 
1958  24.9  25.5  25.1  22.8  21.1  18.5  15.8  17.8  18.3  21.9  23.7  25.0   506   506   506   506   506   506   506   506   506   506   506   506 
1959  24.8  24.8  24.3  22.2  19.2  17.0  16.3  16.5  19.0  20.0  22.5  25.5   506   506   506   506   506   506   506   506   506   506   506   506 
1960  25.1  25.1  23.1  22.2  18.0  16.1  15.3  15.1  18.6  21.6  23.0  24.2   506   506   506   506   506   506   506   506   506   506   506   506 
1961  23.4  24.3  23.3  21.9  18.1  16.3  15.6  16.4  18.4  21.5  23.4  24.6   506   506   506   506   506   506   506   506   506   506   506   506 
1962  25.5  25.7  23.3  21.1  18.5  17.6  17.0  16.0  19.3  22.1  24.3  23.3   506   506   506   506   506   506   506   506   506   506   506   506 
1963  24.7  25.4  25.0  22.2  20.2  16.8  14.5  17.5  18.9  20.1  22.0  23.4   506   506   506   506   506   506   506   506   506   506   506   506 
1964  26.1  25.5  24.6  22.9  19.9  16.6  16.2  16.7  20.1  21.0  22.9  24.9   506   506   506   506   506   506   506   506   506   506   506   506 
1965  24.7  24.9  24.0  22.8  19.7  17.6  14.2  17.1  19.4  21.2  23.6  24.1   506   506   506   506   506   506   506   506   506   506   506   506 
1966  23.7  25.7  24.2  22.2  18.4  16.7  15.1  17.1  19.5  20.1  23.2  24.3   506   506   506   506   506   506   506   506   506   506   506   506 
1967  25.2  24.6  23.9  22.1  19.2  18.1  16.4  16.3  18.5  21.9  23.6  23.9   506   506   506   506   506   506   506   506   506   506   506   506 
1968  25.1  24.6  24.4  23.5  18.8  16.4  15.7  16.8  18.6  22.7  24.9  24.9   506   506   506   506   506   506   506   506   506   506   506   506 
1969  26.9  25.8  24.3  22.5  20.1  17.0  17.3  18.6  17.8  20.8  23.5  25.8   506   506   506   506   506   506   506   506   506   506   506   506 
1970  26.2  24.9  24.8  22.5  18.6  16.7  15.4  17.3  19.1  21.7  23.2  25.0   506   506   506   506   506   506   506   506   506   506   506   506 
1971  25.8  24.7  23.5  21.7  18.8  16.1  15.9  18.7  19.5  23.2  24.4  24.5   506   506   506   506   506   506   506   506   506   506   506   506 
1972  24.9  24.2  23.6  21.6  19.0  17.4  15.1 -99.0  19.1  22.3  23.8  24.8   506   506   506   506   506   506   506   -99   506   506   506   506 
1973  26.1  26.2  25.3  22.8  21.6  17.6  18.0  18.7  20.3  22.7  24.9  24.7   506   506   506   506   506   506   506   506   506   506   506   506 
1974  25.4  25.7  24.5  23.1  19.4 -99.0  15.4  16.9  18.2  20.6  22.4  24.9   506   506   506   506   506   -99   506   506   506   506   506   506 
1975  25.2  25.2  25.2  22.7  20.2  17.1  17.7  17.6  19.7  21.6  23.6  25.1   506   506   506   506   506   506   506   506   506   506   506   506 
1976  25.1  24.9  25.3  21.9  20.3  17.6  16.7  15.9  18.4  21.3  24.8  27.2   506   506   506   506   506   506   506   506   506   506   506   506 
1977  25.5  25.7  24.9  23.1  20.4  16.3  15.8  17.5  19.2  21.7  24.3  25.4   506   506   506   506   506   506   506   506   506   506   506   506 
1978  26.4  26.3  25.0  23.2 -99.0 -99.0  15.9  16.9  18.9  20.3  22.7  25.1   506   506   506   506   -99   -99   506   506   506   506   506   506 
1979  25.6  24.9  24.3  22.7  19.1  18.3  16.4  17.2  19.8  22.0  24.4  26.9   506   506   506   506   506   506   506   506   506   506   506   506 
1980  27.0  25.4  24.2  22.7  20.9  17.7 -99.0  18.1  20.6  22.9  24.0  24.7   506   506   506   506   506   506   -99   506   506   506   506   506 
1981  24.8 -99.0  24.9  22.8  19.3  16.3  16.9  16.9  19.6  20.3  22.8  26.2   506   -99   506   506   506   506   506   506   506   506   506   506 
1982  26.3  25.8  25.2  22.1  19.7  15.1  14.9  16.3  17.9  19.6  22.0  24.2   506   506   506   506   506   506   506   506   506   506   506   506 
1983  24.2  25.5  25.0  22.3  20.9  17.0  16.1  17.2  21.0  22.2  23.6  23.7   506   506   506   506   506   506   506   506   506   506   506   506 
1984  25.4  24.8  24.4  22.0  19.6  18.1  16.2  17.2  18.7  20.1  23.3  25.5   506   506   506   506   506   506   506   506   506   506   506   506 
1985  26.0  25.4  24.3  22.6  20.0  16.1  16.1  17.2  18.9  20.9  23.6  26.1   506   506   506   506   506   506   506   506   506   506   506   506 
1986  25.6  25.6  24.4  23.3  20.6  16.9  16.9  16.9  19.8  22.6  22.6  24.6   506   506   506   506   506   506   506   506   506   506   506   506 
1987  27.4  25.7  25.0  22.4  20.5  17.9  15.7  18.0  19.0  22.2  22.7  25.5   506   506   506   506   506   506   506   506   506   506   506   506 
1988  25.9  25.4  24.0  23.2  19.8  17.7  17.7  17.8  19.9  24.0  24.0  25.5   506   506   506   506   506   506   506   506   506   506   506   506 
1989 -99.0 -99.0  24.4  23.6  21.0  16.6  15.0  15.9  19.4  22.5  23.2  24.3   -99   -99   506   506   506   506   506   506   506   506   506   506 
1990  25.7  26.9  24.3  22.6  20.3  16.8  16.1  16.1  18.2  22.1  24.0  26.3   506   506   506   506   506   506   506   506   506   506   506   506 
1991  26.1  26.2  24.7  22.6  20.7  18.6  15.6  18.0  20.0  22.3  24.2  25.1   506   506   506   506   506   506   506   506   506   506   506   506 
1992  27.0  25.8  23.9  22.3  19.7  16.0  16.5  17.0  19.3  20.6  23.9  24.5   506   506   506   506   506   506   506   506   506   506   506   506 
1993  25.2  25.9  24.5  22.3  20.3  17.8  18.9  17.8  19.5  21.4  23.3  24.6   506   506   506   506   506   506   506   506   506   506   506   506 
1994  26.5  24.9  23.8  21.4  19.1  16.8  16.2  16.9  19.6  21.7  24.6  24.6   506   506   506   506   506   506   506   506   506   506   506   506 
1995  25.6  25.1  25.2  22.4  20.5  17.1  16.0  17.3  20.0  21.4  25.1  25.2   506   506   506   506   506   506   506   506   506   506   506   506 
1996  26.2  25.9  24.5  23.3  20.5  18.2  16.0  17.5  19.6  21.2  23.5  25.1   506   506   506   506   506   506   506   506   506   506   506   506 
1997  24.6  26.1  24.1  22.1  19.7  17.2  16.9  17.1  20.6  21.6  24.6  27.1   506   506   506   506   506   506   506   506   506   506   506   506 
1998  27.0  27.4 -99.0  23.4  20.1 -99.0  17.2  18.9  20.8  22.0  23.0  25.6   506   506   -99   506   506   -99   506   506   506   506   506   506 
1999  26.2  25.6  25.1  21.9  20.4  16.4  16.8  17.2  19.5  22.4  22.1  23.3   506   506   506   506   506   506   506   506   506   506   506   506 
2000  25.2  24.5 -99.0  22.4  19.8  16.2 -99.0 -99.0  20.0  22.1  22.7  24.5   506   506   -99   506   506   506   -99   -99   506   506   506   506 
2001  25.4  25.5  26.4  22.9  19.5  18.4  16.8  17.0  20.2  22.7  23.5  26.8   506   506   506   506   506   506   506   506   506   506   506   506 
2002  27.2  27.4  24.9  23.5  19.8  17.9  16.1  17.3  20.5  22.7  23.3  25.5   506   506   506   506   506   506   506   506   506   506   506   506 
2003  25.3  25.9  24.4  22.6  19.7  18.4  16.7  17.9  21.0  22.3  23.1  25.3   506   506   506   506   506   506   506   506   506   506   506   506 
2004  26.9  27.3  24.9  22.9  19.1  17.7  16.9  17.4  19.3  23.0  24.5  25.5   506   506   506   506   506   506   506   506   506   506   506   506 
2005  26.2  26.4  24.7  23.3  19.6  18.4  17.7  17.4  20.1  24.0  24.4  27.3   506   506   506   506   506   506   506   506   506   506   506   506 
2006  27.1 -99.0  24.7  23.2  19.4  17.7  17.4  18.3  20.1  21.2  23.2  23.6   506   -99   506   506   506   506   506   506   506   506   506   506 
2007  26.3 -99.0  25.8  22.9  21.5  16.1  15.0  18.4  20.1  23.2  23.2  25.0   506   -99   506   506   506   506   506   506   506   506   506   506 
2008  25.7  25.8  23.8  21.6  19.1  18.5  16.4  15.7  20.4  21.6  25.2  26.6   506   506   506   506   506   506   506   506   506   506   506   506 
2009  26.5 -99.0  24.7  23.5  19.3  17.4  16.6  19.7  20.8  22.3  24.5  26.1   506   -99   506   506   506   506   506   506   506   506   506   506 
2010  26.5  26.0  24.7  23.7  19.8  17.7  17.8  16.9  20.7  21.7  22.8  25.3   506   506   506   506   506   506   506   506   506   506   506   506 
2011  25.7  26.5  25.2  22.5  18.3  15.9  15.4  17.4  18.6  21.9  24.5  24.3   506   506   506   506   506   506   506   506   506   506   506   506 
2012  25.2  25.9  24.6  22.3  18.9  16.8  16.3  16.6  19.4  21.0  23.4  25.9   506   506   506   506   506   506   506   506   506   506   506   506 
2013  26.8  25.1  24.3  22.4  19.0  17.1  18.2  17.7  21.8  23.1  24.3  24.7   506   506   506   506   506   506   506   506   506   506   506   506 
2014  26.6  25.7  25.1  23.1  20.0  18.2  15.6  17.6  19.3  21.8  24.8  25.7   506   506   506   506   506   506   506   506   506   506   506   506 
2015  26.7  25.9  26.0  21.9  19.5  18.4  16.7  17.8  19.4  22.1  24.1  25.1   506   506   506   506   506   506   506   506   506   506   506   506 
2016  25.6  26.4  25.7  24.0  21.5  17.8  17.6  17.8  21.2  21.2  24.9  25.9   506   506   506   506   506   506   506   506   506   506   506   506 
