Number= 852831
Name= PADILLA
Country= BOLIVIA
Lat=  -19.3
Long=   64.3
Height= 2102
Start year= 1975
End year= 2003
First Good year= 1975
Source ID= 59
Source file= Jones
Jones data to= 2003
Normals source start year= 1975
Normals source end year= 1990
Normals= -99.0 -99.0 -99.0 -99.0 -99.0 -99.0 -99.0 -99.0 -99.0 -99.0 -99.0 -99.0 
Standard deviations source= Data
Standard deviations source start year= 1975
Standard deviations source end year= 1990
Obs:
1975  18.0  18.6  17.8  17.9  15.7  15.3  14.2  16.0  15.9  18.0  17.9  18.3   506   506   506   506   506   506   506   506   506   506   506   506 
1976  18.6  17.7  17.4  15.7  14.3  13.6  15.0  14.1  14.6  17.7  18.2  19.3   506   506   506   506   506   506   506   506   506   506   506   506 
1977  19.1  18.7  18.6  16.7  16.4  15.5  17.6  15.1  17.0  17.5  18.7  19.2   506   506   506   506   506   506   506   506   506   506   506   506 
1978  18.6  18.2  17.6  15.3  14.7  14.8  16.6  13.8  16.9  19.3  19.2  18.6   506   506   506   506   506   506   506   506   506   506   506   506 
1979  18.4  18.1  17.1  15.8  15.7  13.6  14.0  17.6  15.3  19.2  19.1  20.1   506   506   506   506   506   506   506   506   506   506   506   506 
1980  18.7  19.3  18.6  17.9  17.0  15.6  15.6  16.0  16.0  18.3  18.1  19.6   506   506   506   506   506   506   506   506   506   506   506   506 
1981  19.5  18.6  18.6  16.5  16.3  12.7  12.2  14.9  14.6  15.4  18.1  18.8   506   506   506   506   506   506   506   506   506   506   506   506 
1982  19.9  19.6  18.8  16.3  15.4  16.3  17.1  16.7  17.1  18.6  18.5  20.5   506   506   506   506   506   506   506   506   506   506   506   506 
1983  20.6  18.8  18.7  18.0  16.8  15.8  18.0  18.4  15.9  19.2  18.8  20.4   506   506   506   506   506   506   506   506   506   506   506   506 
1984  17.6  17.9  19.3  17.2  17.7  16.6  17.1  16.0  18.6  21.6  19.0  18.2   506   506   506   506   506   506   506   506   506   506   506   506 
1985  20.6  19.6  20.9  18.1 -99.0 -99.0 -99.0 -99.0 -99.0 -99.0 -99.0 -99.0   506   506   506   506   -99   -99   -99   -99   -99   -99   -99   -99 
1986 -99.0 -99.0 -99.0 -99.0 -99.0 -99.0 -99.0  17.3  16.0  17.5 -99.0 -99.0   -99   -99   -99   -99   -99   -99   -99   506   506   506   -99   -99 
1987 -99.0 -99.0 -99.0 -99.0 -99.0 -99.0 -99.0 -99.0 -99.0 -99.0 -99.0 -99.0   -99   -99   -99   -99   -99   -99   -99   -99   -99   -99   -99   -99 
1988 -99.0 -99.0 -99.0 -99.0 -99.0 -99.0 -99.0 -99.0 -99.0 -99.0 -99.0 -99.0   -99   -99   -99   -99   -99   -99   -99   -99   -99   -99   -99   -99 
1989 -99.0 -99.0 -99.0 -99.0 -99.0 -99.0 -99.0 -99.0 -99.0 -99.0 -99.0 -99.0   -99   -99   -99   -99   -99   -99   -99   -99   -99   -99   -99   -99 
1990 -99.0 -99.0 -99.0 -99.0  18.8  16.9  15.2  20.4  21.3  22.3  22.7  21.8   -99   -99   -99   -99   506   506   506   506   506   506   506   506 
1991  21.5  20.6  19.8  20.5  18.7  16.6  16.3  15.7  18.7  17.2  17.2  20.3   506   506   506   506   506   506   506   506   506   506   506   506 
1992  18.4  17.9  17.8  17.1  17.5  16.3  10.9  13.3  14.6  17.7  16.5 -99.0   506   506   506   506   506   506   506   506   506   506   506   -99 
1993  19.5  17.2  18.7  17.8  16.3  14.5  12.2  13.6  15.4  18.9  19.4  19.2   506   506   506   506   506   506   506   506   506   506   506   506 
1994  18.7  18.7  17.6  19.4  17.0  15.1  13.9  15.8  16.4  19.9  19.4  20.2   506   506   506   506   506   506   506   506   506   506   506   506 
1995  20.2  19.0  19.5  17.0  14.6  14.4  15.9  15.2  16.7  18.2  19.1  18.2   506   506   506   506   506   506   506   506   506   506   506   506 
1996  18.3  18.7  17.5  17.1  14.6  11.9  11.7  15.5  14.7  17.8  18.3  18.3   506   506   506   506   506   506   506   506   506   506   506   506 
1997  18.4  18.3  17.2  16.3  14.6  14.5  15.4  14.7  18.6  19.1  19.3  20.9   506   506   506   506   506   506   506   506   506   506   506   506 
1998  21.1  19.5  18.4  17.5  13.5  14.3  14.5  15.2  15.4  17.8  18.0  17.7   506   506   506   506   506   506   506   506   506   506   506   506 
1999  17.8  18.7  18.2  16.0  14.2  13.0  13.2  14.0  17.1  16.9  16.7  18.5   506   506   506   506   506   506   506   506   506   506   506   506 
2000  18.5  18.5  17.3  17.0  14.7  14.6  11.2  15.1  15.7  18.2  17.4  18.6   506   506   506   506   506   506   506   506   506   506   506   506 
2001  18.4  18.8  17.6  17.6  13.9  12.3  15.0  16.0  17.6  18.8  18.9  18.6   506   506   506   506   506   506   506   506   506   506   506   506 
2002  19.1  18.0  19.7  17.4  17.3  14.3  13.6  16.3  17.5  19.6  19.2  19.6   506   506   506   506   506   506   506   506   506   506   506   506 
2003  19.5  18.6  17.9  16.2  15.1  15.0  13.1  12.4  16.3 -99.0 -99.0 -99.0   506   506   506   506   506   506   506   506   506   -99   -99   -99 
