Number= 854421
Name= MEJILLONES
Country= CHILE
Lat=  -23.2
Long=   70.2
Height= 135
Start year= 1967
End year= 2005
First Good year= 1967
Source ID= 67
Source file= Jones
Jones data to= 2005
Normals source= Data
Normals source start year= 1967
Normals source end year= 1990
Normals=  20.3  20.3  19.3  17.5  15.8  14.5  13.9  14.3  15.0  16.1  17.5  19.1 
Standard deviations source= Data
Standard deviations source start year= 1967
Standard deviations source end year= 1990
Standard deviations=   1.0   1.0   0.9   0.9   1.0   0.7   0.8   0.7   0.8   0.7   0.7   0.8 
Obs:
1967  19.3  20.1  19.0  17.8  15.6  13.6  12.4  13.2  13.4  15.3  16.6  18.8   506   506   506   506   506   506   506   506   506   506   506   506 
1968  20.5  20.4  18.5  16.1  14.3  13.6  13.3  13.8  14.4  15.3  17.1  19.1   506   506   506   506   506   506   506   506   506   506   506   506 
1969  20.0  19.9  18.8  17.2  16.2  13.8  13.1  13.6  15.5  16.1  17.0  18.9   506   506   506   506   506   506   506   506   506   506   506   506 
1970  19.1  19.6  18.7  17.4  15.5  13.2  12.9  13.8  14.5  15.3  16.5  17.8   506   506   506   506   506   506   506   506   506   506   506   506 
1971  18.8  18.8  18.2  17.1  15.1  13.8  13.6  13.9  15.1  15.5  17.3  18.9   506   506   506   506   506   506   506   506   506   506   506   506 
1972 -99.0 -99.0 -99.0 -99.0 -99.0 -99.0 -99.0 -99.0 -99.0 -99.0 -99.0 -99.0   -99   -99   -99   -99   -99   -99   -99   -99   -99   -99   -99   -99 
1973  22.1 -99.0  19.1  17.2  15.4  15.0  13.2  13.4  14.0  14.5  16.2  17.3   506   -99   506   506   506   506   506   506   506   506   506   506 
1974  19.6  19.1  18.1  17.1  14.9  13.6  13.2  13.9  14.3  15.5  17.0  17.8   506   506   506   506   506   506   506   506   506   506   506   506 
1975  20.0  20.4  18.9  17.0  14.7  13.7  13.0  13.1  13.6  15.3  16.0  18.2   506   506   506   506   506   506   506   506   506   506   506   506 
1976  20.1  19.2  17.9  16.3  14.7  14.4  13.9  14.0  14.4  16.5  18.4  20.0   506   506   506   506   506   506   506   506   506   506   506   506 
1977  21.2  20.4  20.3  18.2  17.2  15.3  14.5  14.1  15.5  16.5  17.8  19.0   506   506   506   506   506   506   506   506   506   506   506   506 
1978  20.0  20.2  18.6  16.4  16.0  14.4  14.5  13.7  14.6  16.3  18.7  18.6   506   506   506   506   506   506   506   506   506   506   506   506 
1979  20.0  19.5  19.3  17.1  16.1  14.1  13.9  15.2  15.3  15.7  17.2  19.2   506   506   506   506   506   506   506   506   506   506   506   506 
1980  20.8  21.1  20.4  18.7  16.6  15.0  14.3  14.9  15.1  15.8  17.3  19.3   506   506   506   506   506   506   506   506   506   506   506   506 
1981  19.7  20.4  20.3  18.3  17.0  15.0  13.9  14.9  15.6  16.5  17.8  19.5   506   506   506   506   506   506   506   506   506   506   506   506 
1982  20.6  20.5  19.0  17.4  16.8  14.4  15.4  15.5  16.8  18.0  19.1  21.3   506   506   506   506   506   506   506   506   506   506   506   506 
1983  23.6  23.5  21.7  20.4  18.6  16.5  15.9  15.8  15.5  16.1  17.5  19.9   506   506   506   506   506   506   506   506   506   506   506   506 
1984  20.7  20.0  19.0  17.2  15.1  13.9  14.3  14.4  15.3  16.6  17.5  19.7   506   506   506   506   506   506   506   506   506   506   506   506 
1985  20.0  19.2  19.7  17.0  15.4  14.6  13.7  13.4  14.9  16.4  17.5  19.2   506   506   506   506   506   506   506   506   506   506   506   506 
1986  19.8  20.4  19.9  17.2  16.7  14.9  14.3  14.6  15.0  16.9  17.9  20.0   506   506   506   506   506   506   506   506   506   506   506   506 
1987  20.8  21.7  20.3  17.9  16.1  15.4  15.2  15.2  15.8  17.1  18.2  19.7   506   506   506   506   506   506   506   506   506   506   506   506 
1988  20.0  20.3  19.5  18.1  15.9  14.5  13.3  14.2  14.9  16.2  17.7  18.4   506   506   506   506   506   506   506   506   506   506   506   506 
1989  20.2  21.7  19.2  17.4  14.5  14.9  14.0  14.7  14.7  16.4  17.9  19.3   506   506   506   506   506   506   506   506   506   506   506   506 
1990  20.8  19.9  18.7  17.7  15.7  14.8  14.0  14.8  16.0  15.7  17.4  19.0   506   506   506   506   506   506   506   506   506   506   506   506 
1991  20.2  19.9  18.9  17.3  16.8  15.4  14.9  14.1  16.1  16.3  17.6  18.9   506   506   506   506   506   506   506   506   506   506   506   506 
1992  20.2  20.2  21.3  18.9  17.9  15.4  14.0  14.3  15.1  16.9  18.3  19.0   506   506   506   506   506   506   506   506   506   506   506   506 
1993  21.0  20.1  19.5  18.5  16.1  14.7  14.3  14.7  15.0  16.3  17.7  18.8   506   506   506   506   506   506   506   506   506   506   506   506 
1994  20.1  19.8  19.3  17.9  16.2  15.1  14.2  14.5  16.2  17.0  18.1  19.3   506   506   506   506   506   506   506   506   506   506   506   506 
1995  20.2  19.6  19.1  17.6  16.5  15.8  13.9  14.0  15.1  16.0  17.6  18.4   506   506   506   506   506   506   506   506   506   506   506   506 
1996  19.7  19.5  19.2  17.4  16.1  13.6  13.7  14.5  15.2  16.3  18.0  19.0   506   506   506   506   506   506   506   506   506   506   506   506 
1997  20.7  20.4  20.3  17.9  18.1  17.5  16.9  17.7  17.4  17.4  18.7  21.9   506   506   506   506   506   506   506   506   506   506   506   506 
1998  23.2  22.1  20.7  18.5  16.1  15.3  14.7  14.0  14.6  16.0  17.5  18.8   506   506   506   506   506   506   506   506   506   506   506   506 
1999  19.4  20.9  19.1  16.9  16.0  14.6  13.6  14.6  15.2  16.1  17.4  18.8   506   506   506   506   506   506   506   506   506   506   506   506 
2000  20.7  19.7  18.7  17.4  15.3  14.4  13.8  14.3  15.0  15.7  16.8  19.5   506   506   506   506   506   506   506   506   506   506   506   506 
2001  20.5  21.1  19.6  17.4  15.0  14.1  14.1  14.7  14.6  16.4  17.0  19.4   506   506   506   506   506   506   506   506   506   506   506   506 
2002  20.0  20.2  20.2  17.0  17.0  14.2  14.2  14.4  15.4  16.4  17.4  18.6   506   506   506   506   506   506   506   506   506   506   506   506 
2003  20.1  20.8  18.8  16.9  16.4  15.0  13.9  14.3  15.0  17.0  18.4  18.6   506   506   506   506   506   506   506   506   506   506   506   506 
2004  20.1  19.8  19.1  17.6  14.7  14.1  14.3  14.3  15.8  16.4  17.6  19.2   506   506   506   506   506   506   506   506   506   506   506   506 
2005  20.3  19.2  19.2  16.7  15.3  14.8  13.8  14.7  14.3  15.6  17.4  18.6   506   506   506   506   506   506   506   506   506   506   506   506 
