Number= 857820
Name= OSORNO CANAL BAJO
Country= CHILE
Lat=  -40.6
Long=   73.1
Height= 65
Start year= 1961
End year= 2020
First Good year= 1961
Source ID= 10
Source file= Jones
Jones data to= 2016
Normals source= Data
Normals source start year= 1961
Normals source end year= 1990
Normals=  15.2  14.4  12.6  10.2   8.8   6.7   6.5   7.1   8.2  10.1  12.3  14.1 
Standard deviations source= Data
Standard deviations source start year= 1961
Standard deviations source end year= 1990
Standard deviations=   0.8   0.9   0.8   0.9   0.8   1.2   1.0   0.8   0.7   0.8   0.8   1.0 
Obs:
1961  14.3  14.1  12.4  10.0   8.1   6.3   6.8   9.0   7.8  10.4  11.6  14.6   506   506   506   506   506   506   506   506   506   506   506   506 
1962  15.7  15.5  14.4  10.3   8.8   7.8   5.4   8.5   8.2  11.1  13.5  13.4   506   506   506   506   506   506   506   506   506   506   506   506 
1963  15.0  16.1  12.6  10.9   8.6   6.0   6.8   8.1   9.3  11.4  11.4  12.7   506   506   506   506   506   506   506   506   506   506   506   506 
1964  15.9  13.3  12.4  10.7   8.7   6.2   6.4   7.5   8.2  11.5  12.2  13.0   506   506   506   506   506   506   506   506   506   506   506   506 
1965  15.5  15.5  13.5   9.8   7.4   9.6   6.1   6.7   7.7   9.6  13.1  12.7   506   506   506   506   506   506   506   506   506   506   506   506 
1966  15.1  12.9  13.2  11.3   9.5   7.6   6.4   6.6   7.4   9.0  12.7  13.2   506   506   506   506   506   506   506   506   506   506   506   506 
1967  15.2  13.7  12.7   9.4   9.1   4.9   5.4   6.2   7.8  10.7  13.5  15.4   506   506   506   506   506   506   506   506   506   506   506   506 
1968  15.3  14.0  11.6  10.7   9.8   6.7   7.1   7.3   8.9   9.1  13.8  13.4   506   506   506   506   506   506   506   506   506   506   506   506 
1969  15.0  13.0  12.0   9.7   8.7   6.2   7.5   6.9   8.2   8.7  11.9  15.0   506   506   506   506   506   506   506   506   506   506   506   506 
1970  15.4  14.8  12.3   9.9   8.9   6.3   7.1   6.0   8.2   9.6  11.9  13.0   506   506   506   506   506   506   506   506   506   506   506   506 
1971  13.1  12.9  11.7   8.2   8.3   4.8   7.3   6.6   8.7  10.5  12.9  12.8   506   506   506   506   506   506   506   506   506   506   506   506 
1972  15.1  14.1  11.3  10.7   8.8   6.2   5.6   7.1   7.1   9.3  12.6  14.7   506   506   506   506   506   506   506   506   506   506   506   506 
1973  14.3  14.3  12.9  10.7   8.6   7.7   5.0   6.6   7.5   9.3  11.7  13.4   506   506   506   506   506   506   506   506   506   506   506   506 
1974  13.8  13.7  12.3  10.0   9.7   6.2   6.1   6.1   7.6   9.7  11.3  13.8   506   506   506   506   506   506   506   506   506   506   506   506 
1975  16.1  13.9  12.5  10.7   8.1   8.5   6.2   6.0   8.4   9.5  11.2  13.0   506   506   506   506   506   506   506   506   506   506   506   506 
1976  13.8  14.6  10.7   9.3   9.4   5.9   5.3   6.6   8.6  10.0  12.2  14.7   506   506   506   506   506   506   506   506   506   506   506   506 
1977  15.6  14.5  12.8  11.7   9.0   7.3   7.1   7.4   9.0  10.8  12.1  15.4   506   506   506   506   506   506   506   506   506   506   506   506 
1978 -99.0 -99.0 -99.0  10.2  10.1   5.8   9.2   5.8   9.0   9.6  12.8  14.9   -99   -99   -99   506   506   506   506   506   506   506   506   506 
1979  15.9 -99.0 -99.0  10.9   9.6   6.4   6.6   8.7   7.1   9.9  12.5 -99.0   506   -99   -99   506   506   506   506   506   506   506   506   -99 
1980 -99.0 -99.0  13.8   8.4   9.2   6.6   6.7   8.0   8.6  10.1  11.5  14.7   -99   -99   506   506   506   506   506   506   506   506   506   506 
1981  15.0  14.5  13.0  11.7   9.7   7.4   6.7   7.1   7.7  10.4  11.3  14.1   506   506   506   506   506   506   506   506   506   506   506   506 
1982  16.5  13.2  12.1  11.2  10.6   5.8   7.2   7.3  10.1   9.9  11.5  15.1   506   506   506   506   506   506   506   506   506   506   506   506 
1983  17.2  14.8  12.9  10.5   8.2   4.9   5.2   7.0   7.1  10.9  13.0  16.3   506   506   506   506   506   506   506   506   506   506   506   506 
1984  15.9  14.2  13.2   8.6 -99.0 -99.0 -99.0 -99.0 -99.0 -99.0  12.2  15.4   506   506   506   506   -99   -99   -99   -99   -99   -99   506   506 
1985  15.9  15.0  12.7   9.2   8.7   9.7   7.1   7.5   8.1   9.6  13.4  14.6   506   506   506   506   506   506   506   506   506   506   506   506 
1986  14.5  14.3  11.6  10.2   8.8   6.6   7.5   6.5   8.0  11.9  11.1  14.2   506   506   506   506   506   506   506   506   506   506   506   506 
1987  15.7  15.2  14.2  10.0   7.3   7.2   8.2   6.8   8.4  11.1  13.1  14.1   506   506   506   506   506   506   506   506   506   506   506   506 
1988  14.9  16.2  12.6  10.4   7.3   6.3   4.9   7.2   8.1   9.2  12.9  13.9   506   506   506   506   506   506   506   506   506   506   506   506 
1989  15.6  15.6  12.2  10.3   7.2   8.1   6.2   7.0   8.1  10.4  12.8  14.7   506   506   506   506   506   506   506   506   506   506   506   506 
1990  15.1  15.1  12.3   9.7   8.0   6.5   6.5   8.1   8.5  10.0  11.4  13.6   506   506   506   506   506   506   506   506   506   506   506   506 
1991  15.1  14.8  12.5  10.1   8.3   6.0   5.5   5.7   8.6   9.5  12.8  12.6   506   506   506   506   506   506   506   506   506   506   506   506 
1992  16.9  13.7  14.3   9.5   6.9   6.0   4.7   7.2   8.1   9.3  13.4  13.8   506   506   506   506   506   506   506   506   506   506   506   506 
1993  14.8  15.9  13.8  10.9   8.1   7.5   5.6   6.5   8.2   9.8  12.0  13.9   506   506   506   506   506   506   506   506   506   506   506   506 
1994  15.7  14.3  14.0   9.8   9.5   8.6   6.9   6.3   8.2  10.5  12.4  14.9   506   506   506   506   506   506   506   506   506   506   506   506 
1995  14.3  14.4  11.9  10.9   8.6   6.4   4.5   5.5   7.5  10.4  12.1  16.2   506   506   506   506   506   506   506   506   506   506   506   506 
1996  14.5  14.6  13.3   9.0   8.8   3.6   7.2   8.0   9.0  10.4  12.3  14.7   506   506   506   506   506   506   506   506   506   506   506   506 
1997  15.7  12.9  13.8  11.4   9.4   7.9   7.5   7.3   8.8   9.9  12.7  14.6   506   506   506   506   506   506   506   506   506   506   506   506 
1998  15.0  16.9  13.1  10.2  11.2   7.5   7.0   7.2   7.3  10.6  11.9  14.8   506   506   506   506   506   506   506   506   506   506   506   506 
1999  16.2  15.5  12.9  10.0   7.7   5.3   5.5   7.9   9.2  11.5  13.3  14.1   506   506   506   506   506   506   506   506   506   506   506   506 
2000  15.1  14.3  11.4  10.6   9.0   7.6   5.6   7.7   7.6  11.0  11.6  14.0   506   506   506   506   506   506   506   506   506   506   506   506 
2001  14.7  14.7  12.1   9.0   8.3   7.5   6.2   7.8   8.9  10.9  11.3  15.9   506   506   506   506   506   506   506   506   506   506   506   506 
2002 -99.0 -99.0 -99.0   9.8   9.5   5.4   7.0 -99.0 -99.0 -99.0 -99.0 -99.0   -99   -99   -99   506   506   506   506   -99   -99   -99   -99   -99 
2003 -99.0 -99.0  15.1 -99.0 -99.0 -99.0 -99.0 -99.0 -99.0 -99.0 -99.0 -99.0   -99   -99   506   -99   -99   -99   -99   -99   -99   -99   -99   -99 
2004 -99.0 -99.0 -99.0 -99.0 -99.0 -99.0 -99.0 -99.0 -99.0 -99.0 -99.0 -99.0   -99   -99   -99   -99   -99   -99   -99   -99   -99   -99   -99   -99 
2005 -99.0 -99.0 -99.0 -99.0 -99.0 -99.0 -99.0 -99.0 -99.0 -99.0 -99.0 -99.0   -99   -99   -99   -99   -99   -99   -99   -99   -99   -99   -99   -99 
2006 -99.0 -99.0 -99.0 -99.0 -99.0 -99.0 -99.0 -99.0 -99.0 -99.0 -99.0 -99.0   -99   -99   -99   -99   -99   -99   -99   -99   -99   -99   -99   -99 
2007 -99.0 -99.0 -99.0 -99.0 -99.0 -99.0 -99.0 -99.0 -99.0 -99.0  11.8  14.4   -99   -99   -99   -99   -99   -99   -99   -99   -99   -99   506   506 
2008  17.0  17.3  13.8 -99.0 -99.0 -99.0 -99.0 -99.0 -99.0 -99.0 -99.0 -99.0   506   506   506   -99   -99   -99   -99   -99   -99   -99   -99   -99 
2009 -99.0 -99.0 -99.0 -99.0 -99.0 -99.0 -99.0 -99.0 -99.0 -99.0 -99.0 -99.0   -99   -99   -99   -99   -99   -99   -99   -99   -99   -99   -99   -99 
2010 -99.0 -99.0 -99.0 -99.0 -99.0 -99.0 -99.0 -99.0 -99.0 -99.0 -99.0 -99.0   -99   -99   -99   -99   -99   -99   -99   -99   -99   -99   -99   -99 
2011 -99.0 -99.0 -99.0 -99.0 -99.0 -99.0 -99.0   6.4   8.6   9.9  12.4  15.3   -99   -99   -99   -99   -99   -99   -99   506   506   506   506   506 
2012  17.3  14.4  13.7  10.0 -99.0 -99.0 -99.0 -99.0 -99.0  10.4  12.8  13.5   506   506   506   506   -99   -99   -99   -99   -99   506   506   506 
2013  17.9  15.6  12.9  11.1   9.7   6.9   6.3   6.5   8.0  10.7  12.0  15.3   506   506   506   506   506   506   506   506   506   506   506   506 
2014  15.2  15.2  12.2   9.6   9.4   6.5   7.1   8.1   8.8  10.7  12.0  14.2   506   506   506   506   506   506   506   506   506   506   506   506 
2015  16.5  15.5  13.3  11.3  10.1   7.2   7.1   7.9   8.0   9.8  12.3  14.6   506   506   506   506   506   506   506   506   506   506   506   506 
2016  16.7  15.5  13.6   9.1   9.3   6.3   6.6   8.0   8.8 -99.0 -99.0  14.7   506   506   506   506   900   900   900   900   900   -99   -99   900 
2017 -99.0 -99.0 -99.0 -99.0 -99.0 -99.0 -99.0 -99.0 -99.0 -99.0 -99.0 -99.0   -99   -99   -99   -99   -99   -99   -99   -99   -99   -99   -99   -99 
2018 -99.0 -99.0 -99.0 -99.0 -99.0 -99.0 -99.0 -99.0 -99.0 -99.0 -99.0 -99.0   -99   -99   -99   -99   -99   -99   -99   -99   -99   -99   -99   -99 
2019 -99.0 -99.0 -99.0 -99.0 -99.0 -99.0 -99.0 -99.0 -99.0 -99.0 -99.0 -99.0   -99   -99   -99   -99   -99   -99   -99   -99   -99   -99   -99   -99 
2020 -99.0 -99.0 -99.0  10.7   8.8   7.8   6.3   6.8   8.3   9.7  13.0  14.4   -99   -99   -99   900   900   900   900   900   900   900   900   900 
