Number= 320880
Name= UGLEGORSK-----------
Country= RUSSIA
Lat=   49.0
Long= -142.0
Height= 43
Start year= 1940
End year= 2016
First Good year= 1940
Source ID= 43
Source file= Jones
Jones data to= 2016
Normals source= Data
Normals source start year= 1961
Normals source end year= 1990
Normals= -12.9 -11.5  -5.5   1.3   5.9  10.5  15.0  16.6  13.1   6.1  -2.5  -8.9 
Standard deviations source= Data
Standard deviations source start year= 1941
Standard deviations source end year= 1990
Standard deviations=   2.7   2.0   1.8   1.1   1.1   1.0   1.1   1.2   0.9   1.1   1.7   2.4 
Obs:
1940 -99.0 -99.0 -99.0 -99.0 -99.0 -99.0 -99.0 -99.0 -99.0 -99.0  -3.3  -6.5   -99   -99   -99   -99   -99   -99   -99   -99   -99   -99   506   506 
1941 -15.7 -12.3  -8.1  -0.1   5.1   9.4  12.4  14.7  12.4   5.5  -2.3 -11.5   506   506   506   506   506   506   506   506   506   506   506   506 
1942 -15.5 -15.0  -6.5  -1.3   4.0   8.9  13.6  15.7  11.8   6.3  -3.1  -9.4   506   506   506   506   506   506   506   506   506   506   506   506 
1943  -9.5 -12.5  -4.0   0.1   5.3  11.2  16.9  17.4  14.2   7.8  -6.3  -9.4   506   506   506   506   506   506   506   506   506   506   506   506 
1944 -14.9 -14.2  -4.6  -0.5   6.0  10.9  17.3  17.7  13.7   6.6  -4.3 -14.2   506   506   506   506   506   506   506   506   506   506   506   506 
1945 -14.1 -11.3  -5.5   1.4   2.9   9.4 -99.0 -99.0 -99.0 -99.0 -99.0 -99.0   506   506   506   506   506   506   -99   -99   -99   -99   -99   -99 
1946 -14.1 -11.3  -5.5   1.4   2.9   9.4  17.3  17.7  13.7   5.7  -3.0  -8.1   506   506   506   506   506   506   506   506   506   506   506   506 
1947 -13.9 -11.0  -6.5   0.5   6.0   9.9  15.4  15.8  12.3   5.5  -3.7 -11.7   506   506   506   506   506   506   506   506   506   506   506   506 
1948 -11.3 -13.9  -6.0   2.6   8.5  10.9  15.8  18.3  12.5   6.7  -2.8  -9.3   506   506   506   506   506   506   506   506   506   506   506   506 
1949 -12.0  -9.8 -10.0  -0.4   6.6  12.0  14.9  17.9  13.6   5.8  -4.3 -12.2   506   506   506   506   506   506   506   506   506   506   506   506 
1950 -16.1 -12.0  -6.6   0.8   6.0  12.4  16.5  19.3  13.2   3.9  -4.1 -11.9   506   506   506   506   506   506   506   506   506   506   506   506 
1951 -17.0 -15.4  -9.0   0.6   5.9  10.4  15.9  19.7  10.9   4.7 -99.0  -8.6   506   506   506   506   506   506   506   506   506   506   -99   506 
1952 -17.8 -14.6  -8.3   0.6   4.7  10.7  14.4  17.8  12.4   5.4  -7.3 -17.8   506   506   506   506   506   506   506   506   506   506   506   506 
1953 -15.7 -15.0  -6.0  -0.1   4.8   9.6  15.7  16.6  13.9   4.4  -7.5 -11.6   506   506   506   506   506   506   506   506   506   506   506   506 
1954 -19.9 -10.8  -8.1   1.0   3.8  10.6  13.5  15.5  13.1   5.6  -3.4  -8.3   506   506   506   506   506   506   506   506   506   506   506   506 
1955 -17.3 -13.7  -8.1   0.3   4.6  10.1  16.8  16.5  12.6   5.2  -3.0  -7.8   506   506   506   506   506   506   506   506   506   506   506   506 
1956 -15.8 -11.1  -6.6  -0.1   6.4  10.6  14.3  14.8  13.1   7.7  -2.4  -9.2   506   506   506   506   506   506   506   506   506   506   506   506 
1957 -13.7 -11.8  -7.8   0.5   7.0  10.3  15.7  15.4  12.2   5.3  -1.3  -9.7   506   506   506   506   506   506   506   506   506   506   506   506 
1958 -14.5 -11.0  -8.4   0.3   6.3  11.6  15.5  15.8  13.4   5.9  -2.3  -8.1   506   506   506   506   506   506   506   506   506   506   506   506 
1959 -18.0  -9.4  -2.7   2.6   6.2  10.9  14.7  17.7  13.6   6.8  -3.4 -11.6   506   506   506   506   506   506   506   506   506   506   506   506 
1960 -15.0 -12.3  -7.4  -0.7   5.0   8.6  13.9  18.8  13.9   4.6  -2.4 -11.6   506   506   506   506   506   506   506   506   506   506   506   506 
1961 -16.1 -11.5  -5.7   1.1   5.3  10.7  16.2  17.6  14.6   5.8  -1.3  -7.0   506   506   506   506   506   506   506   506   506   506   506   506 
1962  -9.9 -11.7  -7.9   3.8   7.2  10.2  15.0  15.8  13.8   5.8  -3.5  -8.8   506   506   506   506   506   506   506   506   506   506   506   506 
1963  -7.8  -7.9  -3.4   1.2   6.7  10.8  14.9  15.8  11.6   6.8  -1.0  -8.8   506   506   506   506   506   506   506   506   506   506   506   506 
1964 -12.1 -14.4  -4.6   0.6   6.6   9.2  13.1  15.4  11.2   5.6  -1.7  -8.7   506   506   506   506   506   506   506   506   506   506   506   506 
1965 -12.1 -11.5  -6.2   0.6   5.2  10.7  14.6  16.4  13.0   7.1  -4.7 -10.6   506   506   506   506   506   506   506   506   506   506   506   506 
1966 -11.5 -14.3  -6.5  -0.3   5.0  10.9  14.7  15.9  11.6   8.0  -1.9 -11.4   506   506   506   506   506   506   506   506   506   506   506   506 
1967 -14.4 -14.4  -6.8   1.5   7.8   9.4  13.8  16.4  12.3   6.2  -4.3  -6.9   506   506   506   506   506   506   506   506   506   506   506   506 
1968 -11.3  -8.1  -2.4   3.6   7.9  11.8  14.2  15.7  13.2   4.9   0.2  -7.1   506   506   506   506   506   506   506   506   506   506   506   506 
1969 -16.3 -14.4  -7.3   0.5   5.4   9.0  13.7  14.4  12.4   5.0  -3.3 -12.2   506   506   506   506   506   506   506   506   506   506   506   506 
1970 -12.0 -11.4  -8.8   1.2   7.1  10.2  15.2  16.9  13.3   5.5  -2.2 -11.2   506   506   506   506   506   506   506   506   506   506   506   506 
1971 -13.3  -8.7  -5.6   0.8   5.0   9.8  14.1  14.5  11.9   7.2  -2.4  -9.1   506   506   506   506   506   506   506   506   506   506   506   506 
1972 -14.3 -10.0  -2.6   2.6   6.8  10.3  14.5  16.2  12.9   6.8  -3.1  -8.3   506   506   506   506   506   506   506   506   506   506   506   506 
1973 -11.1 -11.6  -6.4   0.8   5.3  10.4  14.8  17.8  14.6   6.4  -1.6  -8.7   506   506   506   506   506   506   506   506   506   506   506   506 
1974  -8.4 -10.5  -6.4   0.9   5.5  11.0  15.4  16.4  14.4   6.2  -3.8 -12.8   506   506   506   506   506   506   506   506   506   506   506   506 
1975  -9.8 -11.2  -3.7   1.5   5.0  12.9  15.8  17.0  12.4   6.5  -0.4 -10.5   506   506   506   506   506   506   506   506   506   506   506   506 
1976 -11.2  -9.7  -5.5   0.6   5.2   9.1  14.7  14.7  13.1   5.4  -4.2  -7.9   506   506   506   506   506   506   506   506   506   506   506   506 
1977 -16.6 -13.3  -5.7   0.2   5.1   9.9  15.8  17.4  14.0   5.6  -1.9  -9.6   506   506   506   506   506   506   506   506   506   506   506   506 
1978 -17.0 -15.2  -5.4   0.8   6.4  10.7  16.9  16.3  13.6   4.9  -2.2  -9.8   506   506   506   506   506   506   506   506   506   506   506   506 
1979 -17.0 -10.6  -6.5  -0.2   5.2   9.5  13.2  17.1  13.1   5.7  -4.1  -7.5   506   506   506   506   506   506   506   506   506   506   506   506 
1980 -14.1 -14.0  -7.4  -1.3   4.6  11.1  14.9  16.1  12.6   5.4  -1.8  -4.6   506   506   506   506   506   506   506   506   506   506   506   506 
1981 -12.0 -12.8  -7.4   2.0   6.8  11.0  14.7  16.4  12.0   5.7  -4.5  -7.8   506   506   506   506   506   506   506   506   506   506   506   506 
1982 -13.3 -10.7  -5.7   1.6   5.6   9.4  15.4  18.4  13.9   6.4  -2.3  -7.9   506   506   506   506   506   506   506   506   506   506   506   506 
1983 -11.1 -14.4  -5.7   3.2   5.0   9.4  15.1  17.6  13.6   5.0  -0.5  -8.9   506   506   506   506   506   506   506   506   506   506   506   506 
1984 -10.3 -10.7  -6.3   0.7   5.8  12.3  15.9  16.9  13.0   4.8  -4.7 -10.3   506   506   506   506   506   506   506   506   506   506   506   506 
1985 -15.2  -8.9  -4.9   1.8   6.3   8.5  14.5  17.4  11.3   6.1  -2.5 -12.2   506   506   506   506   506   506   506   506   506   506   506   506 
1986 -14.6 -12.8  -5.0   1.9   6.0  10.7  14.8  17.5  13.7   3.9  -3.7  -7.9   506   506   506   506   506   506   506   506   506   506   506   506 
1987 -15.5 -12.0  -4.7   1.0   5.5  11.0  14.9  15.9  12.6   7.1  -3.5 -11.1   506   506   506   506   506   506   506   506   506   506   506   506 
1988 -14.3 -11.3  -6.0   1.7   5.4  11.8  16.0  18.3  13.8   6.5  -3.3  -7.4   506   506   506   506   506   506   506   506   506   506   506   506 
1989 -10.5  -9.1  -2.2   1.5   4.6  11.7  16.2  18.2  14.1   5.7  -2.0  -7.1   506   506   506   506   506   506   506   506   506   506   506   506 
1990 -15.3  -8.5  -2.5   2.8   7.0  11.4  17.4  17.2  13.9   9.5   1.2  -4.0   506   506   506   506   506   506   506   506   506   506   506   506 
1991  -5.8  -8.9  -6.4   2.2   6.4  11.0  14.4  17.2  12.2   7.3  -3.1 -10.0   506   506   506   506   506   506   506   506   506   506   506   506 
1992 -11.8  -9.2  -4.7   0.9   5.8  10.6  14.5  14.9  11.9   6.7  -3.7  -7.4   506   506   506   506   506   506   506   506   506   506   506   506 
1993  -9.9  -8.3  -4.6  -0.1   5.9  10.1  15.3  16.3  13.8   6.5  -1.9  -7.6   506   506   506   506   506   506   506   506   506   506   506   506 
1994 -15.0  -7.7  -4.5   0.6   6.3  11.2  15.7  18.5  13.9   6.9  -1.1 -10.8   506   506   506   506   506   506   506   506   506   506   506   506 
1995 -10.9  -7.8  -5.0   0.5   8.3  11.5  16.3  17.2  12.8   7.8   0.0  -6.3   506   506   506   506   506   506   506   506   506   506   506   506 
1996 -10.6 -11.0  -5.2   0.8   6.4  11.0  15.5  16.2  14.3   5.7  -3.1  -9.5   506   506   506   506   506   506   506   506   506   506   506   506 
1997  -8.5  -8.7  -6.0   0.9   5.5  10.5  14.8  15.6  13.0   6.1   0.3  -8.2   506   506   506   506   506   506   506   506   506   506   506   506 
1998 -14.7 -11.2  -4.0   1.6   6.6  12.6  16.0  17.3  14.5   8.3  -4.0  -9.4   506   506   506   506   506   506   506   506   506   506   506   506 
1999 -10.1 -12.7  -8.8   0.7   4.7  11.2  15.7  17.6  14.1   7.3  -2.7  -7.1   506   506   506   506   506   506   506   506   506   506   506   506 
2000 -10.7 -11.0  -6.8   1.1   7.5  10.8  16.9  18.8  15.0   6.0  -4.7 -10.9   506   506   506   506   506   506   506   506   506   506   506   506 
2001 -11.9 -15.3  -5.2   0.7   6.3  10.4  14.6  17.0  12.3   5.9  -2.6 -10.2   506   506   506   506   506   506   506   506   506   506   506   506 
2002  -8.2  -7.0  -5.4   2.4   9.2  10.0  13.6  15.0  14.1   6.3  -3.2 -12.8   506   506   506   506   506   506   506   506   506   506   506   506 
2003 -11.9 -12.0  -4.8   2.4   6.2  11.7  15.2  16.0  13.6   7.3  -2.7  -9.2   506   506   506   506   506   506   506   506   506   506   506   506 
2004 -10.9  -9.4  -4.4   0.8   7.3  11.5  14.9  16.8  14.5   7.6   0.8  -8.9   506   506   506   506   506   506   506   506   506   506   506   506 
2005 -11.4 -11.2  -5.8   0.4   4.5  11.5  15.2  18.3  14.8   7.1   0.0  -7.4   506   506   506   506   506   506   506   506   506   506   506   506 
2006 -12.6 -12.8  -5.3  -0.3   6.5  11.1  16.4  20.1  14.6   7.2  -1.0  -9.8   506   506   506   506   506   506   506   506   506   506   506   506 
2007 -10.2  -9.7  -4.0   0.5   4.8  11.8  15.6  17.7  13.9   7.1  -1.9  -7.9   506   506   506   506   506   506   506   506   506   506   506   506 
2008 -12.8  -9.9  -1.4   2.9   5.4  11.5  16.8  16.8  14.7   6.9  -1.6  -6.6   506   506   506   506   506   506   506   506   506   506   506   506 
2009  -8.5 -11.6  -3.7   1.3   7.9  11.7  14.5  16.6  13.4   7.4  -3.1  -7.3   506   506   506   506   506   506   506   506   506   506   506   506 
2010  -9.1 -10.6  -6.6   0.0   5.9  13.5  15.2  18.6  14.2   7.1  -0.3  -7.0   506   506   506   506   506   506   506   506   506   506   506   506 
2011  -9.9  -7.8  -4.6   0.9   4.3  10.1  16.1  18.4  14.3   7.5  -1.2  -8.2   506   506   506   506   506   506   506   506   506   506   506   506 
2012 -12.2 -13.7  -6.9   2.1   7.6  12.1  16.0  18.2  15.4   7.4  -1.2  -9.4   506   506   506   506   506   506   506   506   506   506   506   506 
2013 -13.3 -10.7  -6.7   0.4   5.8  12.5  17.9  19.1  14.4   7.4   0.2  -5.4   506   506   506   506   506   506   506   506   506   506   506   506 
2014 -13.4  -9.8  -4.5   1.5   6.7  12.4  16.6  17.8  13.3   5.9  -0.1  -7.4   506   506   506   506   506   506   506   506   506   506   506   506 
2015  -9.4  -5.7  -0.7   1.7   5.8  10.0  15.2  17.2  14.1   5.6  -1.7  -6.5   506   506   506   506   506   506   506   506   506   506   506   506 
2016 -12.6 -12.1  -4.0   1.4   7.9  11.0  16.3  18.8  13.4 -99.0 -99.0 -99.0   506   506   506   506   506   506   506   506   506   -99   -99   -99 
