Number= 080210
Name= SANTANDER/PARAYAS
Country= SPAIN
Lat=   43.4
Long=    3.8
Height= 5
Start year= 1954
End year= 2020
First Good year= 1954
Source ID= 73
Source file= Jones
Jones data to= 2014
Normals source= Data
Normals source start year= 1961
Normals source end year= 1990
Normals=   9.3   9.8  10.3  11.8  14.2  16.8  19.0  19.1  18.0  15.5  11.9  10.1 
Standard deviations source= Data
Standard deviations source start year= 1954
Standard deviations source end year= 1990
Standard deviations=   1.2   1.7   1.2   1.1   1.1   0.8   1.0   0.9   1.1   1.3   1.3   1.5 
Obs:
1954   8.0 -99.0 -99.0 -99.0  13.3  17.1 -99.0 -99.0 -99.0 -99.0 -99.0 -99.0   506   -99   -99   -99   506   506   -99   -99   -99   -99   -99   -99 
1955 -99.0 -99.0 -99.0 -99.0 -99.0 -99.0 -99.0 -99.0 -99.0 -99.0 -99.0 -99.0   -99   -99   -99   -99   -99   -99   -99   -99   -99   -99   -99   -99 
1956 -99.0 -99.0 -99.0 -99.0 -99.0 -99.0 -99.0 -99.0 -99.0 -99.0 -99.0 -99.0   -99   -99   -99   -99   -99   -99   -99   -99   -99   -99   -99   -99 
1957 -99.0 -99.0 -99.0 -99.0 -99.0 -99.0 -99.0 -99.0 -99.0 -99.0 -99.0 -99.0   -99   -99   -99   -99   -99   -99   -99   -99   -99   -99   -99   -99 
1958 -99.0 -99.0 -99.0 -99.0 -99.0 -99.0 -99.0 -99.0 -99.0 -99.0 -99.0 -99.0   -99   -99   -99   -99   -99   -99   -99   -99   -99   -99   -99   -99 
1959 -99.0 -99.0 -99.0 -99.0 -99.0 -99.0 -99.0 -99.0 -99.0 -99.0 -99.0 -99.0   -99   -99   -99   -99   -99   -99   -99   -99   -99   -99   -99   -99 
1960 -99.0  12.0 -99.0 -99.0 -99.0 -99.0 -99.0 -99.0 -99.0 -99.0 -99.0 -99.0   -99   506   -99   -99   -99   -99   -99   -99   -99   -99   -99   -99 
1961   8.6  12.3  10.1  13.9  15.8  17.5  18.7  17.9  19.3  15.7  11.2  10.8   506   506   506   506   506   506   506   506   506   506   506   506 
1962   9.2   8.1   9.7  11.1  13.9  15.4  17.7  19.0  18.1  15.0   9.4   7.1   506   506   506   506   506   506   506   506   506   506   506   506 
1963   6.9   7.4  11.4  11.5  12.9  16.7  18.9  17.2  16.7  15.5  13.5   8.1   506   506   506   506   506   506   506   506   506   506   506   506 
1964   8.3   9.9  10.7  11.4  15.2  16.7  18.8  19.5  18.9  13.5  10.6   8.4   506   506   506   506   506   506   506   506   506   506   506   506 
1965   8.7   7.0  11.3  11.4  13.7  16.0  17.5  18.0  16.1  16.9  12.3  10.9   506   506   506   506   506   506   506   506   506   506   506   506 
1966  10.6  13.1   9.5  13.8  13.8  16.4  17.8  18.8  18.4  15.9   9.8  10.3   506   506   506   506   506   506   506   506   506   506   506   506 
1967   9.2  10.0  10.1  10.5  14.3  16.2  19.0  18.4  17.9  16.4  11.8   8.6   506   506   506   506   506   506   506   506   506   506   506   506 
1968   9.5  10.4  10.0  12.0  13.6  16.7  19.0  18.9  17.6  17.5  14.0  10.7   506   506   506   506   506   506   506   506   506   506   506   506 
1969  10.2   8.4  11.4  11.9  15.3  16.0  19.4  19.3  17.2  17.0  11.3   9.5   506   506   506   506   506   506   506   506   506   506   506   506 
1970  11.6  10.1   8.5  10.6  14.2  17.7  19.3  19.6  18.3  13.7  14.2   7.8   506   506   506   506   506   506   506   506   506   506   506   506 
1971   9.4   9.0   7.7  12.8  13.9  15.8  20.7  19.3  17.0  15.9  10.0   9.6   506   506   506   506   506   506   506   506   506   506   506   506 
1972   8.2   9.3  10.5  11.2  12.8  14.9  17.9  17.8  15.0  13.6  11.8  10.5   506   506   506   506   506   506   506   506   506   506   506   506 
1973   8.5   7.8   8.1  10.4  14.9  16.7  18.6  20.6  18.6  13.8  10.6   9.0   506   506   506   506   506   506   506   506   506   506   506   506 
1974  11.0   9.9   9.9  10.8  13.5  16.9  18.1  18.4  16.9  11.9  12.2  10.8   506   506   506   506   506   506   506   506   506   506   506   506 
1975  10.6  11.3   9.3  11.0  13.7  17.2  19.7 -99.0 -99.0 -99.0 -99.0 -99.0   506   506   506   506   506   506   506   -99   -99   -99   -99   -99 
1976 -99.0 -99.0 -99.0 -99.0 -99.0 -99.0 -99.0 -99.0 -99.0 -99.0 -99.0 -99.0   -99   -99   -99   -99   -99   -99   -99   -99   -99   -99   -99   -99 
1977 -99.0 -99.0 -99.0 -99.0 -99.0 -99.0 -99.0 -99.0  16.5  16.3  11.1  11.6   -99   -99   -99   -99   -99   -99   -99   -99   506   506   506   506 
1978   7.9  11.0  10.3  11.1  13.3  15.5  17.8  18.2  17.6  15.2  11.5  12.0   506   506   506   506   506   506   506   506   506   506   506   506 
1979   9.1  10.1   9.9  11.7  13.3  16.2  19.1  19.2  18.1  15.8  10.9  10.5   506   506   506   506   506   506   506   506   506   506   506   506 
1980   9.2  10.9  10.8  11.4  13.5  16.8  17.5  20.0  18.6  15.1  11.2   8.7   506   506   506   506   506   506   506   506   506   506   506   506 
1981   8.8   8.2  13.6  11.8  15.2  17.1  18.1  19.3  18.5  15.6  12.1  11.5   506   506   506   506   506   506   506   506   506   506   506   506 
1982  11.8  10.7  10.0  12.0  14.7  18.4  19.8  19.2  19.3  14.7  12.4  10.1   506   506   506   506   506   506   506   506   506   506   506   506 
1983   9.0   8.0  10.6  12.7  14.1  17.8  20.8  19.6  18.7  15.7  14.1   9.9   506   506   506   506   506   506   506   506   506   506   506   506 
1984   9.6   8.0   8.7  12.9  11.8  16.4  18.7  19.1  17.7  14.5  13.1  10.2   506   506   506   506   506   506   506   506   506   506   506   506 
1985   7.2  11.8  10.2  12.6  13.7  17.4  20.2  19.2  19.2  15.9  11.1  11.0   506   506   506   506   506   506   506   506   506   506   506   506 
1986   9.6   8.5  10.2   9.6  14.1  16.5  18.7  18.7  18.1  16.2  11.7  11.1   506   506   506   506   506   506   506   506   506   506   506   506 
1987   7.9   9.3  10.8  14.4  13.8  16.7  19.5  20.2  20.4  16.3  12.0  12.2   506   506   506   506   506   506   506   506   506   506   506   506 
1988  11.5  10.1  10.4  12.9  15.6  17.7  18.7  19.7  18.3  16.6  12.3   9.4   506   506   506   506   506   506   506   506   506   506   506   506 
1989   8.3   9.7  12.0  11.5  16.4  18.4  21.2  20.8  17.9  16.7  14.5  13.8   506   506   506   506   506   506   506   506   506   506   506   506 
1990   9.8  14.0  12.4  12.0  16.7  17.7  20.3  21.0  19.6  16.7  11.7   7.6   506   506   506   506   506   506   506   506   506   506   506   506 
1991   8.3   7.9  11.8  10.9  13.0  16.5  19.7  21.1  20.3  13.9  12.3   9.1   506   506   506   506   506   506   506   506   506   506   506   506 
1992   7.7   8.9  10.6  12.0  16.5  16.1  19.8  21.0  17.8  13.8  14.4  10.6   506   506   506   506   506   506   506   506   506   506   506   506 
1993  10.4   8.7  10.9  12.4  15.7  17.8  18.8  20.2  17.1  14.7  11.0  11.7   506   506   506   506   506   506   506   506   506   506   506   506 
1994   9.6  10.6  11.8  11.7  15.4  17.5  20.6  21.3  17.3  16.2  14.3  11.9   506   506   506   506   506   506   506   506   506   506   506   506 
1995  10.3  11.4  11.5  11.8  16.1  17.4  20.9  21.2  17.8  17.9  13.0  11.4   506   506   506   506   506   506   506   506   506   506   506   506 
1996  12.8   8.6  11.3  12.7  14.5  17.5  19.4  19.3  17.1  15.5  12.0   9.9   506   506   506   506   506   506   506   506   506   506   506   506 
1997   9.5  11.3  12.1  12.7  16.4  18.2  19.1  21.1  19.2  18.1  13.7  11.3   506   506   506   506   506   506   506   506   506   506   506   506 
1998  10.8  11.0  12.3  11.7  15.0  18.0  19.4  20.3  19.3  14.7  11.7   9.8   506   506   506   506   506   506   506   506   506   506   506   506 
1999  10.7   9.0  11.6  13.3  16.5  17.2  20.2  21.0  20.3  16.3  11.0  10.3   506   506   506   506   506   506   506   506   506   506   506   506 
2000   7.8  11.0  10.2  12.8  15.9  18.5  19.4  20.4  18.9  15.2  12.8  13.3   506   506   506   506   506   506   506   506   506   506   506   506 
2001  11.4  10.1  14.2  12.3  14.7  17.8  19.5  21.0  17.5  18.5  10.8   7.5   506   506   506   506   506   506   506   506   506   506   506   506 
2002  11.0  11.8  11.9  12.1  14.6  16.6  18.3  19.0  17.9  17.0  13.9  13.3   506   506   506   506   506   506   506   506   506   506   506   506 
2003   9.0   9.5  13.2  14.3  15.1  19.4  20.0  23.2  19.6  14.9  13.0  10.6   506   506   506   506   506   506   506   506   506   506   506   506 
2004  10.9   8.7   9.8  12.1  14.4  19.0  19.2  21.0  19.3  17.0  11.7  10.4   506   506   506   506   506   506   506   506   506   506   506   506 
2005   9.3   7.3  11.2  12.9  15.9  19.3  20.6  20.2  18.5  18.3  11.6   8.4   506   506   506   506   506   506   506   506   506   506   506   506 
2006   8.0   7.6  13.0  12.9  15.8  18.6  22.3  20.4  20.2  18.4  14.6   9.6   506   506   506   506   506   506   506   506   506   506   506   506 
2007  10.3  11.9  10.6  13.7  15.7  18.3  19.3  19.4  16.7  14.8  10.0   8.9   506   506   506   506   506   506   506   506   506   506   506   506 
2008  10.3  11.5  11.2  12.4  16.0  17.9  19.4  19.9  17.5  14.8  11.7   9.0   506   506   506   506   506   506   506   506   506   506   506   506 
2009   9.3   8.2  10.1  12.0  15.3  19.1  20.4  21.0  19.3  17.3  14.5  10.5   506   506   506   506   506   506   506   506   506   506   506   506 
2010   9.3   9.4  11.6  13.8  14.9  17.9  20.7  20.8  18.5  15.9  12.3   9.6   506   506   506   506   506   506   506   506   506   506   506   506 
2011   9.7  10.7  12.1  15.6  16.8  18.5  19.2  20.6  20.4  17.2  14.7  11.5   506   506   506   506   506   506   506   506   506   506   506   506 
2012  10.3   7.2  11.3  10.5  16.3  18.7  19.2  21.2  19.2  16.2  12.4  11.7   506   506   506   506   506   506   506   506   506   506   506   506 
2013  10.3   9.3  12.1  12.4  12.9  16.1  21.4  20.2  19.1  17.9  12.5  10.3   506   506   506   506   506   506   506   506   506   506   506   506 
2014  11.4  11.0  11.3  14.4  14.9  19.1  20.2  20.4  21.0  18.7  14.7  10.5   506   506   506   506   506   506   506   506   506   506   506   506 
2015   9.0   8.3  10.8  14.1  16.2  18.3  21.0  20.7  17.4  16.7  14.3  13.9   900   900   900   900   900   900   900   900   900   900   900   900 
2016  11.7  10.6  11.0  12.7  16.0  18.3  20.2  21.0  19.5  15.8  11.5  11.6   900   900   900   900   900   900   900   900   900   900   900   900 
2017   8.7  11.4  12.2  12.8  17.1  19.6  20.3  20.7  18.3  17.0  12.4   9.9   900   900   900   900   900   900   900   900   900   900   900   900 
2018  11.1   8.0  11.6  14.6  15.2  18.8  21.8  21.6  20.3  15.7  13.3  12.0   900   900   900   900   900   900   900   900   900   900   900   900 
2019   8.8  11.1  12.0  13.2  14.8  17.9  21.1  21.2  19.6  17.1  12.6  11.6   900   900   900   900   900   900   900   900   900   900   900   900 
2020  10.5  12.6 -99.0 -99.0  17.8  18.3  21.0  21.4  19.9  15.8  14.6  10.9   900   900   -99   -99   900   900   900   900   900   900   900   900 
