Number= 080440
Name= PONTEVEDRA
Country= SPAIN
Lat=   42.4
Long=    8.6
Height= 108
Start year= 1963
End year= 2020
First Good year= 1963
Source ID= 73
Source file= Jones
Jones data to= 2014
Normals source= Data
Normals source start year= 1963
Normals source end year= 1990
Normals=   9.9  10.6  11.9  13.3  15.6  18.8  20.8  20.6  19.2  16.1  12.5  10.4 
Standard deviations source= Data
Standard deviations source start year= 1963
Standard deviations source end year= 1990
Standard deviations=   1.1   1.1   1.1   1.3   1.5   1.2   1.3   1.1   1.2   1.2   1.4   1.2 
Obs:
1963 -99.0 -99.0 -99.0 -99.0 -99.0 -99.0 -99.0 -99.0 -99.0  17.7  13.4   9.1   -99   -99   -99   -99   -99   -99   -99   -99   -99   506   506   506 
1964   9.7  11.0  11.8  13.0  18.4  19.6  21.3  22.4  20.2  15.6  11.3   9.2   506   506   506   506   506   506   506   506   506   506   506   506 
1965   9.2   9.5  13.3  13.8  17.0  18.8  18.9  20.6  17.0  17.5  12.1  11.5   506   506   506   506   506   506   506   506   506   506   506   506 
1966  12.8  12.9  12.9  14.2  17.0  19.1  21.7  20.0  20.6  15.8  10.7  10.4   506   506   506   506   506   506   506   506   506   506   506   506 
1967   9.9  11.6  14.1  14.6  14.4  19.5  20.9  20.3  19.1  17.3  13.4  10.2   506   506   506   506   506   506   506   506   506   506   506   506 
1968  10.8  11.3  12.8  12.7  16.3  19.3  20.2  20.8  18.3  18.1  14.9  11.8   506   506   506   506   506   506   506   506   506   506   506   506 
1969  11.6   9.5  12.3  13.5  14.7  17.7  22.6  21.6  17.4  17.9  11.2   9.1   506   506   506   506   506   506   506   506   506   506   506   506 
1970  11.4   9.7  10.2  12.4  18.8  20.8  24.1  22.9  21.7  16.3  16.0   9.3   506   506   506   506   506   506   506   506   506   506   506   506 
1971  11.2  12.3  12.1  15.5  16.2  19.6  22.1  20.1  20.0  18.2  11.2  10.5   506   506   506   506   506   506   506   506   506   506   506   506 
1972   8.7   9.9  11.1  13.4  13.9  16.5  20.7  20.0  19.0  15.7  14.0  11.4   506   506   506   506   506   506   506   506   506   506   506   506 
1973   9.4  10.2  12.5  14.1  15.4  20.2  20.7  21.9  19.1  16.1  13.3   9.7   506   506   506   506   506   506   506   506   506   506   506   506 
1974  11.5  10.7  11.8  13.1  16.0  18.8  21.8  19.9  17.3  13.7  12.1  10.7   506   506   506   506   506   506   506   506   506   506   506   506 
1975  10.7  11.8  10.8  13.3  15.9  18.6  19.9  20.9  17.7  16.5  12.0   8.5   506   506   506   506   506   506   506   506   506   506   506   506 
1976   7.8  10.5  11.0  13.2  15.7  20.8  21.3  20.6  17.9  14.6  10.7  10.2   506   506   506   506   506   506   506   506   506   506   506   506 
1977   9.0  11.4  12.4  13.1  14.1  16.6  19.2  18.8  20.4  16.0  12.2  12.4   506   506   506   506   506   506   506   506   506   506   506   506 
1978   9.5  11.0  11.0  11.8  14.9  17.2  19.0  19.5  20.3  16.2  12.4  11.5   506   506   506   506   506   506   506   506   506   506   506   506 
1979   9.3  10.8  10.1  12.3  14.9  19.5  21.6  20.6  18.6  14.9  11.2  10.7   506   506   506   506   506   506   506   506   506   506   506   506 
1980   9.8  10.8  11.4  14.6  15.0  17.5  18.6  20.6  19.2  15.3  11.4   8.2   506   506   506   506   506   506   506   506   506   506   506   506 
1981   9.0   9.2  13.1  13.1  14.0  20.3  20.9  20.1  18.2  15.1  13.9  11.1   506   506   506   506   506   506   506   506   506   506   506   506 
1982  10.8  10.7  12.1  15.0  15.3  17.4  19.7  20.7  19.4  15.0  11.9   9.9   506   506   506   506   506   506   506   506   506   506   506   506 
1983   9.2   9.1  13.3  12.3  13.6  19.9  19.9  20.4  19.2  16.2  15.0  10.7   506   506   506   506   506   506   506   506   506   506   506   506 
1984   9.5   9.3  10.4  16.2  13.0  18.9  19.7  20.7  18.7  15.1  11.9  10.3   506   506   506   506   506   506   506   506   506   506   506   506 
1985 -99.0 -99.0 -99.0 -99.0 -99.0 -99.0 -99.0 -99.0 -99.0  17.0  11.6  10.4   -99   -99   -99   -99   -99   -99   -99   -99   -99   506   506   506 
1986   8.2   8.8  10.2   9.7  14.4  17.5  20.7  18.1  19.1  16.5  11.8  10.3   506   506   506   506   506   506   506   506   506   506   506   506 
1987   9.3  10.0  12.2  14.1  16.0  17.5  21.5  21.3  20.8  14.1  12.6  12.2   506   506   506   506   506   506   506   506   506   506   506   506 
1988  10.4  10.3  11.5  12.5  14.9  18.4  19.0  19.5  19.4  15.9  14.4   9.6   506   506   506   506   506   506   506   506   506   506   506   506 
1989  10.0  11.4  12.1  11.2  18.0  19.3  22.7  21.9  19.1  18.5  13.1  13.3   506   506   506   506   506   506   506   506   506   506   506   506 
1990   9.2  12.4  14.1  12.4  17.9  18.5  22.3  22.1  20.7  15.2  10.9   8.4   506   506   506   506   506   506   506   506   506   506   506   506 
1991   9.0   8.6  11.4  12.5  17.0  17.4  20.1  21.3  19.4  13.8  11.2  10.5   506   506   506   506   506   506   506   506   506   506   506   506 
1992   7.9  10.9  11.8  13.2  16.8  16.5  20.6  19.8  17.1  13.4  13.3  10.4   506   506   506   506   506   506   506   506   506   506   506   506 
1993  10.5  11.1  12.4  12.0  14.8  18.8  20.3  20.8  16.5  13.3  10.9  10.5   506   506   506   506   506   506   506   506   506   506   506   506 
1994   9.6   9.2  13.3  12.2  13.9  18.9  19.5  19.6  16.7  15.8  13.3  11.5   506   506   506   506   506   506   506   506   506   506   506   506 
1995  10.1  10.7  12.7  14.7  17.2  19.1  20.8  22.5  17.4  17.5  13.8  11.6   506   506   506   506   506   506   506   506   506   506   506   506 
1996  10.2   8.4  11.9  13.7  14.8  20.1  20.3  19.3  17.4  15.3  11.3  10.0   506   506   506   506   506   506   506   506   506   506   506   506 
1997   9.5  11.7  16.1  16.5  15.7  16.4  20.9  20.5  19.9  17.8  12.9  10.7   506   506   506   506   506   506   506   506   506   506   506   506 
1998  10.9  12.6  13.9  11.1  15.7  17.9  20.3  22.2  18.1  14.9  12.0   9.4   506   506   506   506   506   506   506   506   506   506   506   506 
1999  10.1   9.6  12.1  13.3  15.9  18.1  21.2  20.0  18.3  15.4  11.1   9.8   506   506   506   506   506   506   506   506   506   506   506   506 
2000   8.2  11.5  13.5  11.3  16.2  19.4  19.5  19.7  18.0  13.9  11.1  11.7   506   506   506   506   506   506   506   506   506   506   506   506 
2001  10.0  10.9  12.4  12.9  15.8  18.8  19.6  19.7  19.2  16.5  11.0   8.4   506   506   506   506   506   506   506   506   506   506   506   506 
2002  10.9  11.1  13.1  12.9  14.0  17.5  19.4  20.1  19.1  16.4  12.0  11.8   506   506   506   506   506   506   506   506   506   506   506   506 
2003   9.0   9.6  13.2  13.5  15.8  19.1  19.3  22.6  19.8  14.4  12.6  10.1   506   506   506   506   506   506   506   506   506   506   506   506 
2004  10.5  10.3  10.5  12.4  15.6  20.7  20.5  19.3  19.1  14.5  11.6   9.3   506   506   506   506   506   506   506   506   506   506   506   506 
2005   9.5   7.9  12.0  12.9  15.4  20.6  20.9  21.5  18.4  16.5  11.2   9.6   506   506   506   506   506   506   506   506   506   506   506   506 
2006   8.1   8.5  11.9  14.5  16.5  20.4  22.5  22.1  18.9  17.4  14.4   9.6   506   506   506   506   506   506   506   506   506   506   506   506 
2007  10.0  10.7  11.8  14.6  15.6  17.6  19.1  20.1  19.8  16.4  12.3   9.7   506   506   506   506   506   506   506   506   506   506   506   506 
2008  10.8  13.3  10.8  14.0  14.7  19.0  19.6  19.2  17.8  14.4  10.2   9.2   506   506   506   506   506   506   506   506   506   506   506   506 
2009   8.4  10.1  13.2  11.4  16.1  18.7  18.4  20.4  19.7  17.5  12.3   9.4   506   506   506   506   506   506   506   506   506   506   506   506 
2010   8.9   9.2  11.1  14.9  15.8  18.8  21.6  22.0  19.0  15.2  10.6   9.2   506   506   506   506   506   506   506   506   506   506   506   506 
2011   9.9  10.1  12.2  17.4  18.2  18.4  19.3  19.8  19.1  17.6  12.5   9.8   506   506   506   506   506   506   506   506   506   506   506   506 
2012   9.5   8.8  13.7  10.8  15.8  17.4  18.9  19.2  19.7  14.9  10.9  10.7   506   506   506   506   506   506   506   506   506   506   506   506 
2013   9.9   9.0  11.0  12.3  13.4  17.4  21.4  21.5  20.6  16.5  11.8   9.4   506   506   506   506   506   506   506   506   506   506   506   506 
2014  10.1   9.5  12.1  14.5  15.3  18.5  20.4  19.4  20.0  18.2  12.3   9.7   506   506   506   506   506   506   506   506   506   506   506   506 
2015   8.7   8.5  11.8  15.1  16.7  19.9  20.5  19.6  17.4  16.0  13.7  12.6   900   900   900   900   900   900   900   900   900   900   900   900 
2016  10.5   9.7  10.3  12.0  15.0  18.1  22.2  21.4  18.7  16.2  11.6  11.2   900   900   900   900   900   900   900   900   900   900   900   900 
2017   8.8  11.2  12.3  15.3  17.2  19.4  20.2  20.3  17.2  17.6  11.7   9.4   900   900   900   900   900   900   900   900   900   900   900   900 
2018   9.4   8.6   9.6  13.0  15.5  18.1  20.0  22.6  21.0  16.1  12.2  11.7   900   900   900   900   900   900   900   900   900   900   900   900 
2019   9.1  11.5  12.7  12.8  16.7  16.1  20.5  20.0  19.6  15.3  11.3  10.6   900   900   900   900   900   900   900   900   900   900   900   900 
2020   9.9  12.5  12.3  13.9  18.1  17.6  22.7  20.1  19.7  14.6  13.7   9.5   900   900   900   900   900   900   900   900   900   900   900   900 
