Number= 080480
Name= OURENSE
Country= SPAIN
Lat=   42.3
Long=    7.9
Height= 143
Start year= 1961
End year= 2020
First Good year= 1961
Source ID= 73
Source file= Jones
Jones data to= 2014
Normals source= Data
Normals source start year= 1961
Normals source end year= 1990
Normals=   7.2   9.0  10.9  12.5  15.5  19.4  21.8  21.6  19.5  15.0  10.2   7.9 
Standard deviations source= Data
Standard deviations source start year= 1961
Standard deviations source end year= 1990
Standard deviations=   1.5   1.6   1.2   1.3   1.5   1.3   1.4   1.3   1.5   1.2   1.4   2.0 
Obs:
1961   6.9  10.9  13.3  13.5  17.2  19.9  22.1  22.1  19.4  14.5  10.2   9.1   506   506   506   506   506   506   506   506   506   506   506   506 
1962   7.9   7.7  10.7  13.5  16.2  21.3  21.7  22.4  20.5  16.0   8.2   5.4   506   506   506   506   506   506   506   506   506   506   506   506 
1963   7.2   6.9  11.1  11.8  15.8  18.7  22.1  20.1  18.6  16.2  11.0   6.2   506   506   506   506   506   506   506   506   506   506   506   506 
1964   5.4   7.7   9.5  11.7  17.9  19.3  22.3  21.7  20.3  13.0   7.7   5.7   506   506   506   506   506   506   506   506   506   506   506   506 
1965   5.8   5.9  11.3  12.7  16.7  20.4  19.2  21.2  17.1  15.6  10.0   9.0   506   506   506   506   506   506   506   506   506   506   506   506 
1966  10.2  10.6  10.1  13.0  16.4  18.1  21.1  20.9  20.0  13.6   8.0   6.9   506   506   506   506   506   506   506   506   506   506   506   506 
1967   6.1   7.9  11.5  11.9  13.4  19.5  23.1  21.3  18.6  16.1   9.7   5.7   506   506   506   506   506   506   506   506   506   506   506   506 
1968   7.1 -99.0 -99.0 -99.0  15.7  19.4 -99.0 -99.0  17.7 -99.0 -99.0 -99.0   506   -99   -99   -99   506   506   -99   -99   506   -99   -99   -99 
1969 -99.0 -99.0 -99.0 -99.0 -99.0 -99.0 -99.0 -99.0 -99.0 -99.0 -99.0 -99.0   -99   -99   -99   -99   -99   -99   -99   -99   -99   -99   -99   -99 
1970 -99.0 -99.0 -99.0 -99.0 -99.0 -99.0 -99.0 -99.0 -99.0 -99.0 -99.0 -99.0   -99   -99   -99   -99   -99   -99   -99   -99   -99   -99   -99   -99 
1971 -99.0 -99.0 -99.0 -99.0 -99.0 -99.0 -99.0 -99.0 -99.0 -99.0 -99.0 -99.0   -99   -99   -99   -99   -99   -99   -99   -99   -99   -99   -99   -99 
1972 -99.0 -99.0 -99.0 -99.0 -99.0 -99.0 -99.0  19.9  18.0  13.9  11.9   8.5   -99   -99   -99   -99   -99   -99   -99   506   506   506   506   506 
1973   6.1   7.9   9.5  11.6  14.6  19.0  20.2  22.8  18.6  13.7   9.0   5.9   506   506   506   506   506   506   506   506   506   506   506   506 
1974   9.0   8.0  11.5  11.3  14.9  18.5  21.0  19.5  16.3  11.6  10.3   7.0   506   506   506   506   506   506   506   506   506   506   506   506 
1975   7.1   9.6   8.5  12.0  14.3  19.0  21.2  21.7  18.5  16.0  10.3   5.6   506   506   506   506   506   506   506   506   506   506   506   506 
1976   4.3   9.2  10.8  12.9  17.4  23.5  23.8  23.0  18.8  15.4   9.1  10.0   506   506   506   506   506   506   506   506   506   506   506   506 
1977   7.0  10.0  11.1  12.4  14.1  16.4  19.1  19.0  20.6  14.5  10.3   9.7   506   506   506   506   506   506   506   506   506   506   506   506 
1978   6.8   9.6  10.8  11.0  14.3  17.1  20.6  21.6  21.0  14.8  10.2  10.2   506   506   506   506   506   506   506   506   506   506   506   506 
1979   8.3  10.3  10.0  12.2  16.0  20.5  23.6  21.4  19.9  14.4   9.1   9.1   506   506   506   506   506   506   506   506   506   506   506   506 
1980   8.4   9.9  10.9  13.4  15.3  18.6  20.5  22.7  19.6  14.8   9.6   5.1   506   506   506   506   506   506   506   506   506   506   506   506 
1981   5.6   6.5  12.1  11.8  14.7  20.5  21.9  23.5  20.2  16.1  11.8  11.5   506   506   506   506   506   506   506   506   506   506   506   506 
1982  11.0  11.4  12.2  14.8  15.8 -99.0  21.7  22.3 -99.0 -99.0 -99.0 -99.0   506   506   506   506   506   -99   506   506   -99   -99   -99   -99 
1983 -99.0 -99.0  12.2  11.3  13.1  20.0  21.5  20.6  20.4  15.5  13.9   7.6   -99   -99   506   506   506   506   506   506   506   506   506   506 
1984   8.2   7.5   8.7  16.3  12.0  19.3  21.8  20.8  18.1  15.0  10.8   8.4   506   506   506   506   506   506   506   506   506   506   506   506 
1985   5.8   9.8   9.6  13.4  14.4  18.7  22.5  20.4  22.4  15.9   9.8   8.0   506   506   506   506   506   506   506   506   506   506   506   506 
1986   7.1   8.3  10.2   9.3  16.0  18.6  22.7  20.1  20.2  16.3  10.2   7.7   506   506   506   506   506   506   506   506   506   506   506   506 
1987   6.8   8.6  11.7  13.6  15.8  18.7  22.3  23.5  22.0  13.7  10.9  10.2   506   506   506   506   506   506   506   506   506   506   506   506 
1988   9.7   9.1  11.0  12.6  15.6  18.9  20.4  21.6  19.7  15.7  11.7   6.2   506   506   506   506   506   506   506   506   506   506   506   506 
1989   6.1   9.3  12.4  11.5  18.5  20.3  25.0  23.3  19.0  17.1  11.8  11.9   506   506   506   506   506   506   506   506   506   506   506   506 
1990   7.3  12.3  12.5  12.1  17.9  19.7  24.3  24.2  21.8  15.3   9.6   6.2   506   506   506   506   506   506   506   506   506   506   506   506 
1991   7.6   7.4  11.3  12.3  16.4  19.6  22.8  24.2  21.0  13.1  10.6   7.0   506   506   506   506   506   506   506   506   506   506   506   506 
1992   4.8   8.4  11.4  13.1  17.5  17.2  23.1  21.7  18.1  13.4  12.8   8.5   506   506   506   506   506   506   506   506   506   506   506   506 
1993   8.2   8.3  11.0  12.1  14.9  20.1  21.2  22.2  17.0  12.7   9.5   9.9   506   506   506   506   506   506   506   506   506   506   506   506 
1994   8.6   8.1  13.7  12.3  15.4  20.1  23.3  22.5  17.1  15.9  11.6   9.8   506   506   506   506   506   506   506   506   506   506   506   506 
1995   8.8  10.2  11.9  14.4  17.7  20.4  22.6  23.0  17.8  17.7  12.6   9.9   506   506   506   506   506   506   506   506   506   506   506   506 
1996   9.5   8.2  11.2  14.1  15.6  21.8  23.1  21.2  18.6  15.0  10.6   8.8   506   506   506   506   506   506   506   506   506   506   506   506 
1997   7.8  11.3  14.8  16.5  16.2  17.6  22.1  22.8  21.3  18.1  12.6   9.7   506   506   506   506   506   506   506   506   506   506   506   506 
1998  10.2  11.2  13.6  11.4  16.6  20.0  22.4  24.9  19.6  15.2  10.8   6.8   506   506   506   506   506   506   506   506   506   506   506   506 
1999   8.4   8.2  11.4  13.5  16.9  19.5  23.9  22.2  19.1  15.4   9.9   8.2   506   506   506   506   506   506   506   506   506   506   506   506 
2000   5.5  11.1  12.2  11.8  17.7  21.1  21.5  21.8  19.6  14.5  10.6  11.1   506   506   506   506   506   506   506   506   506   506   506   506 
2001   9.7  10.1  13.3  13.3  17.1  20.9  21.9  22.5  19.5  16.7   9.1   4.8   506   506   506   506   506   506   506   506   506   506   506   506 
2002   9.1  10.5  12.6  13.4  14.8  20.1  22.1  21.8  20.0  16.5  11.6  10.9   506   506   506   506   506   506   506   506   506   506   506   506 
2003   7.7   8.6  13.4  14.2  17.1  22.2  22.2  25.5  21.3  14.6  11.9   8.9   506   506   506   506   506   506   506   506   506   506   506   506 
2004   9.9   9.2  10.7  12.7  16.6  23.8  23.1  22.0  20.7  15.4   9.9   7.2   506   506   506   506   506   506   506   506   506   506   506   506 
2005   7.7   6.9  11.7  13.9  16.8  22.9  23.2  23.4  20.2  16.8  10.7   7.4   506   506   506   506   506   506   506   506   506   506   506   506 
2006   6.2   7.6  12.6  15.3  18.2  22.3  24.8  23.1  21.5  17.2  13.7   8.1   506   506   506   506   506   506   506   506   506   506   506   506 
2007   9.1  10.4  11.3  15.0  16.7  19.0  21.1  21.7  20.8  16.4   9.7   7.2   506   506   506   506   506   506   506   506   506   506   506   506 
2008   9.5  11.6  11.2  14.3  16.2  20.6  21.6  22.3  19.2  15.0   9.4   8.0   506   506   506   506   506   506   506   506   506   506   506   506 
2009   8.3   9.2  12.8  12.4  17.0  21.2  21.0  23.0  21.1  17.8  12.7   8.5   506   506   506   506   506   506   506   506   506   506   506   506 
2010   8.2   8.8  11.0  15.2  16.6  20.5  24.2  24.4  20.6  15.2  10.4   7.5   506   506   506   506   506   506   506   506   506   506   506   506 
2011   9.0   9.5  11.4  17.4  19.2  20.1  21.4  22.7  21.7  17.2  12.3   8.6   506   506   506   506   506   506   506   506   506   506   506   506 
2012   7.6   7.7  13.5  11.8  17.3  19.7  21.9  21.8  21.1  15.7  10.4  10.0   506   506   506   506   506   506   506   506   506   506   506   506 
2013   8.8   8.8  11.4  13.5  14.3  18.9  25.0  23.8  21.5  17.0  10.4   7.8   506   506   506   506   506   506   506   506   506   506   506   506 
2014  10.1   9.5  12.0  15.5  16.3  20.2  22.9  21.9  21.1  18.5  12.1   8.2   506   506   506   506   506   506   506   506   506   506   506   506 
2015   7.1   8.1  12.0  15.3  18.1  22.5  24.4  22.8  19.4  16.1  13.1  11.6   900   900   900   900   900   900   900   900   900   900   900   900 
2016  10.3   9.6  10.9  13.0  16.3  20.7  24.5  24.5  21.4  17.0  10.4   8.8   900   900   900   900   900   900   900   900   900   900   900   900 
2017   6.9  11.0  12.6  16.0  19.0  22.6  23.7  23.7  19.4  18.4  10.2   8.0   900   900   900   900   900   900   900   900   900   900   900   900 
2018   9.2   7.7   9.7  14.2  17.3  20.7  23.1  24.9  23.4  15.8  11.6  10.2   900   900   900   900   900   900   900   900   900   900   900   900 
2019   6.8  10.3  12.3  13.0  17.3  18.3  23.7  22.9  20.6  16.0  11.5   9.1   900   900   900   900   900   900   900   900   900   900   900   900 
2020   8.2  12.4  12.7  14.9  20.0  19.9  25.2  22.7  20.7  14.6  13.1   8.9   900   900   900   900   900   900   900   900   900   900   900   900 
