Number= 084100
Name= CORDOBA AEROPUERTO
Country= SPAIN
Lat=   37.8
Long=    4.8
Height= 90
Start year= 1959
End year= 2020
First Good year= 1959
Source ID= 73
Source file= Jones
Jones data to= 2014
Normals source= Data
Normals source start year= 1961
Normals source end year= 1990
Normals=   9.4  10.9  13.1  15.2  19.1  23.2  26.9  26.8  23.9  18.6  12.9   9.7 
Standard deviations source= Data
Standard deviations source start year= 1959
Standard deviations source end year= 1990
Standard deviations=   1.2   1.2   1.3   1.2   1.6   1.5   1.0   1.0   1.6   1.4   1.4   1.6 
Obs:
1959 -99.0 -99.0 -99.0  15.2  18.2  23.8  27.1  26.1  23.1  18.0  13.1  10.0   -99   -99   -99   506   506   506   506   506   506   506   506   506 
1960   8.8  11.8  13.6  16.8  20.9  25.6  26.5  25.2  22.9  15.7  13.2   8.1   506   506   506   506   506   506   506   506   506   506   506   506 
1961   8.4  13.4  15.3  16.9  21.2  23.6  26.8  27.5  24.2  17.7  12.6  10.8   506   506   506   506   506   506   506   506   506   506   506   506 
1962  10.7   9.6  12.7  16.1  19.3  23.6  26.6  27.7  25.2  19.8  10.3   8.5   506   506   506   506   506   506   506   506   506   506   506   506 
1963  10.2   9.3  13.1  16.1  19.8 -99.0  26.6  25.7  21.6  19.3  13.9  10.0   506   506   506   506   506   -99   506   506   506   506   506   506 
1964   9.3  10.9  12.8  15.3  22.8  24.3  26.9  26.6  26.1  17.2  12.3   8.4   506   506   506   506   506   506   506   506   506   506   506   506 
1965   8.4   9.3  14.3 -99.0  21.9  26.4  26.7  27.0  21.0 -99.0   9.6   9.7   506   506   506   -99   506   506   506   506   506   -99   506   506 
1966  11.8  12.4  12.4  16.6  21.2  23.6  26.3  26.7  24.6  17.4  10.1   8.8   506   506   506   506   506   506   506   506   506   506   506   506 
1967   8.1  11.3  14.7  15.2  18.5  22.4  27.3  26.4  22.9  19.6  13.6   7.2   506   506   506   506   506   506   506   506   506   506   506   506 
1968   8.0  11.0  12.7  15.3  18.7  23.5  27.3  25.9  23.6  20.3  13.3  10.2   506   506   506   506   506   506   506   506   506   506   506   506 
1969  10.7   9.6  13.0  15.4  18.6  22.6  27.8  26.7  20.4  18.4  13.1   7.5   506   506   506   506   506   506   506   506   506   506   506   506 
1970  11.1  11.1  11.9  15.9  18.8  22.4  27.7  26.2  24.7  17.5  14.5   7.3   506   506   506   506   506   506   506   506   506   506   506   506 
1971   8.6  10.8  10.6  14.5  16.3  20.9  26.4  25.2  23.8  20.5  10.9   9.6   506   506   506   506   506   506   506   506   506   506   506   506 
1972   8.2  10.6  12.3  15.2  17.7  21.8  25.5  25.7  20.8  16.8  13.4   8.9   506   506   506   506   506   506   506   506   506   506   506   506 
1973   8.3   8.9 -99.0  15.0  18.9 -99.0  25.9  27.7  23.2  17.6  13.9   7.8   506   506   -99   506   506   -99   506   506   506   506   506   506 
1974 -99.0   9.7  11.2  13.1  19.3  22.6  27.6  27.1  22.8  16.0  13.0  10.0   -99   506   506   506   506   506   506   506   506   506   506   506 
1975   9.9  11.6  11.5  14.5  16.9  21.8  27.1  27.4  21.7  19.2  12.7   9.5   506   506   506   506   506   506   506   506   506   506   506   506 
1976   8.1  11.3  12.4  13.6  19.3  24.7  27.4  26.8  22.2  16.1  10.3  11.1   506   506   506   506   506   506   506   506   506   506   506   506 
1977  10.2  11.7  13.8  16.7  18.7  21.3  24.5  24.0  24.3  18.8  12.6  12.8   506   506   506   506   506   506   506   506   506   506   506   506 
1978   9.3  11.9  13.0  14.3  17.3  20.1  26.6  26.3  25.4  18.4  12.9  12.3   506   506   506   506   506   506   506   506   506   506   506   506 
1979  11.7  11.2  12.2  14.6  19.6  24.0  26.6  27.2  23.4  17.4  12.8   9.3   506   506   506   506   506   506   506   506   506   506   506   506 
1980   9.5  11.5  13.0  15.7  18.2  23.4  25.9  27.9  26.0  18.3  12.7   8.0   506   506   506   506   506   506   506   506   506   506   506   506 
1981   8.0   9.6  15.1  14.7  18.2  25.6  26.8  26.4  24.0  20.4  15.4  11.5   506   506   506   506   506   506   506   506   506   506   506   506 
1982  11.0  11.2  13.9 -99.0  20.1 -99.0  25.7  26.7  23.4  17.1  12.9   8.2   506   506   506   -99   506   -99   506   506   506   506   506   506 
1983   8.9 -99.0  14.6  14.7  17.5  25.1  25.2  25.8  26.4  20.8  15.7  10.2   506   -99   506   506   506   506   506   506   506   506   506   506 
1984   8.6   9.1  11.0  17.0  15.4  21.9  27.3  26.5  24.1  17.8  13.3  10.4   506   506   506   506   506   506   506   506   506   506   506   506 
1985   7.6  12.9  11.7  16.4  17.7  23.8  27.4  27.5  26.5  20.9  13.1   9.9   506   506   506   506   506   506   506   506   506   506   506   506 
1986   9.6 -99.0  12.6  12.1  21.2  23.7  27.4  26.5  24.7  19.5  13.3   8.7   506   -99   506   506   506   506   506   506   506   506   506   506 
1987   8.6  10.8  14.5  16.8  19.7  24.2  26.5  26.7  26.1  17.4  12.5  12.4   506   506   506   506   506   506   506   506   506   506   506   506 
1988  10.5  10.5  13.8  16.1  18.8  21.7  27.3  27.8  24.8  18.9  14.8   8.3   506   506   506   506   506   506   506   506   506   506   506   506 
1989   9.2  11.8  14.5  14.3  20.2  24.5  29.6  28.5  24.2  20.4  15.0  13.4   506   506   506   506   506   506   506   506   506   506   506   506 
1990   9.6  13.0  14.9  14.8  20.3  23.9  28.8  28.4  25.8  18.6  12.5   8.8   506   506   506   506   506   506   506   506   506   506   506   506 
1991   8.6   8.9  13.6  14.9  18.6  25.1  27.9  28.8  24.9  16.3  12.0  10.4   506   506   506   506   506   506   506   506   506   506   506   506 
1992   7.3  10.0  13.6  16.3  20.7  20.2  27.4  27.8  23.8  16.0  13.0  10.0   506   506   506   506   506   506   506   506   506   506   506   506 
1993   7.9  10.6  14.1  15.0  18.0  23.5  28.6  27.8  22.0  16.1  12.5   9.5   506   506   506   506   506   506   506   506   506   506   506   506 
1994   8.7  10.3  15.6  14.7  19.7  25.4  29.4  29.0  22.8  19.7  14.8   9.8   506   506   506   506   506   506   506   506   506   506   506   506 
1995   8.9  12.3  14.3  17.1  22.7  24.9  28.8  29.1  22.8  21.7  15.9  12.7   506   506   506   506   506   506   506   506   506   506   506   506 
1996  11.5   9.9  13.9  17.2  19.0  25.7  27.8  26.1  21.9  18.2  13.5  11.4   506   506   506   506   506   506   506   506   506   506   506   506 
1997  10.8  13.4  16.7  19.1  20.0  22.3  26.0  26.6  25.0  20.5  14.0  10.9   506   506   506   506   506   506   506   506   506   506   506   506 
1998  10.3  13.3  16.0  15.3  18.9  24.6  28.1  28.4  24.3  17.8  13.7   8.7   506   506   506   506   506   506   506   506   506   506   506   506 
1999   8.8   9.4  14.2  17.8  21.4  25.5  27.9  27.8  23.2  19.4  11.2  10.1   506   506   506   506   506   506   506   506   506   506   506   506 
2000   8.0  12.7  14.6  14.2  20.6  25.6  27.6  27.9  24.9  18.6  12.6  11.3   506   506   506   506   506   506   506   506   506   506   506   506 
2001  10.5  11.7  15.3  17.1  19.5  25.6  26.2  28.0  24.2  20.2  12.2   9.9   506   506   506   506   506   506   506   506   506   506   506   506 
2002  10.5  11.5  14.8  16.0  19.2  24.7  27.3  26.5  23.0  19.1  13.7  12.1   506   506   506   506   506   506   506   506   506   506   506   506 
2003   8.9   9.9  15.0  16.5  21.7  26.9  27.9  29.6  25.2  18.8  14.1  10.4   506   506   506   506   506   506   506   506   506   506   506   506 
2004  10.5  11.7  13.0  15.3  18.2  26.7  28.3  28.0  25.2  19.5  12.7   9.5   506   506   506   506   506   506   506   506   506   506   506   506 
2005   7.4   8.2  14.0  17.0  22.0  26.9  28.4  28.5  23.9  19.4  12.5  10.3   506   506   506   506   506   506   506   506   506   506   506   506 
2006   8.6  10.1  14.0  18.2  22.1  25.8  29.4  28.7  25.5  21.2  15.9   9.9   506   506   506   506   506   506   506   506   506   506   506   506 
2007   9.3  12.8  13.3  16.4  19.9  23.7  28.4  27.5  25.1  19.6  13.3  10.5   506   506   506   506   506   506   506   506   506   506   506   506 
2008  11.0  13.5  14.1  17.0  19.1  25.2  27.6  28.1  23.5  18.9  11.5   8.8   506   506   506   506   506   506   506   506   506   506   506   506 
2009   9.1  11.2  14.7  15.5  21.0  26.1  28.4  29.1  24.2  21.7  15.1  10.6   506   506   506   506   506   506   506   506   506   506   506   506 
2010  10.0  11.3  13.3  17.7  19.6  23.8  29.3  29.4  24.7  17.9  11.9  11.0   506   506   506   506   506   506   506   506   506   506   506   506 
2011  10.1  10.9  13.8  18.8  21.9  25.4  27.5  28.2  24.8  20.9  14.0  10.0   506   506   506   506   506   506   506   506   506   506   506   506 
2012   9.0   8.1  14.2  15.6  22.2  26.9  28.2  29.4  24.8  19.4  14.5  11.1   506   506   506   506   506   506   506   506   506   506   506   506 
2013   9.9   9.9  13.2  16.9  19.1  24.0  28.0  28.5  25.1  20.5  11.8   9.5   506   506   506   506   506   506   506   506   506   506   506   506 
2014  10.4  10.7  13.5  18.0  21.2  24.5  27.0  27.5  24.8  21.0  14.8   9.2   506   506   506   506   506   506   506   506   506   506   506   506 
2015   8.2  10.0  13.9  18.1  23.2  26.1  30.5  28.4  23.6  20.1  15.0  12.3   900   900   900   900   900   900   900   900   900   900   900   900 
2016  11.7  11.5  12.2  16.2  19.3  25.7  30.0  29.7  25.9  20.8  13.4  11.3   900   900   900   900   900   900   900   900   900   900   900   900 
2017   8.7  12.4  14.8  18.5  21.6  28.4  28.9  29.4  25.2  22.7  13.7   9.4   900   900   900   900   900   900   900   900   900   900   900   900 
2018   9.4   9.4  12.2  16.2  19.5  24.6  26.6  29.9  26.7  19.2  13.4  11.1   900   900   900   900   900   900   900   900   900   900   900   900 
2019   8.9  11.7  14.6  15.5  22.6  24.3  28.1  28.7  25.2  20.1  13.1  12.6   900   900   900   900   900   900   900   900   900   900   900   900 
2020  10.2  14.1  14.6  16.8  22.3  24.7  30.7  28.3  24.6  17.9  15.2  10.1   900   900   900   900   900   900   900   900   900   900   900   900 
