Number= 085060
Name= HORTA
Country= ACORES
Lat=   38.5
Long=   28.6
Height= 60
Start year= 1901
End year= 2012
First Good year= 1901
Source ID= 10
Source file= Jones
Jones data to= 2012
Normals source= Data
Normals source start year= 1961
Normals source end year= 1990
Normals=  14.2  13.6  14.1  14.9  16.5  18.7  21.1  22.3  21.3  19.0  16.7  15.1 
Standard deviations source= Data
Standard deviations source start year= 1941
Standard deviations source end year= 1990
Standard deviations=   0.7   0.8   0.6   0.5   0.6   0.7   0.8   0.6   0.8   0.9   0.8   0.8 
Obs:
1901  13.4  14.5  14.1  14.9  16.2  18.5  22.0  22.6  21.2  19.8  16.8  15.4   506   506   506   506   506   506   506   506   506   506   506   506 
1902  13.8  13.7  14.3  14.7  16.8  18.4  20.8  21.2  20.6  19.1  16.4  15.2   506   506   506   506   506   506   506   506   506   506   506   506 
1903  13.5  14.1  13.7  15.5  16.4  18.3  21.5  22.5  20.1  18.6  16.9  15.2   506   506   506   506   506   506   506   506   506   506   506   506 
1904  15.2  13.7  13.3  15.6  15.7  17.5  19.1  20.2  19.4  17.8  16.7  15.1   506   506   506   506   506   506   506   506   506   506   506   506 
1905  14.1  14.1  13.9  15.7  17.3  19.0  22.0  22.0  20.7  19.2  17.4  15.1   506   506   506   506   506   506   506   506   506   506   506   506 
1906  15.1  14.2  14.2  15.7  16.1  18.8  21.6  22.1  21.5  18.2  16.8  15.7   506   506   506   506   506   506   506   506   506   506   506   506 
1907  15.0  14.4  14.7  17.5  16.2  19.1  21.6  22.6  22.1  19.7  16.0  14.7   506   506   506   506   506   506   506   506   506   506   506   506 
1908  13.3  13.9  14.4  15.3  16.8  19.9  22.3  23.2  22.0  17.7  16.1  15.5   506   506   506   506   506   506   506   506   506   506   506   506 
1909  14.9  14.4  15.1  15.6  16.7  18.8  22.3  23.3  21.3  20.1  16.7  15.8   506   506   506   506   506   506   506   506   506   506   506   506 
1910  14.8  14.7  14.3  15.6  17.6  19.0  22.2  22.6  21.2  19.1  18.0  16.1   506   506   506   506   506   506   506   506   506   506   506   506 
1911  15.6  15.4  15.4  15.7  18.1  19.4  21.1  22.3  20.1  18.5  16.3  15.3   506   506   506   506   506   506   506   506   506   506   506   506 
1912  14.0  13.3  14.0  15.1  16.7  19.8  21.6  23.1  22.0  19.5  18.1  15.3   506   506   506   506   506   506   506   506   506   506   506   506 
1913  13.6  14.1  13.8  14.7  17.6  19.9  22.0  22.7  21.3  17.7  17.2  16.5   506   506   506   506   506   506   506   506   506   506   506   506 
1914  14.7  13.6  14.8  14.9  16.7  19.5  21.9  22.7  21.7  19.7  16.2  14.1   506   506   506   506   506   506   506   506   506   506   506   506 
1915  14.2  14.6  14.7  15.5  17.1  18.8  22.6  22.0  21.3  19.1  17.1  15.3   506   506   506   506   506   506   506   506   506   506   506   506 
1916  14.9  14.5  14.2  15.8  17.5  19.2  21.4  22.0  21.2  19.9  17.3  14.8   506   506   506   506   506   506   506   506   506   506   506   506 
1917  13.9  14.5  13.8  15.4  16.2  17.3  21.3  22.0  21.0  19.1  17.8  15.2   506   506   506   506   506   506   506   506   506   506   506   506 
1918  13.8  13.7  14.2  14.6  16.4  18.5  20.8  21.7  19.9  19.0  17.4  16.9   506   506   506   506   506   506   506   506   506   506   506   506 
1919  15.3  14.5  14.6  15.3  16.0  19.8  21.2  22.4  21.5  20.6  16.9  16.3   506   506   506   506   506   506   506   506   506   506   506   506 
1920  15.5  12.9  14.0  15.1  16.5  19.1  20.8  21.4  20.8  18.1  16.4  14.8   506   506   506   506   506   506   506   506   506   506   506   506 
1921  14.6  13.5  13.8  14.9  17.2  19.0  21.5  22.2  20.9  18.4  16.4  15.3   506   506   506   506   506   506   506   506   506   506   506   506 
1922  13.8  13.4  13.8  14.8  16.8  18.9  21.9  22.5  21.7  18.4  17.7  15.5   506   506   506   506   506   506   506   506   506   506   506   506 
1923  15.4  14.1  13.9  14.8  16.1  18.6  21.2  22.4  21.5  19.7  16.3  15.7   506   506   506   506   506   506   506   506   506   506   506   506 
1924  14.1  13.4  14.7  15.1  15.7  18.3  20.1  22.1  21.1  19.8  15.9  15.6   506   506   506   506   506   506   506   506   506   506   506   506 
1925  13.0  13.7  13.3  14.8  16.8  19.7  22.5  22.7  21.7  19.8  16.7  14.8   506   506   506   506   506   506   506   506   506   506   506   506 
1926  14.0  13.9  14.1  14.6  16.4  19.2  20.4  21.9  20.9  18.6  16.2  15.2   506   506   506   506   506   506   506   506   506   506   506   506 
1927  14.4  14.2  14.3  16.2  16.6  18.3  20.4  21.6  21.5  18.6  15.9  15.0   506   506   506   506   506   506   506   506   506   506   506   506 
1928  15.1  14.2  14.0  14.2  16.0  17.7  21.3  20.7  19.1  18.3  16.9  16.0   506   506   506   506   506   506   506   506   506   506   506   506 
1929  14.6  13.7  13.7  14.7  16.4  18.1  20.4  22.0  21.2  19.3  18.1  16.2   506   506   506   506   506   506   506   506   506   506   506   506 
1930  13.7  14.0  14.3  14.4  17.1  20.0  21.6  22.3  21.5  18.3  17.1  15.7   506   506   506   506   506   506   506   506   506   506   506   506 
1931  14.8  15.5  14.5  15.0  17.0  18.0  21.0  22.6  20.7  19.6  17.0  16.3   506   506   506   506   506   506   506   506   506   506   506   506 
1932  15.4  14.6  14.8  15.3  16.4  19.7  20.8  22.6  21.3  19.0  15.9  14.4   506   506   506   506   506   506   506   506   506   506   506   506 
1933  13.8  14.4  14.7  15.1  17.1  19.8  22.7  22.8  21.9  19.1  16.9  15.0   506   506   506   506   506   506   506   506   506   506   506   506 
1934  14.2  13.7  14.7  13.6  16.8  19.3  21.5  23.6  20.5  19.3  16.6  15.3   506   506   506   506   506   506   506   506   506   506   506   506 
1935  14.6  14.6  14.9  15.3  16.6  17.9  20.5  22.1  21.1  19.2  16.6  16.4   506   506   506   506   506   506   506   506   506   506   506   506 
1936  14.3  13.1  13.5  14.2  16.0  18.5  21.3  22.4  21.2  18.6  17.3  14.8   506   506   506   506   506   506   506   506   506   506   506   506 
1937  12.7  14.4  14.0  15.0  16.4  18.6  22.4  23.2  22.3  19.1  15.6  15.2   506   506   506   506   506   506   506   506   506   506   506   506 
1938  15.1  14.1  14.7  15.8  17.5  19.9  22.2  23.6  21.9  20.6  17.7  16.1   506   506   506   506   506   506   506   506   506   506   506   506 
1939  14.7  15.0  14.3  15.5  17.0  20.3  21.8  22.9  20.7  18.0  16.9  15.8   506   506   506   506   506   506   506   506   506   506   506   506 
1940  15.0  13.8  15.1  15.2  15.7  18.6  21.1  21.7  20.9  19.1  17.3  16.0   506   506   506   506   506   506   506   506   506   506   506   506 
1941  14.5  14.4  14.4  14.8  16.9  20.1  21.7  22.6  21.4  18.9  16.8  16.0   506   506   506   506   506   506   506   506   506   506   506   506 
1942  14.8  14.5  13.6  14.5  15.5  18.3  20.3  23.1  22.6  19.2  16.6  14.9   506   506   506   506   506   506   506   506   506   506   506   506 
1943  14.1  14.3  13.3  15.4  15.9  19.8  20.6  22.4  19.5  17.3  17.5  16.3   506   506   506   506   506   506   506   506   506   506   506   506 
1944  15.5  14.8  15.0  15.6  16.5  19.6  20.8  22.1  21.1  19.4  18.3  16.1   506   506   506   506   506   506   506   506   506   506   506   506 
1945  15.6  15.8  16.1  14.7  16.2  18.7  20.6  22.2  20.5  18.1  15.6  15.0   506   506   506   506   506   506   506   506   506   506   506   506 
1946  13.6  15.1  13.8  15.4  16.0  19.3  20.9  21.9  20.9  17.1  15.1  15.1   506   506   506   506   506   506   506   506   506   506   506   506 
1947  12.4  14.0  13.8  15.0  16.0  17.9  20.2  21.2  20.4  19.9  19.0  17.3   506   506   506   506   506   506   506   506   506   506   506   506 
1948  15.2  13.6  14.5  15.1  15.6  18.9  20.9  21.8  22.1  20.4  16.8  14.9   506   506   506   506   506   506   506   506   506   506   506   506 
1949  14.3  14.4  14.2  15.3  17.1  19.4  21.9  22.5  20.7  18.0  17.0  14.4   506   506   506   506   506   506   506   506   506   506   506   506 
1950  13.4  14.0  13.9  14.8  16.2  18.0  20.8  22.1  22.4  19.1  16.8  15.8   506   506   506   506   506   506   506   506   506   506   506   506 
1951  15.2  14.1  14.7  16.2  17.5  19.1  21.4  23.6  22.0  19.2  16.3  15.6   506   506   506   506   506   506   506   506   506   506   506   506 
1952  14.8  15.4  14.4  15.4  16.7  18.7  22.2  22.4  22.0  19.3  17.2  16.6   506   506   506   506   506   506   506   506   506   506   506   506 
1953  14.6  14.3  14.6  15.4  16.8  19.2  23.2  23.6  21.6  18.9  17.3  14.4   506   506   506   506   506   506   506   506   506   506   506   506 
1954  14.5  14.2  14.4  14.8  16.1  18.8  21.5  22.6  22.7  20.4  17.0  15.5   506   506   506   506   506   506   506   506   506   506   506   506 
1955  15.4  14.0  13.2  15.3  17.5  19.5  22.4  22.6  22.4  20.0  16.2  16.0   506   506   506   506   506   506   506   506   506   506   506   506 
1956  13.8  14.2  13.9  14.7  17.1  19.7  21.7  22.7  21.0  18.9  17.0  15.2   506   506   506   506   506   506   506   506   506   506   506   506 
1957  14.4  12.9  13.8  15.0  17.4  18.4  20.6  22.7  21.9  19.4  16.6  14.9   506   506   506   506   506   506   506   506   506   506   506   506 
1958  14.6  14.2  14.9  14.8  16.5  19.2  21.4  22.2  20.0  19.4  17.0  14.7   506   506   506   506   506   506   506   506   506   506   506   506 
1959  13.8  13.2  12.6  14.2  17.1  20.2  21.1  22.7  21.2  18.4  16.0  15.5   506   506   506   506   506   506   506   506   506   506   506   506 
1960  14.1  12.8  13.4  15.3  16.0  19.1  21.6  22.7  21.6  18.9  16.4  15.1   506   506   506   506   506   506   506   506   506   506   506   506 
1961  15.4  14.3  14.5  15.8  15.8  19.2  21.4  22.7  21.1  19.0  17.2  14.8   506   506   506   506   506   506   506   506   506   506   506   506 
1962  13.7  13.9  14.3  15.0  16.0  18.8  20.5  21.5  20.5  18.6  16.9  15.1   506   506   506   506   506   506   506   506   506   506   506   506 
1963  13.0  13.2  13.4  14.6  16.8  18.4  21.0  22.6  21.7  19.8  16.0  14.0   506   506   506   506   506   506   506   506   506   506   506   506 
1964  13.2  13.2  12.8  15.0  16.7  17.2  20.0  21.3  20.8  18.6  18.0  16.0   506   506   506   506   506   506   506   506   506   506   506   506 
1965  15.3  14.2  14.6  15.8  17.6  19.0  20.9  21.9  22.0  18.3  15.7  15.6   506   506   506   506   506   506   506   506   506   506   506   506 
1966  14.2  12.4  14.4  14.6  16.4  17.8  20.6  21.8  20.8  19.0  16.5  16.0   506   506   506   506   506   506   506   506   506   506   506   506 
1967  14.6  13.9  15.4  15.9  16.1  19.4  21.3  22.2  22.2  20.2  16.9  16.8   506   506   506   506   506   506   506   506   506   506   506   506 
1968  14.9  14.2  14.1  14.8  16.6  18.6  20.0  21.6  20.7  18.2  14.6  14.4   506   506   506   506   506   506   506   506   506   506   506   506 
1969  13.6  12.8  13.4  14.8  15.0  17.9  21.3  21.7  21.4  18.8  16.0  14.8   506   506   506   506   506   506   506   506   506   506   506   506 
1970  13.4  13.1  13.9  15.7  16.7  18.2  20.6  22.8  21.4  19.6  16.9  15.0   506   506   506   506   506   506   506   506   506   506   506   506 
1971  13.9  14.0  14.4  14.2  15.5  19.2  20.8  21.2  21.0  18.6  17.5  15.8   506   506   506   506   506   506   506   506   506   506   506   506 
1972  13.5  12.5  13.5  15.2  17.6  19.6  22.9  22.6  21.2  17.1  17.5  14.6   506   506   506   506   506   506   506   506   506   506   506   506 
1973  13.5  13.6  14.0  15.0  15.4  18.6  20.6  22.7  21.1  19.1  17.6  16.3   506   506   506   506   506   506   506   506   506   506   506   506 
1974  13.9  14.2  13.5  14.1  16.4  18.6  20.0  21.0  20.4  19.4  17.2  16.0   506   506   506   506   506   506   506   506   506   506   506   506 
1975  14.4  12.5  14.6  15.2  17.1  19.0  21.6  22.0  21.3  18.8  17.1  15.2   506   506   506   506   506   506   506   506   506   506   506   506 
1976  14.6  13.5  14.2  14.2  16.2  19.3  21.2  20.8  19.8  18.0  17.0  13.9   506   506   506   506   506   506   506   506   506   506   506   506 
1977  14.2  13.3  13.6  14.8  17.9  18.9  21.6  22.9  21.3  18.5  16.6  13.1   506   506   506   506   506   506   506   506   506   506   506   506 
1978  13.7  13.4  14.1  14.9  16.5  17.5  20.6  22.8  23.0  19.2  17.6  14.3   506   506   506   506   506   506   506   506   506   506   506   506 
1979  13.0  13.8  13.6  15.3  17.0  18.8  21.2  23.1  22.4  19.0  18.1  15.8   506   506   506   506   506   506   506   506   506   506   506   506 
1980  15.0  14.3  14.6  15.0  17.2  19.6  21.9  23.3  21.1  22.2  16.8  16.2   506   506   506   506   506   506   506   506   506   506   506   506 
1981  15.3  14.3  14.5  14.8  15.9  18.3  20.9  22.6  21.3  18.7  17.2  16.0   506   506   506   506   506   506   506   506   506   506   506   506 
1982  15.0  13.5  14.6  14.2  16.9  17.4  20.1  21.9  20.6  19.0  15.6  15.4   506   506   506   506   506   506   506   506   506   506   506   506 
1983  14.1  14.3  14.2  14.9  16.1  17.6  20.4  22.2  21.8  18.9  15.7  15.0   506   506   506   506   506   506   506   506   506   506   506   506 
1984  14.6  14.1  14.0  15.2  16.6  19.3  20.5  22.4  21.8  20.4  16.1  14.8   506   506   506   506   506   506   506   506   506   506   506   506 
1985  14.3  12.3  14.3  13.9  16.5  18.4  20.9  22.8  21.9  18.8  15.6  13.9   506   506   506   506   506   506   506   506   506   506   506   506 
1986  14.2  13.5  14.0  14.0  16.7  18.1  22.7  22.9  20.0  19.5  17.0  15.7   506   506   506   506   506   506   506   506   506   506   506   506 
1987  14.8  14.7  14.6  14.0  15.4  19.1  21.7  22.4  21.3  17.5  16.9  14.6   506   506   506   506   506   506   506   506   506   506   506   506 
1988  13.2  13.2  14.8  15.7  16.4  19.1  22.2  23.2  22.6  19.2  15.9  16.5   506   506   506   506   506   506   506   506   506   506   506   506 
1989  14.6  15.1  14.0  15.0  16.4  19.2  22.2  23.3  21.2  19.1  16.0  14.0   506   506   506   506   506   506   506   506   506   506   506   506 
1990  13.9  13.6  14.3  14.6  16.3  19.4  22.5  21.6  21.5  18.6  17.0  14.8   506   506   506   506   506   506   506   506   506   506   506   506 
1991  13.8  13.6  13.8  15.4  17.2  20.8  22.8  23.6  22.2  19.7  17.8  16.4   506   506   506   506   506   506   506   506   506   506   506   506 
1992  15.2  14.5  15.9  17.2  16.5  18.9  21.5  23.2  21.6  19.6  18.2  16.0   506   506   506   506   506   506   506   506   506   506   506   506 
1993  15.2  15.0  14.0  15.2  15.5  18.7  22.0  22.8  21.6  18.1  16.2  15.5   506   506   506   506   506   506   506   506   506   506   506   506 
1994  14.9  13.4  15.5  16.0  16.1  18.8  21.0  21.7  23.2  20.6  14.8  16.1   506   506   506   506   506   506   506   506   506   506   506   506 
1995  15.6  15.0  15.8  16.2  18.5  19.6  21.5  22.5  21.6  18.7  15.4  15.4   506   506   506   506   506   506   506   506   506   506   506   506 
1996  12.4  13.3  13.6  14.7  15.2  18.4  21.2  23.4 -99.0 -99.0 -99.0 -99.0   506   506   506   506   506   506   506   506   -99   -99   -99   -99 
1997 -99.0 -99.0 -99.0 -99.0 -99.0 -99.0 -99.0 -99.0 -99.0 -99.0 -99.0 -99.0   -99   -99   -99   -99   -99   -99   -99   -99   -99   -99   -99   -99 
1998 -99.0 -99.0 -99.0 -99.0 -99.0 -99.0 -99.0 -99.0 -99.0 -99.0 -99.0 -99.0   -99   -99   -99   -99   -99   -99   -99   -99   -99   -99   -99   -99 
1999 -99.0 -99.0 -99.0 -99.0 -99.0 -99.0 -99.0 -99.0 -99.0 -99.0 -99.0 -99.0   -99   -99   -99   -99   -99   -99   -99   -99   -99   -99   -99   -99 
2000 -99.0 -99.0 -99.0 -99.0 -99.0 -99.0 -99.0 -99.0 -99.0 -99.0 -99.0 -99.0   -99   -99   -99   -99   -99   -99   -99   -99   -99   -99   -99   -99 
2001 -99.0 -99.0 -99.0  15.2 -99.0 -99.0 -99.0 -99.0 -99.0 -99.0 -99.0 -99.0   -99   -99   -99   506   -99   -99   -99   -99   -99   -99   -99   -99 
2002  14.5  14.3  13.2  15.2  17.1  18.6  21.7  22.7  20.2  17.6  16.9  15.0   506   506   506   506   506   506   506   506   506   506   506   506 
2003  15.0  13.8  13.6  13.6  16.9  18.8  21.5  22.3  21.7  18.5  16.5  16.4   506   506   506   506   506   506   506   506   506   506   506   506 
2004  16.3  14.3  14.6  15.2  17.2 -99.0 -99.0 -99.0  22.4  19.2  17.6  15.9   506   506   506   506   506   -99   -99   -99   506   506   506   506 
2005  15.3  14.6  14.9  16.0  16.3  18.6  21.0  22.8  22.1  18.8  16.4  15.8   506   506   506   506   506   506   506   506   506   506   506   506 
2006  14.5  14.7  15.0  15.2  17.1  18.4  21.4  22.7  21.7  18.5  16.7  15.2   506   506   506   506   506   506   506   506   506   506   506   506 
2007  14.8  15.0  14.6  15.5  17.6  18.1  21.3  22.3  21.8  19.8  17.8  16.0   506   506   506   506   506   506   506   506   506   506   506   506 
2008  15.5 -99.0 -99.0 -99.0 -99.0 -99.0 -99.0 -99.0 -99.0 -99.0 -99.0 -99.0   506   -99   -99   -99   -99   -99   -99   -99   -99   -99   -99   -99 
2009 -99.0 -99.0 -99.0 -99.0 -99.0 -99.0 -99.0 -99.0 -99.0 -99.0 -99.0 -99.0   -99   -99   -99   -99   -99   -99   -99   -99   -99   -99   -99   -99 
2010 -99.0 -99.0 -99.0 -99.0 -99.0 -99.0 -99.0 -99.0 -99.0 -99.0 -99.0 -99.0   -99   -99   -99   -99   -99   -99   -99   -99   -99   -99   -99   -99 
2011 -99.0 -99.0 -99.0 -99.0 -99.0 -99.0 -99.0 -99.0 -99.0 -99.0 -99.0 -99.0   -99   -99   -99   -99   -99   -99   -99   -99   -99   -99   -99   -99 
2012 -99.0 -99.0 -99.0 -99.0 -99.0 -99.0 -99.0 -99.0 -99.0 -99.0 -99.0 -99.0   -99   -99   -99   -99   -99   -99   -99   -99   -99   -99   -99   -99 
