Number= 066460
Name= BEZNAU
Country= SWITZERLAND
Lat=   47.6
Long=   -8.2
Height= 325
Start year= 2001
End year= 2012
First Good year= 2001
Source ID= 98
Source file= Jones
Jones data to= 2012
Normals source start year= 2001
Normals source end year= 1990
Normals= -99.0 -99.0 -99.0 -99.0 -99.0 -99.0 -99.0 -99.0 -99.0 -99.0 -99.0 -99.0 
Standard deviations source= Data
Standard deviations source start year= 2001
Standard deviations source end year= 1990
Obs:
2001 -99.0 -99.0 -99.0 -99.0 -99.0 -99.0 -99.0 -99.0 -99.0 -99.0 -99.0 -99.0   -99   -99   -99   -99   -99   -99   -99   -99   -99   -99   -99   -99 
2002 -99.0 -99.0 -99.0 -99.0 -99.0 -99.0 -99.0 -99.0 -99.0 -99.0 -99.0 -99.0   -99   -99   -99   -99   -99   -99   -99   -99   -99   -99   -99   -99 
2003 -99.0 -99.0 -99.0 -99.0 -99.0 -99.0 -99.0 -99.0 -99.0 -99.0 -99.0 -99.0   -99   -99   -99   -99   -99   -99   -99   -99   -99   -99   -99   -99 
2004 -99.0 -99.0 -99.0 -99.0 -99.0 -99.0 -99.0 -99.0 -99.0 -99.0 -99.0 -99.0   -99   -99   -99   -99   -99   -99   -99   -99   -99   -99   -99   -99 
2005 -99.0 -99.0 -99.0 -99.0 -99.0 -99.0 -99.0 -99.0 -99.0 -99.0 -99.0 -99.0   -99   -99   -99   -99   -99   -99   -99   -99   -99   -99   -99   -99 
2006 -99.0 -99.0 -99.0 -99.0 -99.0 -99.0 -99.0 -99.0 -99.0 -99.0 -99.0 -99.0   -99   -99   -99   -99   -99   -99   -99   -99   -99   -99   -99   -99 
2007 -99.0 -99.0 -99.0 -99.0 -99.0 -99.0 -99.0 -99.0 -99.0 -99.0 -99.0 -99.0   -99   -99   -99   -99   -99   -99   -99   -99   -99   -99   -99   -99 
2008 -99.0 -99.0 -99.0 -99.0 -99.0  18.1  19.4  18.3  13.1  10.3   4.8   1.3   -99   -99   -99   -99   -99   506   506   506   506   506   506   506 
2009  -1.3   1.2   5.2  12.0  15.8  17.4  19.0  20.2  16.2  10.1   7.0   1.7   506   506   506   506   506   506   506   506   506   506   506   506 
2010  -0.9   1.3   4.9  10.6  12.6  17.8  20.9  17.9  13.8   9.3   5.9  -0.6   506   506   506   506   506   506   506   506   506   506   506   506 
2011   1.5   2.7   6.7  12.6  15.9  17.9  17.4  19.7  16.7   9.9   5.2   4.4   506   506   506   506   506   506   506   506   506   506   506   506 
2012   3.2  -2.4   7.6   9.4  14.7  18.1  18.6  20.1  14.7  10.0   6.5   2.3   506   506   506   506   506   506   506   506   506   506   506   506 
