Number= 066640
Name= ZURICH / AFFOLTERN
Country= SWITZERLAND
Lat=   47.4
Long=   -8.5
Height= 444
Start year= 1991
End year= 2012
First Good year= 1991
Source ID= 98
Source file= Jones
Jones data to= 2012
Normals source start year= 1991
Normals source end year= 1990
Normals= -99.0 -99.0 -99.0 -99.0 -99.0 -99.0 -99.0 -99.0 -99.0 -99.0 -99.0 -99.0 
Standard deviations source= Data
Standard deviations source start year= 1991
Standard deviations source end year= 1990
Obs:
1991   1.3  -2.0   6.7   7.6  10.0  14.9  19.8  19.6  16.1   8.4   4.0  -0.3   506   506   506   506   506   506   506   506   506   506   506   506 
1992  -1.0   1.4   5.7   8.3  14.7  16.0  19.0  20.4  14.1   7.8   6.5   0.5   506   506   506   506   506   506   506   506   506   506   506   506 
1993   2.9  -0.5   4.0  10.4  14.5  17.0  16.9  17.5  13.1   8.0   1.2   3.9   506   506   506   506   506   506   506   506   506   506   506   506 
1994   2.5   1.9   9.0   7.5  13.3  17.0  21.5  19.3  13.9   9.1   8.0   3.7   506   506   506   506   506   506   506   506   506   506   506   506 
1995  -0.2   5.2   3.7   9.1  13.0  14.9  20.9  17.8  12.1  12.6   3.7   0.2   506   506   506   506   506   506   506   506   506   506   506   506 
1996  -0.4  -1.0   3.1   9.3  12.6  17.4  17.4  17.0  11.0   9.4   4.6  -0.6   506   506   506   506   506   506   506   506   506   506   506   506 
1997  -1.9   4.0   7.3   7.7  13.6  16.2  17.4  19.7  15.0   9.1   4.5   2.6   506   506   506   506   506   506   506   506   506   506   506   506 
1998   1.7   2.8   5.6   8.8  14.8  17.5  18.8  18.6  13.9  10.3   2.2   0.7   506   506   506   506   506   506   506   506   506   506   506   506 
1999   1.2  -0.9   5.9   9.0  15.1  15.3  18.8  18.0  16.4   9.1   1.9   1.9   506   506   506   506   506   506   506   506   506   506   506   506 
2000   0.2   3.8   6.0   9.9  15.1  17.9  16.1  18.8  14.6  10.3   5.6   3.5   506   506   506   506   506   506   506   506   506   506   506   506 
2001   1.3   3.0   7.0   7.2  15.6  15.3  18.9  19.2  11.8  12.8   3.0   0.2   506   506   506   506   506   506   506   506   506   506   506   506 
2002   0.4   5.5   6.8   8.9  13.1  19.2  18.4  17.8  13.1   9.8   6.7   4.2   506   506   506   506   506   506   506   506   506   506   506   506 
2003   0.5  -2.0   7.2   9.5  15.1  22.5  20.1  22.3  14.1   6.4   4.9   1.0   506   506   506   506   506   506   506   506   506   506   506   506 
2004   1.3   1.9   4.4   9.7  12.1  16.6  18.1  18.8  15.3  11.6   4.6   1.2   506   506   506   506   506   506   506   506   506   506   506   506 
2005   0.6  -0.6   5.5   9.6  14.0  18.5  18.7  17.0  15.8  11.0   3.9   0.3   506   506   506   506   506   506   506   506   506   506   506   506 
2006  -1.6   0.4   3.8   9.3  13.9  18.2  22.8  15.6  17.5  13.1   6.9   3.0   506   506   506   506   506   506   506   506   506   506   506   506 
2007   4.9   4.8   5.6  13.5  15.2  18.0  18.2  17.6  13.1   9.3   2.9   1.0   506   506   506   506   506   506   506   506   506   506   506   506 
2008   2.7   3.4   4.9   8.2  15.5  17.6  18.6  17.7  12.5   9.9   4.0   0.7   506   506   506   506   506   506   506   506   506   506   506   506 
2009  -1.9   0.3   4.5  11.8  15.4  16.9  18.6  19.7  15.3   9.4   6.6   1.1   506   506   506   506   506   506   506   506   506   506   506   506 
2010  -1.6   0.8   4.7  10.1  12.0  17.2  20.2  17.4  13.1   8.7   5.4  -0.8   506   506   506   506   506   506   506   506   506   506   506   506 
2011   1.3   2.4   6.4  12.3  15.3  17.2  16.9  19.3  16.3   9.2   4.6   3.9   506   506   506   506   506   506   506   506   506   506   506   506 
2012   2.4  -3.4   7.5   9.2  14.4  17.7  18.1  19.6  14.2   9.5   6.0   2.0   506   506   506   506   506   506   506   506   506   506   506   506 
