Number= 066950
Name= ANDERMATT
Country= SWITZERLAND
Lat=   46.6
Long=   -8.6
Height= 1442
Start year= 1966
End year= 2017
First Good year= 1966
Source ID= 73
Source file= Jones
Jones data to= 2017
Normals source= Data
Normals source start year= 1966
Normals source end year= 1990
Normals=  -4.8  -3.7  -1.3   1.7   6.6   9.6  12.0  11.6   9.0   5.4  -0.8  -4.1 
Standard deviations source= Data
Standard deviations source start year= 1966
Standard deviations source end year= 1990
Standard deviations=   2.1   2.4   2.0   1.5   1.4   1.1   1.3   1.1   1.4   1.9   1.6   1.8 
Obs:
1966  -8.1   0.3  -3.3   3.3   6.5  11.0  10.4  10.1  10.0   7.7  -3.1  -4.9   506   506   506   506   506   506   506   506   506   506   506   506 
1967  -6.4  -3.4  -0.7   0.3   5.8   8.7  13.6  11.6   8.2   6.9   1.6  -7.2   506   506   506   506   506   506   506   506   506   506   506   506 
1968  -6.7  -3.0  -1.5   3.0   5.9  10.2  11.4  10.0   7.9   6.2  -0.4  -4.8   506   506   506   506   506   506   506   506   506   506   506   506 
1969  -4.3  -6.8  -0.7   1.8   7.8   8.1  12.7  10.8   9.8   6.2  -0.5  -8.5   506   506   506   506   506   506   506   506   506   506   506   506 
1970  -4.0  -4.8  -4.0  -0.8   4.6  11.4  11.8  11.8   9.7   3.4   1.0  -5.7   506   506   506   506   506   506   506   506   506   506   506   506 
1971  -5.1  -5.8  -5.2   4.4   8.3   8.6  13.1  13.6   7.8   5.1  -2.1  -3.6   506   506   506   506   506   506   506   506   506   506   506   506 
1972  -3.9   0.0   1.6   1.6   6.1   8.4  11.1  10.5   5.6   3.6  -0.5  -2.1   506   506   506   506   506   506   506   506   506   506   506   506 
1973  -3.2  -6.4  -3.4  -1.3   7.5  10.6  11.1  13.5   9.7   4.1  -0.8  -4.5   506   506   506   506   506   506   506   506   506   506   506   506 
1974  -1.5  -1.5   0.6   2.5   5.7   8.7  11.2  12.9   8.6  -1.0  -0.9  -2.9   506   506   506   506   506   506   506   506   506   506   506   506 
1975  -2.3  -4.2  -1.9   1.0   6.0   8.6  12.0  11.9  11.4   3.4  -1.0  -5.6   506   506   506   506   506   506   506   506   506   506   506   506 
1976  -4.4  -2.0  -2.1   2.0   7.7  11.6  12.5   9.9   7.3   6.7  -1.7  -5.2   506   506   506   506   506   506   506   506   506   506   506   506 
1977  -3.1  -1.5   1.7   1.1   6.7   9.9  11.4  10.6   7.1   7.0  -0.6  -3.1   506   506   506   506   506   506   506   506   506   506   506   506 
1978  -4.3  -4.0  -0.1   1.5   5.3   8.7  11.1  10.5   8.1   4.2  -0.8  -1.6   506   506   506   506   506   506   506   506   506   506   506   506 
1979  -5.9  -2.3  -0.3   0.2   6.9  10.6  11.1  10.0   8.6   6.7  -2.6  -2.1   506   506   506   506   506   506   506   506   506   506   506   506 
1980  -5.0  -2.4  -0.8  -0.6   5.4   8.5  10.0  12.6   9.7   3.0  -0.7  -6.9   506   506   506   506   506   506   506   506   506   506   506   506 
1981  -8.0  -7.6   1.2   4.2   6.5  10.1  10.3  11.9   9.4   4.4  -2.4  -4.5   506   506   506   506   506   506   506   506   506   506   506   506 
1982  -2.7  -4.1  -1.7   1.3   7.0  11.0  13.8  11.7  10.9   4.8   1.1  -3.0   506   506   506   506   506   506   506   506   506   506   506   506 
1983  -3.6  -6.6  -0.8   3.1   5.1  11.0  15.9  12.4  10.1   5.5   0.3  -3.8   506   506   506   506   506   506   506   506   506   506   506   506 
1984  -4.1  -6.6  -3.9   0.6   4.3   9.4  11.8  10.9   7.2   5.6   3.5  -2.7   506   506   506   506   506   506   506   506   506   506   506   506 
1985  -9.0  -3.6  -2.2   1.9   6.6   7.6  13.4  11.5   9.9   6.3  -4.3  -1.6   506   506   506   506   506   506   506   506   506   506   506   506 
1986  -4.3  -8.1  -0.2   0.7   8.8  10.0  11.3  11.9   9.8   6.3   0.6  -4.1   506   506   506   506   506   506   506   506   506   506   506   506 
1987  -8.4  -3.5  -4.7   2.5   4.1   8.7  12.4  11.6  11.6   7.3   0.6  -2.1   506   506   506   506   506   506   506   506   506   506   506   506 
1988  -0.8  -3.8  -2.5   3.8   8.6   9.4  12.5  12.5   9.0   7.2  -2.5  -3.6   506   506   506   506   506   506   506   506   506   506   506   506 
1989  -4.9  -1.8   1.8   1.9   8.2   9.1  12.5  12.2   9.2   6.0  -1.4  -2.4   506   506   506   506   506   506   506   506   506   506   506   506 
1990  -5.1   1.0   0.9   2.1   9.2   9.4  12.0  12.8   8.0   7.5  -1.5  -6.7   506   506   506   506   506   506   506   506   506   506   506   506 
1991  -4.5  -6.3   2.7   1.6   3.7   9.2  13.5  13.1  10.2   4.5  -0.7  -5.5   506   506   506   506   506   506   506   506   506   506   506   506 
1992  -5.6  -3.5   0.1   2.0   9.2   9.5  13.3  14.5   9.3   3.7   1.8  -3.6   506   506   506   506   506   506   506   506   506   506   506   506 
1993  -2.8  -4.4  -0.9   3.8   9.3  11.6  11.2  12.9   8.5   4.4  -1.5  -1.9   506   506   506   506   506   506   506   506   506   506   506   506 
1994  -3.5  -3.2   3.4   2.2   8.5  11.2  15.1  14.1  10.0   5.6   3.7  -1.8   506   506   506   506   506   506   506   506   506   506   506   506 
1995  -5.8  -0.7  -2.1   3.0   7.6   8.8  15.3  11.9   7.3   8.4  -0.8  -2.8   506   506   506   506   506   506   506   506   506   506   506   506 
1996  -1.6  -5.4  -2.0   4.3   6.8  11.5  11.7  11.8   6.5   5.1   0.5  -2.0   506   506   506   506   506   506   506   506   506   506   506   506 
1997  -1.4  -1.6   1.7   2.1   8.2  10.8  11.0  13.7  11.1   5.8   1.0  -2.6   506   506   506   506   506   506   506   506   506   506   506   506 
1998  -4.1  -1.9  -0.4   2.8   8.5  11.6  13.0  13.2   9.0   5.1  -3.7  -3.8   506   506   506   506   506   506   506   506   506   506   506   506 
1999  -3.4  -6.0  -0.2   2.5   9.1   9.6  13.1  13.1  12.0   5.9  -1.8  -4.2   506   506   506   506   506   506   506   506   506   506   506   506 
2000  -7.0  -2.1   0.1   4.1   9.7  12.4  10.6  13.7  10.0   6.0   0.2  -0.3   506   506   506   506   506   506   506   506   506   506   506   506 
2001  -2.5  -2.1   2.4   1.7   9.7   9.3  12.7  13.9   6.6   9.0  -1.5  -6.9   506   506   506   506   506   506   506   506   506   506   506   506 
2002  -6.4  -0.2   1.3   3.7   7.3  14.1  13.5  12.9   8.9   6.3   2.5  -1.4   506   506   506   506   506   506   506   506   506   506   506   506 
2003  -5.6  -7.6   0.8   3.8   9.6  16.2  13.8  16.2   9.6   2.8   1.7  -2.2   506   506   506   506   506   506   506   506   506   506   506   506 
2004  -5.0  -4.2  -1.2   3.5   6.4  11.0  12.9  13.6  10.1   8.1  -0.6  -3.9   506   506   506   506   506   506   506   506   506   506   506   506 
2005  -7.2  -8.0  -1.1   4.1   8.5  12.5  13.2  10.9  10.4   7.1  -0.4  -7.4   506   506   506   506   506   506   506   506   506   506   506   506 
2006  -6.7  -5.6  -2.5   3.6   8.4  12.2  16.2   9.7  12.7   8.7   2.4  -3.6   506   506   506   506   506   506   506   506   506   506   506   506 
2007  -1.6  -0.8   0.6   8.3   9.0  11.8  12.8  12.1   8.0   4.8  -2.1  -5.3   506   506   506   506   506   506   506   506   506   506   506   506 
2008  -2.5  -2.2  -1.1   3.1   9.8  12.1  12.6  12.9   7.9   6.0   0.1  -3.4   506   506   506   506   506   506   506   506   506   506   506   506 
2009  -6.7  -3.9  -1.4   5.1  10.5  11.2  13.5  14.7  10.4   4.5   2.4  -4.6   506   506   506   506   506   506   506   506   506   506   506   506 
2010  -7.5  -4.2  -1.6   4.5   6.5  11.1  14.5  12.0   8.1   4.4  -0.1  -5.6   506   506   506   506   506   506   506   506   506   506   506   506 
2011  -4.4  -2.5   1.2   6.7   9.7  11.3  11.3  14.2  11.1   4.6   1.7  -2.3   506   506   506   506   506   506   506   506   506   506   506   506 
2012  -4.5  -9.5   1.0   3.3   8.5  12.6  12.9  14.5   9.4   5.8   1.2  -3.6   506   506   506   506   506   506   506   506   506   506   506   506 
2013  -4.9  -6.5  -0.9   4.2   6.3  10.6  14.9  13.1   9.7   7.6  -1.6  -4.9   506   506   506   506   506   506   506   506   506   506   506   506 
2014  -1.6  -1.5  -0.5   4.6   6.6  11.3  12.2  10.8   9.7   6.8   3.3  -1.6   506   506   506   506   506   506   506   506   506   506   506   506 
2015  -3.5  -6.1  -0.2   3.1   7.7  12.1  15.4  14.0   7.6   5.1   0.8  -2.5   506   506   506   506   506   506   506   506   506   506   506   506 
2016  -3.9  -1.4  -2.6   3.7   6.8  10.8  13.2  12.6  10.7   4.0   0.5  -3.3   506   506   506   506   506   506   506   506   506   506   506   506 
2017  -7.1  -1.1   1.6 -99.0 -99.0 -99.0 -99.0 -99.0 -99.0 -99.0 -99.0 -99.0   506   506   506   -99   -99   -99   -99   -99   -99   -99   -99   -99 
