Number= 066990
Name= LA DOLE
Country= SWITZERLAND
Lat=   46.4
Long=   -6.1
Height= 1670
Start year= 1991
End year= 2012
First Good year= 1991
Source ID= 98
Source file= Jones
Jones data to= 2012
Normals source start year= 1991
Normals source end year= 1990
Normals= -99.0 -99.0 -99.0 -99.0 -99.0 -99.0 -99.0 -99.0 -99.0 -99.0 -99.0 -99.0 
Standard deviations source= Data
Standard deviations source start year= 1991
Standard deviations source end year= 1990
Obs:
1991  -1.8  -4.3   1.3   0.0   2.7   7.2  12.9  14.0  10.6   3.6  -0.2  -2.0   506   506   506   506   506   506   506   506   506   506   506   506 
1992  -1.2  -1.9  -0.7   1.3   7.7   7.8  11.8  13.8   8.5   1.7   2.9  -0.4   506   506   506   506   506   506   506   506   506   506   506   506 
1993  -0.3  -2.1  -1.0   2.7   6.8   9.7   9.7  12.2   6.5   3.3  -0.6  -2.3   506   506   506   506   506   506   506   506   506   506   506   506 
1994  -2.7  -2.8   1.7  -0.6   6.3   9.7  14.7  13.1   7.3   5.6   4.6  -0.4   506   506   506   506   506   506   506   506   506   506   506   506 
1995  -4.4  -0.9  -3.1   1.6   5.8   7.4  13.8  11.3   5.3   8.8   0.3  -1.7   506   506   506   506   506   506   506   506   506   506   506   506 
1996   0.8  -5.6  -2.2   2.5   5.4  10.1  10.5  10.0   5.4   4.6  -0.7  -1.0   506   506   506   506   506   506   506   506   506   506   506   506 
1997  -0.6   0.1   2.0   1.9   6.7   8.4  10.4  13.9  11.4   5.6   1.9  -1.9   506   506   506   506   506   506   506   506   506   506   506   506 
1998  -1.7   1.9  -0.6   0.3   7.6   9.8  11.6  12.4   7.5   3.3  -3.2  -2.0   506   506   506   506   506   506   506   506   506   506   506   506 
1999  -1.7  -5.2  -0.3   0.8   8.3   8.1  12.0  11.5  10.3   5.9  -1.4  -3.1   506   506   506   506   506   506   506   506   506   506   506   506 
2000  -3.3  -1.2  -0.9   2.3   7.9  11.1   9.0  13.1   9.5   4.6  -0.2   0.2   506   506   506   506   506   506   506   506   506   506   506   506 
2001  -2.3  -2.2   1.0  -0.7   8.3   8.8  11.6  12.9   4.9   8.9  -0.7  -5.0   506   506   506   506   506   506   506   506   506   506   506   506 
2002  -1.0  -1.2   0.7   2.4   5.0  12.3  10.9  10.6   7.1   5.2   1.0  -0.2   506   506   506   506   506   506   506   506   506   506   506   506 
2003  -4.8  -4.8   1.6   2.7   7.4  15.7  13.3  17.0   9.0   2.7   3.1  -1.2   506   506   506   506   506   506   506   506   506   506   506   506 
2004  -3.7  -2.3  -1.7   1.4   5.0   9.8  11.2  11.6   9.2   6.5  -0.4  -0.8   506   506   506   506   506   506   506   506   506   506   506   506 
2005  -3.2  -7.4  -0.8   1.9   6.9  11.7  11.6  10.0   9.2   7.9  -0.3  -4.9   506   506   506   506   506   506   506   506   506   506   506   506 
2006  -3.0  -4.2  -2.5   1.9   5.9  11.7  16.1   8.2  12.3   8.6   3.2   0.8   506   506   506   506   506   506   506   506   506   506   506   506 
2007  -1.0   0.1  -0.6   8.0   7.3   9.6  10.4  10.6   7.1   4.9  -1.4  -2.0   506   506   506   506   506   506   506   506   506   506   506   506 
2008   0.0  -0.3  -3.4   0.4   7.8   9.8  11.3  11.1   6.7   4.9  -0.5  -3.2   506   506   506   506   506   506   506   506   506   506   506   506 
2009  -3.8  -4.5  -2.2   3.8   8.9   9.3  11.7  13.8   9.8   5.2   2.3  -3.8   506   506   506   506   506   506   506   506   506   506   506   506 
2010  -5.8  -5.1  -2.5   3.1   4.0   9.6  13.6  10.4   7.3   4.6  -1.0  -4.7   506   506   506   506   506   506   506   506   506   506   506   506 
2011  -3.0  -0.1   0.8   6.4   8.6   9.3   9.2  13.0  11.1   6.0   5.1  -1.9   506   506   506   506   506   506   506   506   506   506   506   506 
2012  -2.8  -7.1   2.9   1.1   7.1  10.6  10.9  13.6   8.8   6.1   1.9  -3.2   506   506   506   506   506   506   506   506   506   506   506   506 
